nan nan nan nan nan nan nan nan nan nan nan nan nan nan nan nan nan nan nan nan nan nan nan nan nan nan nan nan nan nan nan nan nan nan nan nan nan nan nan nan nan nan nan nan nan nan nan nan nan nan -7.23902 nan nan nan nan nan nan nan nan nan nan nan nan nan nan nan nan nan nan nan nan nan nan nan nan nan nan nan nan nan nan nan nan nan nan nan nan nan nan nan nan nan nan nan nan nan nan nan nan nan nan 
nan nan nan nan nan nan nan nan nan nan nan nan nan nan nan nan nan nan nan nan nan nan nan nan nan nan nan nan nan nan nan nan nan nan nan nan nan nan nan nan nan -7.40819 -7.39719 -7.38204 -7.36489 -7.34651 -7.3272 -7.30712 -7.28632 -7.2648 -7.24238 -7.22174 -7.20043 -7.17883 -7.15719 -7.1358 -7.11502 -7.09542 -7.07811 -7.06572 nan nan nan nan nan nan nan nan nan nan nan nan nan nan nan nan nan nan nan nan nan nan nan nan nan nan nan nan nan nan nan nan nan nan nan nan nan nan nan nan nan 
nan nan nan nan nan nan nan nan nan nan nan nan nan nan nan nan nan nan nan nan nan nan nan nan nan nan nan nan nan nan nan nan nan nan nan nan -7.50957 -7.49924 -7.48449 -7.46695 -7.44668 -7.42247 -7.40462 -7.38729 -7.36935 -7.35064 -7.33117 -7.31102 -7.29022 -7.26886 -7.2471 -7.2256 -7.2039 -7.18202 -7.16012 -7.13837 -7.11703 -7.09635 -7.07646 -7.05664 -7.03158 -7.00869 -6.98791 -6.97013 -6.95779 nan nan nan nan nan nan nan nan nan nan nan nan nan nan nan nan nan nan nan nan nan nan nan nan nan nan nan nan nan nan nan nan nan nan nan nan 
nan nan nan nan nan nan nan nan nan nan nan nan nan nan nan nan nan nan nan nan nan nan nan nan nan nan nan nan nan nan nan nan nan -7.57122 -7.5606 -7.54447 -7.52319 -7.50694 -7.49054 -7.47289 -7.45376 -7.43351 -7.41472 -7.39637 -7.3778 -7.35871 -7.33902 -7.31873 -7.29785 -7.27648 -7.25472 -7.23281 -7.2107 -7.18841 -7.16603 -7.14371 -7.12155 -7.09966 -7.07795 -7.05592 -7.03255 -7.00974 -6.98812 -6.96797 -6.94875 -6.92586 -6.90732 -6.89491 nan nan nan nan nan nan nan nan nan nan nan nan nan nan nan nan nan nan nan nan nan nan nan nan nan nan nan nan nan nan nan nan nan 
nan nan nan nan nan nan nan nan nan nan nan nan nan nan nan nan nan nan nan nan nan nan nan nan nan nan nan nan nan nan nan -7.61674 -7.60474 -7.58514 -7.56936 -7.55282 -7.53494 -7.51799 -7.50104 -7.48349 -7.46514 -7.44625 -7.42753 -7.40885 -7.38992 -7.37055 -7.35064 -7.33016 -7.30913 -7.2876 -7.26564 -7.24336 -7.2208 -7.198 -7.17504 -7.152 -7.12896 -7.10596 -7.08293 -7.05969 -7.03609 -7.01275 -6.99004 -6.96807 -6.94654 -6.92469 -6.90444 -6.88581 -6.86506 -6.8516 nan nan nan nan nan nan nan nan nan nan nan nan nan nan nan nan nan nan nan nan nan nan nan nan nan nan nan nan nan nan nan 
nan nan nan nan nan nan nan nan nan nan nan nan nan nan nan nan nan nan nan nan nan nan nan nan nan nan nan nan nan -7.66469 -7.65243 -7.63203 -7.61555 -7.59841 -7.5821 -7.56571 -7.54893 -7.53221 -7.51533 -7.49803 -7.48021 -7.46194 -7.44345 -7.42471 -7.40561 -7.38605 -7.36594 -7.34527 -7.32402 -7.30224 -7.27997 -7.25728 -7.23423 -7.21085 -7.18722 -7.1634 -7.13945 -7.11539 -7.09123 -7.06693 -7.04252 -7.01826 -6.99436 -6.9709 -6.94784 -6.92509 -6.90315 -6.88201 -6.861 -6.84144 -6.81954 -6.80547 nan nan nan nan nan nan nan nan nan nan nan nan nan nan nan nan nan nan nan nan nan nan nan nan nan nan nan nan nan 
nan nan nan nan nan nan nan nan nan nan nan nan nan nan nan nan nan nan nan nan nan nan nan nan nan nan nan -7.71244 -7.70044 -7.68022 -7.66379 -7.64654 -7.63019 -7.614 -7.59808 -7.58214 -7.56602 -7.54973 -7.53318 -7.51624 -7.49883 -7.48097 -7.4627 -7.44402 -7.42486 -7.40517 -7.38489 -7.364 -7.3425 -7.32042 -7.29778 -7.27463 -7.25102 -7.22701 -7.20265 -7.178 -7.15311 -7.12802 -7.10276 -7.07736 -7.0519 -7.02652 -7.00135 -6.97648 -6.95196 -6.92782 -6.90424 -6.88124 -6.85869 -6.83678 -6.81494 -6.79468 -6.77206 -6.75763 nan nan nan nan nan nan nan nan nan nan nan nan nan nan nan nan nan nan nan nan nan nan nan nan nan nan nan 
nan nan nan nan nan nan nan nan nan nan nan nan nan nan nan nan nan nan nan nan nan nan nan nan nan -7.75859 -7.74717 -7.72773 -7.71187 -7.6951 -7.67914 -7.66331 -7.6478 -7.63246 -7.61721 -7.60188 -7.58637 -7.57061 -7.55451 -7.53798 -7.52097 -7.50345 -7.48541 -7.46683 -7.44767 -7.42789 -7.40746 -7.38636 -7.36458 -7.34214 -7.31908 -7.29542 -7.27122 -7.24652 -7.22137 -7.19584 -7.16997 -7.14383 -7.11745 -7.0909 -7.06426 -7.03763 -7.01112 -6.98481 -6.95879 -6.93313 -6.9079 -6.88316 -6.85891 -6.83519 -6.81194 -6.78941 -6.76706 -6.7465 -6.7237 -6.70935 nan nan nan nan nan nan nan nan nan nan nan nan nan nan nan nan nan nan nan nan nan nan nan nan nan 
nan nan nan nan nan nan nan nan nan nan nan nan nan nan nan nan nan nan nan nan nan nan nan -7.80166 -7.79136 -7.77329 -7.75844 -7.74256 -7.7274 -7.7123 -7.6975 -7.68286 -7.66838 -7.65395 -7.63949 -7.62489 -7.61005 -7.59488 -7.5793 -7.56324 -7.54663 -7.52945 -7.51164 -7.49319 -7.47407 -7.45423 -7.43365 -7.41233 -7.39025 -7.36743 -7.3439 -7.31969 -7.29483 -7.26939 -7.24341 -7.21695 -7.19007 -7.16282 -7.13528 -7.10751 -7.07959 -7.05162 -7.0237 -6.99591 -6.96834 -6.94107 -6.91417 -6.88771 -6.86172 -6.83626 -6.81136 -6.7871 -6.76346 -6.74074 -6.71845 -6.69829 -6.6764 -6.66313 nan nan nan nan nan nan nan nan nan nan nan nan nan nan nan nan nan nan nan nan nan nan nan 
nan nan nan nan nan nan nan nan nan nan nan nan nan nan nan nan nan nan nan nan nan nan -7.82885 -7.81525 -7.80239 -7.78793 -7.77391 -7.75984 -7.74602 -7.73233 -7.7188 -7.70537 -7.69197 -7.67853 -7.66496 -7.65117 -7.63706 -7.62254 -7.60755 -7.59199 -7.57582 -7.55898 -7.54143 -7.52314 -7.50406 -7.48418 -7.46346 -7.4419 -7.41951 -7.39628 -7.37224 -7.34743 -7.32189 -7.29566 -7.26879 -7.24135 -7.2134 -7.18501 -7.15624 -7.12718 -7.09791 -7.06852 -7.03911 -7.00977 -6.98059 -6.95166 -6.92305 -6.89484 -6.8671 -6.83988 -6.81325 -6.78729 -6.76206 -6.7377 -6.71425 -6.6921 -6.67099 -6.65316 -6.63712 nan nan nan nan nan nan nan nan nan nan nan nan nan nan nan nan nan nan nan nan nan nan 
nan nan nan nan nan nan nan nan nan nan nan nan nan nan nan nan nan nan nan nan -7.87401 -7.86399 -7.84572 -7.83129 -7.81824 -7.80529 -7.79259 -7.78002 -7.76761 -7.75531 -7.74309 -7.73089 -7.71863 -7.70625 -7.69364 -7.68073 -7.66741 -7.65362 -7.63925 -7.62425 -7.60854 -7.59207 -7.5748 -7.55667 -7.53766 -7.51774 -7.49689 -7.47509 -7.45236 -7.42869 -7.40412 -7.37867 -7.35238 -7.32531 -7.29751 -7.26904 -7.23997 -7.21037 -7.18032 -7.1499 -7.1192 -7.08832 -7.05736 -7.0264 -6.99555 -6.96489 -6.93453 -6.90453 -6.87498 -6.84596 -6.81755 -6.78984 -6.76291 -6.73689 -6.71187 -6.68805 -6.66551 -6.64461 -6.62435 -6.60202 -6.58888 nan nan nan nan nan nan nan nan nan nan nan nan nan nan nan nan nan nan nan nan 
nan nan nan nan nan nan nan nan nan nan nan nan nan nan nan nan nan nan nan -7.89975 -7.88734 -7.87547 -7.86188 -7.84912 -7.83714 -7.82556 -7.81426 -7.80315 -7.79217 -7.78127 -7.7704 -7.75947 -7.74841 -7.73713 -7.72556 -7.71359 -7.70113 -7.68811 -7.67442 -7.66001 -7.6448 -7.62873 -7.61175 -7.59381 -7.57488 -7.55493 -7.53394 -7.51189 -7.4888 -7.46467 -7.43952 -7.4134 -7.38633 -7.35837 -7.32957 -7.30001 -7.26976 -7.23889 -7.20749 -7.17564 -7.14345 -7.111 -7.07841 -7.04577 -7.01318 -6.98074 -6.94856 -6.91672 -6.88532 -6.85444 -6.82419 -6.79466 -6.76594 -6.73815 -6.71141 -6.68584 -6.66154 -6.6386 -6.61677 -6.59604 -6.57904 -6.56431 nan nan nan nan nan nan nan nan nan nan nan nan nan nan nan nan nan nan nan 
nan nan nan nan nan nan nan nan nan nan nan nan nan nan nan nan nan nan -7.92877 -7.91544 -7.90335 -7.89188 -7.88038 -7.86932 -7.85879 -7.84867 -7.83883 -7.8292 -7.81969 -7.81022 -7.80073 -7.79112 -7.78131 -7.7712 -7.76072 -7.74975 -7.73821 -7.72601 -7.71306 -7.69928 -7.6846 -7.66896 -7.65229 -7.63456 -7.61572 -7.59574 -7.5746 -7.5523 -7.52883 -7.50421 -7.47845 -7.4516 -7.4237 -7.3948 -7.36496 -7.33425 -7.30276 -7.27055 -7.23773 -7.20438 -7.17062 -7.13653 -7.10223 -7.06784 -7.03344 -6.99916 -6.9651 -6.93135 -6.89804 -6.86525 -6.83309 -6.80166 -6.77107 -6.74144 -6.71287 -6.68547 -6.65936 -6.6346 -6.61125 -6.58954 -6.57016 -6.55286 -6.53733 nan nan nan nan nan nan nan nan nan nan nan nan nan nan nan nan nan nan 
nan nan nan nan nan nan nan nan nan nan nan nan nan nan nan nan nan -7.95906 -7.94537 -7.93308 -7.92191 -7.9115 -7.90157 -7.89212 -7.88315 -7.87455 -7.86625 -7.85815 -7.85015 -7.84216 -7.83409 -7.82585 -7.81734 -7.80847 -7.79913 -7.78922 -7.77866 -7.76733 -7.75516 -7.74205 -7.72794 -7.71275 -7.69643 -7.67892 -7.66017 -7.64017 -7.61888 -7.59631 -7.57244 -7.5473 -7.5209 -7.49329 -7.4645 -7.43461 -7.40366 -7.37174 -7.33893 -7.30532 -7.27101 -7.23609 -7.20067 -7.16487 -7.1288 -7.09257 -7.05629 -7.02009 -6.98408 -6.94837 -6.91307 -6.8783 -6.84416 -6.81077 -6.77823 -6.74666 -6.71618 -6.68689 -6.65891 -6.63232 -6.60725 -6.58386 -6.5624 -6.54285 -6.52508 -6.50898 nan nan nan nan nan nan nan nan nan nan nan nan nan nan nan nan nan 
nan nan nan nan nan nan nan nan nan nan nan nan nan nan nan nan -7.98974 -7.97601 -7.96373 -7.95275 -7.94285 -7.9338 -7.92539 -7.91755 -7.91017 -7.90318 -7.89648 -7.88996 -7.88351 -7.87705 -7.87047 -7.86365 -7.8565 -7.84892 -7.84078 -7.832 -7.82246 -7.81206 -7.80071 -7.78833 -7.77482 -7.76011 -7.74415 -7.72688 -7.70824 -7.68821 -7.66677 -7.64391 -7.61962 -7.59392 -7.56685 -7.53842 -7.50871 -7.47776 -7.44564 -7.41245 -7.37826 -7.34317 -7.30728 -7.27071 -7.23357 -7.19597 -7.15804 -7.1199 -7.08167 -7.04348 -7.00545 -6.9677 -6.93035 -6.89352 -6.85733 -6.82189 -6.78733 -6.75376 -6.7213 -6.69004 -6.66012 -6.63162 -6.60467 -6.57939 -6.55591 -6.53424 -6.51434 -6.49616 -6.47963 nan nan nan nan nan nan nan nan nan nan nan nan nan nan nan nan 
nan nan nan nan nan nan nan nan nan nan nan nan nan nan nan -8.02032 -8.00674 -7.99466 -7.98395 -7.97448 -7.96607 -7.95854 -7.95174 -7.94554 -7.93983 -7.93451 -7.92946 -7.92458 -7.91976 -7.91488 -7.90984 -7.90451 -7.89878 -7.89254 -7.88567 -7.87806 -7.86961 -7.86019 -7.84972 -7.83809 -7.82522 -7.81103 -7.79546 -7.77843 -7.75992 -7.73987 -7.71826 -7.69509 -7.67036 -7.64408 -7.61628 -7.587 -7.55629 -7.52423 -7.49088 -7.45634 -7.42069 -7.38404 -7.3465 -7.3082 -7.26924 -7.22977 -7.1899 -7.14976 -7.1095 -7.06924 -7.02911 -6.98925 -6.94977 -6.91082 -6.8725 -6.83496 -6.7983 -6.76265 -6.72813 -6.69484 -6.66291 -6.63243 -6.60351 -6.57625 -6.55074 -6.52701 -6.50506 -6.48486 -6.46636 -6.44952 nan nan nan nan nan nan nan nan nan nan nan nan nan nan nan 
nan nan nan nan nan nan nan nan nan nan nan nan nan nan -8.05042 -8.03716 -8.02541 -8.01509 -8.00608 -7.99827 -7.9915 -7.98564 -7.98053 -7.97604 -7.97206 -7.96847 -7.96515 -7.96198 -7.95884 -7.95561 -7.95217 -7.94839 -7.94414 -7.93931 -7.93377 -7.9274 -7.92009 -7.91171 -7.90216 -7.89133 -7.87914 -7.8655 -7.85034 -7.83358 -7.81519 -7.79512 -7.77334 -7.74985 -7.72464 -7.69774 -7.66917 -7.63899 -7.60724 -7.57399 -7.53934 -7.50336 -7.46618 -7.42789 -7.38862 -7.34849 -7.30763 -7.26619 -7.22429 -7.18208 -7.1397 -7.09729 -7.05499 -7.01293 -6.97125 -6.9301 -6.88959 -6.84986 -6.81104 -6.77325 -6.7366 -6.70121 -6.6672 -6.63467 -6.60372 -6.57444 -6.5469 -6.52114 -6.49718 -6.47501 -6.45461 -6.43595 -6.41895 nan nan nan nan nan nan nan nan nan nan nan nan nan nan 
nan nan nan nan nan nan nan nan nan nan nan nan nan -8.07978 -8.06695 -8.05565 -8.04581 -8.03733 -8.03013 -8.0241 -8.0191 -8.015 -8.01167 -8.00898 -8.00681 -8.00502 -8.0035 -8.00211 -8.00072 -7.9992 -7.99743 -7.99526 -7.99256 -7.98921 -7.98506 -7.98 -7.97388 -7.96659 -7.95801 -7.94804 -7.93657 -7.92351 -7.90878 -7.89231 -7.87405 -7.85396 -7.832 -7.80816 -7.78246 -7.75489 -7.72551 -7.69436 -7.6615 -7.627 -7.59097 -7.55349 -7.51468 -7.47466 -7.43356 -7.39151 -7.34867 -7.30516 -7.26114 -7.21677 -7.17218 -7.12753 -7.08297 -7.03864 -6.99469 -6.95126 -6.90848 -6.8665 -6.82545 -6.78544 -6.74661 -6.70907 -6.67292 -6.63829 -6.60526 -6.57392 -6.54433 -6.51656 -6.49062 -6.46654 -6.44429 -6.42386 -6.40521 -6.38826 nan nan nan nan nan nan nan nan nan nan nan nan nan 
nan nan nan nan nan nan nan nan nan nan nan nan -8.10813 -8.09588 -8.08514 -8.07586 -8.06797 -8.06142 -8.05611 -8.05195 -8.04881 -8.04657 -8.04511 -8.0443 -8.04401 -8.0441 -8.04444 -8.0449 -8.04533 -8.0456 -8.04556 -8.04508 -8.044 -8.04219 -8.03951 -8.03581 -8.03095 -8.02482 -8.01727 -8.0082 -7.99749 -7.98504 -7.97077 -7.95461 -7.93649 -7.91637 -7.89422 -7.87002 -7.84378 -7.81552 -7.78527 -7.75309 -7.71905 -7.68323 -7.64573 -7.60665 -7.56612 -7.52428 -7.48125 -7.43719 -7.39225 -7.34659 -7.30036 -7.25371 -7.20683 -7.15985 -7.11295 -7.06626 -7.01996 -6.97418 -6.92907 -6.88477 -6.84141 -6.79913 -6.75806 -6.7183 -6.67998 -6.6432 -6.60805 -6.57462 -6.54299 -6.51321 -6.48532 -6.45934 -6.43529 -6.41316 -6.39293 -6.37457 -6.35798 nan nan nan nan nan nan nan nan nan nan nan nan 
nan nan nan nan nan nan nan nan nan nan nan -8.13511 -8.12366 -8.11365 -8.10503 -8.09781 -8.09193 -8.08736 -8.084 -8.08178 -8.08059 -8.0803 -8.08079 -8.08193 -8.08359 -8.08563 -8.08791 -8.09029 -8.09261 -8.09474 -8.09652 -8.0978 -8.09841 -8.09822 -8.09707 -8.09481 -8.09128 -8.08636 -8.0799 -8.07178 -8.06188 -8.05008 -8.03631 -8.02047 -8.0025 -7.98235 -7.95999 -7.93541 -7.9086 -7.87959 -7.84842 -7.81515 -7.77985 -7.74262 -7.70356 -7.66279 -7.62045 -7.57668 -7.53162 -7.48544 -7.4383 -7.39037 -7.34182 -7.29281 -7.24353 -7.19414 -7.1448 -7.09568 -7.04694 -6.99873 -6.95121 -6.90453 -6.85881 -6.8142 -6.77083 -6.72881 -6.68826 -6.64929 -6.612 -6.57647 -6.54278 -6.51099 -6.48115 -6.4533 -6.42747 -6.40369 -6.38195 -6.36228 -6.34465 -6.32896 nan nan nan nan nan nan nan nan nan nan nan 
nan nan nan nan nan nan nan nan nan nan -8.15967 -8.14984 -8.14096 -8.1332 -8.12671 -8.12154 -8.11769 -8.11513 -8.11379 -8.11358 -8.11439 -8.11611 -8.11863 -8.1218 -8.12549 -8.12955 -8.13384 -8.13822 -8.14251 -8.14658 -8.15025 -8.15336 -8.15575 -8.15725 -8.15771 -8.15696 -8.15484 -8.15119 -8.14588 -8.13877 -8.12972 -8.11862 -8.10537 -8.08988 -8.07207 -8.05189 -8.02931 -8.00431 -7.9769 -7.94709 -7.91494 -7.8805 -7.84387 -7.80513 -7.76442 -7.72186 -7.67759 -7.63177 -7.58457 -7.53615 -7.4867 -7.43639 -7.38541 -7.33394 -7.28216 -7.23025 -7.17839 -7.12675 -7.0755 -7.02479 -6.97479 -6.92565 -6.87752 -6.83052 -6.7848 -6.74047 -6.69766 -6.65648 -6.61701 -6.57936 -6.54359 -6.50979 -6.47801 -6.4483 -6.42071 -6.39527 -6.37205 -6.35111 -6.33255 -6.31655 -6.30322 nan nan nan nan nan nan nan nan nan nan 
nan nan nan nan nan nan nan nan nan nan -8.17281 -8.16684 -8.16033 -8.15466 -8.15019 -8.14705 -8.14523 -8.14471 -8.14542 -8.14727 -8.15015 -8.15396 -8.15856 -8.16383 -8.16962 -8.17578 -8.18216 -8.18861 -8.19495 -8.20103 -8.20667 -8.2117 -8.21594 -8.21923 -8.22137 -8.22221 -8.22157 -8.21928 -8.21519 -8.20914 -8.201 -8.19064 -8.17795 -8.16282 -8.14519 -8.12498 -8.10217 -8.07672 -8.04866 -8.018 -7.98479 -7.94911 -7.91105 -7.87072 -7.82824 -7.78376 -7.73745 -7.68947 -7.64 -7.58922 -7.53734 -7.48453 -7.43101 -7.37696 -7.32258 -7.26806 -7.21358 -7.15933 -7.10548 -7.0522 -6.99965 -6.948 -6.89738 -6.84795 -6.79983 -6.75316 -6.70805 -6.66462 -6.62296 -6.58316 -6.54532 -6.5095 -6.47578 -6.4442 -6.41484 -6.38775 -6.363 -6.34071 -6.32108 -6.30467 -6.29319 nan nan nan nan nan nan nan nan nan nan 
nan nan nan nan nan nan nan nan nan -8.20791 -8.19514 -8.18757 -8.18205 -8.17804 -8.17547 -8.1743 -8.17452 -8.17606 -8.17885 -8.1828 -8.18781 -8.19375 -8.20051 -8.20794 -8.2159 -8.22423 -8.23278 -8.24137 -8.24985 -8.25802 -8.26572 -8.27275 -8.27894 -8.28409 -8.28801 -8.29052 -8.29144 -8.29059 -8.28779 -8.28288 -8.27571 -8.26614 -8.25404 -8.23931 -8.22186 -8.20162 -8.17855 -8.15264 -8.12388 -8.0923 -8.05797 -8.02095 -7.98136 -7.93932 -7.89496 -7.84844 -7.79996 -7.74968 -7.6978 -7.64453 -7.59008 -7.53466 -7.47847 -7.42173 -7.36463 -7.30739 -7.2502 -7.19325 -7.13672 -7.08079 -7.02563 -6.97141 -6.91826 -6.86634 -6.81579 -6.76674 -6.7193 -6.67359 -6.62971 -6.58777 -6.54783 -6.50999 -6.47432 -6.44088 -6.40973 -6.38095 -6.3546 -6.33077 -6.30958 -6.29108 -6.27492 -6.25805 nan nan nan nan nan nan nan nan nan 
nan nan nan nan nan nan nan nan -8.23392 -8.22396 -8.21541 -8.20939 -8.2054 -8.20312 -8.20242 -8.20322 -8.20547 -8.20909 -8.21399 -8.22009 -8.22727 -8.23541 -8.24439 -8.25405 -8.26424 -8.27482 -8.28561 -8.29643 -8.30712 -8.31748 -8.32732 -8.33645 -8.34466 -8.35177 -8.35756 -8.36185 -8.36442 -8.36508 -8.36365 -8.35995 -8.35382 -8.34509 -8.33363 -8.31932 -8.30207 -8.28181 -8.25847 -8.23205 -8.20254 -8.16998 -8.13444 -8.09599 -8.05476 -8.01088 -7.9645 -7.91582 -7.86501 -7.81228 -7.75786 -7.70196 -7.6448 -7.58661 -7.52763 -7.46807 -7.40815 -7.34809 -7.28809 -7.22835 -7.16906 -7.11041 -7.05257 -6.99571 -6.93998 -6.88553 -6.83251 -6.78104 -6.73125 -6.68325 -6.63714 -6.59303 -6.551 -6.51113 -6.47351 -6.43819 -6.40525 -6.37474 -6.34675 -6.32133 -6.29853 -6.27832 -6.26049 -6.24445 -6.23086 nan nan nan nan nan nan nan nan 
nan nan nan nan nan nan nan nan -8.24719 -8.24179 -8.23631 -8.23234 -8.23015 -8.2297 -8.23091 -8.2337 -8.238 -8.24372 -8.25077 -8.25906 -8.26846 -8.27885 -8.29009 -8.30205 -8.31455 -8.32744 -8.34055 -8.35368 -8.36667 -8.3793 -8.39137 -8.40269 -8.41304 -8.4222 -8.42997 -8.43612 -8.44044 -8.44271 -8.44275 -8.44034 -8.43531 -8.42749 -8.41672 -8.40288 -8.38585 -8.36555 -8.34193 -8.31496 -8.28465 -8.25103 -8.21418 -8.1742 -8.1312 -8.08534 -8.03681 -7.98579 -7.93251 -7.87718 -7.82004 -7.76135 -7.70133 -7.64024 -7.57832 -7.51582 -7.45295 -7.38995 -7.32704 -7.26442 -7.2023 -7.14085 -7.08027 -7.02072 -6.96237 -6.90535 -6.84983 -6.79592 -6.74375 -6.69345 -6.6451 -6.59882 -6.55469 -6.51279 -6.47321 -6.43601 -6.40127 -6.36903 -6.33938 -6.31235 -6.288 -6.26635 -6.24744 -6.2316 -6.22057 nan nan nan nan nan nan nan nan 
nan nan nan nan nan nan nan -8.28014 -8.26908 -8.2629 -8.25884 -8.25664 -8.25627 -8.25769 -8.26084 -8.26564 -8.27201 -8.27986 -8.2891 -8.29961 -8.31127 -8.32396 -8.33753 -8.35184 -8.36672 -8.382 -8.39749 -8.41302 -8.42839 -8.44338 -8.45779 -8.4714 -8.48398 -8.49531 -8.50515 -8.51328 -8.51945 -8.52345 -8.52504 -8.52402 -8.52018 -8.51334 -8.50332 -8.48998 -8.47319 -8.45286 -8.42894 -8.40139 -8.37021 -8.33545 -8.29719 -8.25554 -8.21064 -8.16266 -8.1118 -8.05828 -8.00234 -7.94423 -7.88421 -7.82255 -7.75951 -7.69536 -7.63036 -7.56477 -7.49883 -7.43279 -7.36686 -7.30127 -7.23623 -7.17193 -7.10854 -7.04626 -6.98523 -6.92562 -6.86757 -6.8112 -6.75665 -6.70402 -6.65343 -6.60498 -6.55875 -6.51483 -6.4733 -6.43423 -6.39768 -6.36371 -6.33239 -6.30376 -6.27787 -6.25476 -6.23449 -6.21713 -6.20249 -6.18779 nan nan nan nan nan nan nan 
nan nan nan nan nan nan nan -8.29449 -8.28925 -8.28504 -8.28266 -8.28221 -8.28366 -8.28698 -8.29209 -8.29893 -8.30739 -8.3174 -8.32885 -8.34162 -8.35559 -8.37063 -8.38659 -8.40331 -8.42062 -8.43836 -8.45633 -8.47434 -8.49218 -8.50963 -8.52647 -8.54248 -8.5574 -8.57101 -8.58305 -8.59327 -8.60141 -8.60724 -8.61051 -8.61098 -8.60842 -8.60264 -8.59343 -8.58064 -8.56412 -8.54378 -8.51953 -8.49134 -8.45923 -8.42324 -8.38345 -8.34 -8.29303 -8.24276 -8.18939 -8.13318 -8.07439 -8.0133 -7.95021 -7.88539 -7.81915 -7.75178 -7.68354 -7.61472 -7.54558 -7.47637 -7.40733 -7.33869 -7.27065 -7.20341 -7.13717 -7.07211 -7.00838 -6.94614 -6.88554 -6.8267 -6.76975 -6.71481 -6.66198 -6.61136 -6.56305 -6.51712 -6.47364 -6.4327 -6.39436 -6.35867 -6.32568 -6.29546 -6.26804 -6.24346 -6.22179 -6.20311 -6.18764 -6.17638 nan nan nan nan nan nan nan 
nan nan nan nan nan nan -8.32843 -8.3173 -8.31154 -8.3085 -8.30768 -8.30895 -8.31223 -8.31746 -8.32456 -8.33345 -8.34404 -8.35624 -8.36993 -8.385 -8.40132 -8.41875 -8.43714 -8.45633 -8.47615 -8.49642 -8.51694 -8.5375 -8.55791 -8.57791 -8.5973 -8.61581 -8.6332 -8.64921 -8.66356 -8.67601 -8.68626 -8.69405 -8.69911 -8.70119 -8.70002 -8.69539 -8.68708 -8.67489 -8.65868 -8.63832 -8.61373 -8.58487 -8.55175 -8.51442 -8.47297 -8.42755 -8.37835 -8.32558 -8.26949 -8.21037 -8.14852 -8.08424 -8.01786 -7.94969 -7.88005 -7.80927 -7.73763 -7.66543 -7.59296 -7.52047 -7.44821 -7.37641 -7.3053 -7.23508 -7.16594 -7.09806 -7.03159 -6.96671 -6.90354 -6.84223 -6.78289 -6.72564 -6.67058 -6.61781 -6.56742 -6.51949 -6.4741 -6.43131 -6.39119 -6.35379 -6.31916 -6.28735 -6.2584 -6.23235 -6.20922 -6.18905 -6.17177 -6.15693 -6.14165 nan nan nan nan nan nan 
nan nan nan nan nan nan -8.34285 -8.33786 -8.33425 -8.33286 -8.33371 -8.33674 -8.34187 -8.34903 -8.35813 -8.3691 -8.38184 -8.39624 -8.41221 -8.42961 -8.44831 -8.46818 -8.48906 -8.51078 -8.53316 -8.55603 -8.57918 -8.60239 -8.62545 -8.64812 -8.67015 -8.69129 -8.71126 -8.7298 -8.74662 -8.76142 -8.77392 -8.78382 -8.79082 -8.79463 -8.79498 -8.79161 -8.78428 -8.77277 -8.75691 -8.73655 -8.7116 -8.68201 -8.64779 -8.609 -8.56574 -8.51819 -8.46654 -8.41106 -8.35202 -8.28975 -8.22459 -8.15687 -8.08696 -8.01522 -7.94198 -7.86759 -7.79238 -7.71665 -7.64071 -7.56481 -7.48923 -7.41421 -7.33996 -7.26669 -7.1946 -7.12387 -7.05465 -6.98711 -6.92138 -6.85759 -6.79587 -6.73632 -6.67905 -6.62415 -6.57172 -6.52182 -6.47453 -6.42992 -6.38805 -6.34896 -6.31272 -6.27935 -6.24889 -6.22137 -6.19681 -6.17522 -6.1566 -6.14108 -6.12964 nan nan nan nan nan nan 
nan nan nan nan nan -8.37626 -8.36548 -8.3602 -8.35789 -8.35809 -8.36064 -8.36545 -8.37246 -8.38156 -8.39269 -8.40576 -8.42066 -8.4373 -8.45556 -8.47532 -8.49645 -8.51879 -8.5422 -8.5665 -8.59152 -8.61705 -8.64291 -8.66885 -8.69466 -8.7201 -8.74489 -8.76878 -8.79147 -8.81268 -8.83211 -8.84943 -8.86433 -8.87649 -8.88558 -8.89129 -8.8933 -8.89132 -8.88508 -8.87433 -8.85887 -8.83853 -8.8132 -8.78283 -8.74742 -8.70703 -8.66179 -8.61189 -8.55757 -8.49912 -8.43687 -8.37118 -8.30242 -8.23101 -8.15732 -8.08175 -8.00468 -7.92649 -7.84752 -7.7681 -7.68854 -7.60912 -7.53012 -7.45178 -7.37433 -7.29797 -7.2229 -7.1493 -7.07732 -7.00712 -6.93883 -6.87259 -6.8085 -6.74668 -6.68723 -6.63023 -6.57578 -6.52395 -6.4748 -6.4284 -6.38482 -6.34409 -6.30626 -6.27136 -6.23943 -6.21048 -6.18452 -6.16154 -6.1415 -6.1243 -6.10942 -6.09389 nan nan nan nan nan 
nan nan nan nan nan -8.39034 -8.38574 -8.38273 -8.38216 -8.38405 -8.38835 -8.39499 -8.40388 -8.41496 -8.42813 -8.4433 -8.46039 -8.47928 -8.49986 -8.52201 -8.54559 -8.57045 -8.59643 -8.62337 -8.65107 -8.67934 -8.70797 -8.73674 -8.7654 -8.7937 -8.82138 -8.84814 -8.8737 -8.89774 -8.91993 -8.93994 -8.95742 -8.97202 -8.98338 -8.99115 -8.99498 -8.99454 -8.98951 -8.97962 -8.96463 -8.94435 -8.91863 -8.88742 -8.8507 -8.80857 -8.76115 -8.70867 -8.65141 -8.5897 -8.52392 -8.4545 -8.38185 -8.30642 -8.22867 -8.14901 -8.06787 -7.98566 -7.90273 -7.81945 -7.73614 -7.65309 -7.57058 -7.48885 -7.40814 -7.32865 -7.25058 -7.17409 -7.09935 -7.0265 -6.95567 -6.887 -6.82058 -6.75652 -6.69492 -6.63587 -6.57945 -6.52572 -6.47476 -6.42663 -6.38137 -6.33904 -6.29967 -6.26329 -6.22993 -6.1996 -6.1723 -6.14801 -6.1267 -6.10834 -6.09299 -6.08164 nan nan nan nan nan 
nan nan nan nan -8.4224 -8.41224 -8.40757 -8.40598 -8.40706 -8.41068 -8.41676 -8.42524 -8.43604 -8.4491 -8.46432 -8.48161 -8.50089 -8.52205 -8.54497 -8.56953 -8.59559 -8.62299 -8.65159 -8.68121 -8.71165 -8.74272 -8.77421 -8.80588 -8.83749 -8.86877 -8.89945 -8.92923 -8.9578 -8.98482 -9.00995 -9.03284 -9.05309 -9.07033 -9.08416 -9.09419 -9.10003 -9.1013 -9.09765 -9.08874 -9.07431 -9.05411 -9.028 -8.99587 -8.95774 -8.91368 -8.86385 -8.80852 -8.74801 -8.68271 -8.61306 -8.53954 -8.46264 -8.38288 -8.30073 -8.2167 -8.13123 -8.04476 -7.95768 -7.87038 -7.78317 -7.69637 -7.61026 -7.52509 -7.44108 -7.35843 -7.27735 -7.19798 -7.12049 -7.04501 -6.97168 -6.9006 -6.8319 -6.76565 -6.70196 -6.6409 -6.58256 -6.527 -6.47428 -6.42446 -6.37759 -6.33371 -6.29285 -6.25505 -6.22032 -6.18867 -6.16009 -6.13457 -6.11207 -6.09251 -6.07575 -6.06124 -6.04595 nan nan nan nan 
nan nan nan nan -8.43586 -8.4318 -8.42949 -8.42971 -8.43252 -8.43789 -8.44578 -8.45611 -8.46883 -8.48387 -8.50114 -8.52057 -8.54205 -8.56548 -8.59075 -8.61774 -8.64629 -8.67627 -8.70752 -8.73986 -8.77309 -8.80703 -8.84144 -8.8761 -8.91075 -8.94513 -8.97894 -9.01187 -9.04361 -9.07379 -9.10205 -9.128 -9.15124 -9.17135 -9.18788 -9.2004 -9.20847 -9.21166 -9.20956 -9.20179 -9.18801 -9.16796 -9.14145 -9.10835 -9.06865 -9.02246 -8.96997 -8.91146 -8.84734 -8.77805 -8.70412 -8.6261 -8.54456 -8.46007 -8.3732 -8.28447 -8.19439 -8.10342 -8.01199 -7.92049 -7.82926 -7.73861 -7.64882 -7.56015 -7.47281 -7.387 -7.3029 -7.22068 -7.14047 -7.0624 -6.98661 -6.91319 -6.84224 -6.77387 -6.70814 -6.64515 -6.58495 -6.52762 -6.47321 -6.42177 -6.37335 -6.32798 -6.28571 -6.24654 -6.21051 -6.17761 -6.14784 -6.12117 -6.09758 -6.07701 -6.05939 -6.04475 -6.03394 nan nan nan nan 
nan nan nan -8.4657 -8.4566 -8.4528 -8.45204 -8.45396 -8.4585 -8.46564 -8.47532 -8.48751 -8.50215 -8.51917 -8.53849 -8.56004 -8.58372 -8.60943 -8.63706 -8.66648 -8.69755 -8.73012 -8.76405 -8.79914 -8.83522 -8.87207 -8.90948 -8.94721 -8.985 -9.02258 -9.05965 -9.09588 -9.13095 -9.16447 -9.19606 -9.22531 -9.25177 -9.27498 -9.29447 -9.30974 -9.3203 -9.32565 -9.32532 -9.31887 -9.3059 -9.28607 -9.25916 -9.22501 -9.1836 -9.13505 -9.07957 -9.01752 -8.94935 -8.87563 -8.79694 -8.71395 -8.62731 -8.53768 -8.44568 -8.35192 -8.25693 -8.16122 -8.06523 -7.96937 -7.87399 -7.7794 -7.68588 -7.59367 -7.50299 -7.41402 -7.32694 -7.24189 -7.159 -7.07841 -7.00021 -6.92452 -6.85141 -6.78097 -6.71329 -6.64843 -6.58646 -6.52743 -6.4714 -6.41841 -6.36852 -6.32174 -6.27812 -6.23767 -6.20041 -6.16634 -6.13545 -6.10773 -6.08315 -6.06167 -6.0432 -6.02761 -6.01435 -6.00043 nan nan nan 
nan nan nan -8.47811 -8.47524 -8.47395 -8.47504 -8.4787 -8.48497 -8.49385 -8.50532 -8.51935 -8.53589 -8.55488 -8.57624 -8.59991 -8.62578 -8.65376 -8.68374 -8.71559 -8.74919 -8.78438 -8.821 -8.85888 -8.89784 -8.93766 -8.97813 -9.01901 -9.06003 -9.10092 -9.14137 -9.18106 -9.21962 -9.25668 -9.29182 -9.32459 -9.35453 -9.38113 -9.40387 -9.42219 -9.43554 -9.44334 -9.44505 -9.44014 -9.42814 -9.40865 -9.38136 -9.34609 -9.30279 -9.2516 -9.19277 -9.12672 -9.05401 -8.97529 -8.8913 -8.80279 -8.71053 -8.61528 -8.51775 -8.41858 -8.31837 -8.21767 -8.11692 -8.01655 -7.91691 -7.81831 -7.72102 -7.62527 -7.53125 -7.43916 -7.34913 -7.26131 -7.17582 -7.09277 -7.01225 -6.93436 -6.85917 -6.78677 -6.71722 -6.65058 -6.58691 -6.52628 -6.46871 -6.41427 -6.36298 -6.31488 -6.26999 -6.22833 -6.18992 -6.15476 -6.12284 -6.09416 -6.06869 -6.04641 -6.02728 -6.0113 -5.99857 -5.9898 nan nan nan 
nan nan nan -8.49665 -8.49548 -8.49588 -8.49862 -8.50392 -8.51186 -8.52246 -8.53569 -8.55154 -8.56996 -8.59089 -8.61428 -8.64004 -8.66809 -8.69833 -8.73065 -8.76493 -8.80105 -8.83885 -8.87819 -8.91888 -8.96075 -9.00358 -9.04717 -9.09126 -9.13561 -9.17992 -9.22388 -9.26717 -9.30941 -9.3502 -9.38911 -9.42567 -9.45937 -9.48967 -9.51598 -9.5377 -9.55418 -9.56478 -9.56885 -9.56578 -9.55497 -9.53595 -9.50833 -9.47186 -9.42648 -9.37231 -9.30969 -9.23911 -9.16124 -9.0769 -8.98694 -8.89228 -8.79381 -8.69241 -8.58887 -8.48391 -8.37817 -8.27222 -8.16653 -8.06151 -7.95753 -7.85487 -7.7538 -7.65451 -7.55721 -7.46204 -7.36914 -7.27864 -7.19063 -7.10521 -7.02247 -6.94248 -6.86532 -6.79105 -6.71973 -6.65141 -6.58616 -6.52401 -6.46501 -6.4092 -6.35661 -6.30727 -6.2612 -6.21843 -6.17895 -6.14279 -6.10993 -6.08037 -6.05409 -6.03109 -6.01134 -5.99491 -5.98203 -5.97367 nan nan nan 
nan nan -8.52858 -8.51954 -8.51734 -8.51863 -8.52275 -8.52959 -8.53914 -8.55139 -8.56634 -8.58397 -8.60424 -8.62709 -8.65247 -8.6803 -8.7105 -8.74297 -8.77762 -8.81433 -8.85296 -8.89338 -8.93543 -8.97895 -9.02375 -9.06963 -9.11638 -9.16376 -9.2115 -9.25933 -9.30693 -9.35397 -9.40005 -9.44479 -9.48771 -9.52833 -9.56609 -9.60043 -9.63069 -9.65619 -9.67622 -9.69003 -9.69686 -9.69596 -9.68665 -9.66829 -9.64041 -9.60267 -9.55498 -9.49746 -9.4305 -9.35473 -9.27098 -9.18022 -9.08352 -8.98197 -8.87663 -8.76848 -8.65844 -8.54728 -8.43569 -8.32424 -8.21344 -8.10368 -7.9953 -7.88857 -7.78373 -7.68097 -7.58045 -7.48229 -7.38662 -7.29354 -7.20313 -7.11546 -7.03062 -6.94866 -6.86964 -6.79362 -6.72065 -6.65077 -6.58404 -6.52049 -6.46016 -6.40308 -6.34929 -6.29881 -6.25166 -6.20786 -6.16742 -6.13034 -6.09662 -6.06626 -6.03925 -6.01558 -5.99522 -5.97814 -5.96415 -5.95239 -5.93877 nan nan 
nan nan -8.54093 -8.53876 -8.53887 -8.5417 -8.54728 -8.55561 -8.56671 -8.58057 -8.5972 -8.61656 -8.63863 -8.66336 -8.69069 -8.72056 -8.75288 -8.78756 -8.82451 -8.86361 -8.90474 -8.94776 -8.99252 -9.03887 -9.08661 -9.13557 -9.18552 -9.23623 -9.28745 -9.33889 -9.39025 -9.44117 -9.49129 -9.54017 -9.58735 -9.63231 -9.67448 -9.71322 -9.74784 -9.77758 -9.80163 -9.81913 -9.8292 -9.83093 -9.82348 -9.80606 -9.77804 -9.73898 -9.68871 -9.62737 -9.55542 -9.47365 -9.38309 -9.28497 -9.1806 -9.0713 -8.95832 -8.84278 -8.7257 -8.60793 -8.49018 -8.37304 -8.25699 -8.14242 -8.02963 -7.91887 -7.81034 -7.70419 -7.60055 -7.49953 -7.40122 -7.3057 -7.21302 -7.12325 -7.03645 -6.95265 -6.87192 -6.79428 -6.71979 -6.64848 -6.5804 -6.51556 -6.45402 -6.39579 -6.34091 -6.28939 -6.24126 -6.19653 -6.15521 -6.11731 -6.08282 -6.05175 -6.02408 -5.99981 -5.97893 -5.96141 -5.94719 -5.93614 -5.92844 nan nan 
nan nan -8.55871 -8.55891 -8.56083 -8.56515 -8.57215 -8.58191 -8.5945 -8.60991 -8.62815 -8.6492 -8.67303 -8.69959 -8.72883 -8.76069 -8.79509 -8.83194 -8.87115 -8.91261 -8.95621 -9.00181 -9.04926 -9.09843 -9.14912 -9.20116 -9.25434 -9.30843 -9.36318 -9.41831 -9.47353 -9.52848 -9.58279 -9.63603 -9.68772 -9.73732 -9.78424 -9.82779 -9.86723 -9.90171 -9.93034 -9.95212 -9.96601 -9.97093 -9.96583 -9.94971 -9.92174 -9.88133 -9.82819 -9.76245 -9.6847 -9.59591 -9.49742 -9.39078 -9.27763 -9.15956 -9.03806 -8.91443 -8.78977 -8.66498 -8.5408 -8.4178 -8.29643 -8.17704 -8.05989 -7.94518 -7.83307 -7.72367 -7.61708 -7.51336 -7.41258 -7.31479 -7.22002 -7.12832 -7.03971 -6.95425 -6.87195 -6.79286 -6.71699 -6.64439 -6.57509 -6.50911 -6.44647 -6.38722 -6.33136 -6.27892 -6.22992 -6.18436 -6.14226 -6.10363 -6.06846 -6.03675 -6.0085 -5.98371 -5.96238 -5.94454 -5.93025 -5.91974 -5.9137 nan nan 
nan nan -8.57948 -8.58053 -8.58354 -8.58906 -8.59732 -8.60842 -8.62242 -8.63932 -8.65912 -8.6818 -8.70733 -8.73567 -8.76676 -8.80056 -8.83699 -8.87596 -8.91738 -8.96117 -9.00719 -9.05533 -9.10545 -9.15741 -9.21104 -9.26616 -9.32257 -9.38006 -9.43839 -9.49729 -9.55645 -9.61556 -9.67422 -9.73201 -9.78846 -9.84301 -9.89504 -9.94384 -9.98859 -10.0284 -10.0622 -10.089 -10.1074 -10.1162 -10.1141 -10.0998 -10.0722 -10.0304 -9.97409 -9.90327 -9.81867 -9.72156 -9.6137 -9.49709 -9.37381 -9.2458 -9.11483 -8.98235 -8.84955 -8.71739 -8.58656 -8.4576 -8.33092 -8.20678 -8.08539 -7.9669 -7.85139 -7.73895 -7.6296 -7.5234 -7.42035 -7.32049 -7.22383 -7.13039 -7.04018 -6.95323 -6.86955 -6.78916 -6.71208 -6.63835 -6.56797 -6.50098 -6.4374 -6.37724 -6.32054 -6.26729 -6.21753 -6.17126 -6.12848 -6.08922 -6.05345 -6.0212 -5.99244 -5.96719 -5.94544 -5.92724 -5.91269 -5.90209 -5.89616 nan nan 
nan nan -8.60238 -8.60334 -8.60689 -8.61332 -8.6227 -8.63505 -8.65039 -8.66871 -8.69 -8.71424 -8.74141 -8.77147 -8.80436 -8.84004 -8.87843 -8.91946 -8.96305 -9.0091 -9.0575 -9.10813 -9.16088 -9.21559 -9.27213 -9.33031 -9.38995 -9.45085 -9.51278 -9.57548 -9.63867 -9.70203 -9.76518 -9.82773 -9.88917 -9.94897 -10.0065 -10.061 -10.1116 -10.1574 -10.1971 -10.2297 -10.2535 -10.2671 -10.2688 -10.257 -10.2302 -10.1872 -10.1273 -10.0505 -9.95772 -9.85061 -9.73153 -9.60313 -9.46808 -9.32878 -9.18726 -9.04518 -8.90376 -8.76393 -8.62634 -8.49144 -8.35954 -8.23083 -8.10542 -7.98338 -7.86474 -7.7495 -7.63767 -7.52924 -7.42418 -7.3225 -7.22419 -7.12923 -7.03763 -6.94939 -6.86452 -6.78302 -6.70491 -6.63021 -6.55893 -6.49108 -6.42669 -6.36577 -6.30835 -6.25443 -6.20402 -6.15715 -6.11381 -6.07401 -6.03775 -6.00503 -5.97584 -5.95018 -5.92803 -5.90941 -5.89434 -5.88297 -5.87588 nan nan 
nan -8.63652 -8.62743 -8.62672 -8.63048 -8.63772 -8.64816 -8.66169 -8.67831 -8.69798 -8.7207 -8.74644 -8.77518 -8.80688 -8.84151 -8.87899 -8.91929 -8.96231 -9.00799 -9.05624 -9.10695 -9.16002 -9.21533 -9.27275 -9.33214 -9.39335 -9.45619 -9.52048 -9.58601 -9.65254 -9.71981 -9.7875 -9.85526 -9.92271 -9.98937 -10.0547 -10.1181 -10.1787 -10.2358 -10.2882 -10.3347 -10.374 -10.4043 -10.4238 -10.4304 -10.4222 -10.3969 -10.3529 -10.289 -10.2052 -10.1024 -9.98299 -9.85025 -9.70776 -9.55896 -9.40681 -9.25366 -9.10125 -8.95081 -8.80317 -8.65886 -8.51819 -8.38132 -8.24834 -8.11923 -7.99398 -7.87254 -7.75486 -7.64086 -7.53051 -7.42374 -7.32052 -7.22082 -7.1246 -7.03184 -6.94254 -6.85669 -6.77429 -6.69534 -6.61985 -6.54783 -6.47929 -6.41425 -6.35271 -6.29471 -6.24024 -6.18932 -6.14196 -6.09816 -6.05794 -6.02128 -5.98819 -5.95865 -5.93265 -5.91017 -5.89115 -5.87545 -5.86272 -5.85168 -5.83739 nan 
nan -8.64891 -8.64726 -8.64875 -8.65372 -8.66203 -8.67355 -8.68824 -8.70608 -8.72704 -8.75111 -8.77828 -8.80852 -8.8418 -8.87808 -8.9173 -8.95941 -9.00436 -9.05205 -9.10242 -9.15536 -9.21079 -9.2686 -9.32866 -9.39084 -9.45501 -9.521 -9.58865 -9.65776 -9.72811 -9.79946 -9.87153 -9.94399 -10.0165 -10.0885 -10.1597 -10.2292 -10.2965 -10.3606 -10.4203 -10.4746 -10.5216 -10.5596 -10.5864 -10.5995 -10.5962 -10.5735 -10.529 -10.4609 -10.3685 -10.2533 -10.1185 -9.96879 -9.80924 -9.64434 -9.47765 -9.31178 -9.14848 -8.98883 -8.83347 -8.68269 -8.53661 -8.39521 -8.2584 -8.12606 -7.99806 -7.87426 -7.75453 -7.63876 -7.52685 -7.41872 -7.31428 -7.21348 -7.11628 -7.02264 -6.93252 -6.84593 -6.76283 -6.68324 -6.60715 -6.53457 -6.46551 -6.39998 -6.33798 -6.27954 -6.22466 -6.17336 -6.12563 -6.0815 -6.04095 -6.004 -5.97064 -5.94085 -5.91461 -5.8919 -5.87265 -5.85674 -5.84392 -5.83382 -5.82639 nan 
nan -8.66621 -8.66714 -8.67046 -8.67675 -8.68619 -8.69881 -8.71462 -8.73362 -8.75581 -8.78117 -8.80969 -8.84135 -8.87612 -8.91396 -8.95484 -8.99869 -9.04545 -9.09508 -9.14747 -9.20257 -9.26026 -9.32047 -9.38308 -9.44797 -9.51503 -9.5841 -9.65504 -9.72767 -9.8018 -9.87722 -9.95367 -10.0309 -10.1085 -10.1861 -10.2632 -10.3393 -10.4136 -10.4852 -10.5531 -10.616 -10.672 -10.7193 -10.7551 -10.7766 -10.7801 -10.7617 -10.7178 -10.6451 -10.5424 -10.4112 -10.2565 -10.0853 -9.90495 -9.72119 -9.53825 -9.35879 -9.18434 -9.01565 -8.85297 -8.69629 -8.54543 -8.40013 -8.26014 -8.12517 -7.99498 -7.86935 -7.74807 -7.63099 -7.51795 -7.40883 -7.30353 -7.20197 -7.10409 -7.00984 -6.91918 -6.83208 -6.74853 -6.66851 -6.59203 -6.51908 -6.44967 -6.38382 -6.32152 -6.26279 -6.20764 -6.15608 -6.10812 -6.06376 -6.02302 -5.98588 -5.95234 -5.9224 -5.89603 -5.87322 -5.85391 -5.83805 -5.82557 -5.8165 -5.81125 nan 
nan -8.68582 -8.68782 -8.69235 -8.69976 -8.71025 -8.7239 -8.74077 -8.76087 -8.7842 -8.81077 -8.84056 -8.87355 -8.90973 -8.94905 -8.99148 -9.03697 -9.08547 -9.13692 -9.19125 -9.24838 -9.30825 -9.37075 -9.4358 -9.5033 -9.57314 -9.64519 -9.71932 -9.79538 -9.87322 -9.95264 -10.0334 -10.1154 -10.1981 -10.2813 -10.3646 -10.4474 -10.5291 -10.6089 -10.6856 -10.7581 -10.8245 -10.8826 -10.9296 -10.9619 -10.9749 -10.9636 -10.922 -10.845 -10.7295 -10.5771 -10.3958 -10.1968 -9.99077 -9.78516 -9.58449 -9.39106 -9.20578 -9.02874 -8.85965 -8.69802 -8.54332 -8.39503 -8.25268 -8.11585 -7.98418 -7.85735 -7.7351 -7.61722 -7.50351 -7.39384 -7.28807 -7.18611 -7.08788 -6.99333 -6.90239 -6.81505 -6.73128 -6.65106 -6.57439 -6.50127 -6.4317 -6.3657 -6.30326 -6.24439 -6.18912 -6.13744 -6.08938 -6.04492 -6.00408 -5.96687 -5.93326 -5.90327 -5.87688 -12.1372 -12.118 -12.1023 -12.0902 -12.0817 -12.0773 nan 
nan -8.7066 -8.70917 -8.7145 -8.7228 -8.7342 -8.7488 -8.76664 -8.78775 -8.81215 -8.83984 -8.87081 -8.90505 -8.94254 -8.98324 -9.02713 -9.07416 -9.12428 -9.17745 -9.23359 -9.29265 -9.35456 -9.41924 -9.48661 -9.55659 -9.62908 -9.70397 -9.78117 -9.86055 -9.94197 -10.0253 -10.1103 -10.1969 -10.2847 -10.3736 -10.4631 -10.5528 -10.6421 -10.7304 -10.8166 -10.8996 -10.9776 -11.0484 -11.109 -11.1553 -11.1817 -11.1813 -11.1456 -11.0655 -10.9343 -10.7524 -10.5335 -10.2976 -10.0602 -9.82994 -9.61092 -9.40414 -9.20927 -9.02538 -8.85138 -8.68624 -8.52901 -8.37891 -8.23526 -8.0975 -7.96515 -7.83785 -7.71528 -7.59717 -7.48332 -7.37355 -7.26773 -7.16575 -7.06752 -6.97298 -6.88207 -6.79475 -6.71101 -6.63082 -6.55419 -6.4811 -6.41156 -6.34557 -6.28316 -6.22432 -6.16907 -6.11742 -12.3526 -12.3081 -12.2673 -12.2301 -12.1966 -12.1666 -12.1403 -12.1176 -12.0984 -12.0829 -12.0711 -12.063 -12.0589 nan 
nan -8.72799 -8.73091 -8.73683 -8.74584 -8.75802 -8.77345 -8.79217 -8.81421 -8.83959 -8.86831 -8.90037 -8.93576 -8.97446 -9.01644 -9.06168 -9.11013 -9.16176 -9.21652 -9.27436 -9.33522 -9.39904 -9.46575 -9.5353 -9.60761 -9.68259 -9.76018 -9.84029 -9.92282 -10.0077 -10.0947 -10.1839 -10.2749 -10.3677 -10.4621 -10.5577 -10.6543 -10.7514 -10.8484 -10.9446 -11.0389 -11.1298 -11.2151 -11.292 -11.356 -11.4007 -11.4174 -11.3937 -11.3144 -11.1642 -10.9382 -10.6634 -10.3777 -10.1027 -9.8466 -9.61051 -9.39276 -9.19095 -9.00274 -8.82611 -8.65944 -8.5014 -8.35095 -8.20724 -8.06961 -7.93753 -7.81056 -7.68836 -7.57065 -7.4572 -7.34784 -7.24241 -7.1408 -7.04293 -6.94873 -6.85814 -6.77113 -6.68767 -6.60776 -12.8146 -12.7417 -12.6724 -12.6066 -12.5444 -12.4857 -12.4307 -12.3792 -12.3313 -12.287 -12.2463 -12.2093 -12.1758 -12.146 -12.1199 -12.0973 -12.0783 -12.063 -12.0514 -12.0436 -12.0396 nan 
nan -8.74962 -8.75282 -8.7592 -8.7688 -8.78165 -8.79781 -8.81731 -8.84019 -8.86645 -8.89611 -8.92916 -8.9656 -9.0054 -9.04855 -9.09503 -9.14479 -9.1978 -9.25403 -9.31342 -9.37593 -9.44151 -9.51011 -9.58167 -9.65614 -9.73345 -9.81355 -9.89637 -9.98185 -10.0699 -10.1605 -10.2535 -10.3488 -10.4464 -10.5461 -10.6477 -10.751 -10.8558 -10.9616 -11.0679 -11.1739 -11.2786 -11.38 -11.4757 -11.5616 -11.631 -11.6735 -11.6727 -11.6037 -11.4335 -11.135 -10.7702 -10.4178 -10.1019 -9.8229 -9.57479 -9.35121 -9.14699 -8.95825 -8.78211 -8.61643 -8.45964 -8.31053 -8.16818 -8.03188 -7.90106 -7.77529 -7.65421 -7.53755 -7.42508 -7.31662 -7.21204 -13.3944 -13.2973 -13.2037 -13.1138 -13.0273 -12.9444 -12.865 -12.7891 -12.7167 -12.6478 -12.5824 -12.5206 -12.4622 -12.4075 -12.3563 -12.3087 -12.2647 -12.2243 -12.1875 -12.1543 -12.1247 -12.0987 -12.0764 -12.0577 -12.0426 -12.0311 -12.0234 -12.0195 nan 
nan -8.77123 -8.7747 -8.78149 -8.79159 -8.80502 -8.82182 -8.84201 -8.86563 -8.89268 -8.92318 -8.95712 -8.9945 -9.0353 -9.0795 -9.12709 -9.17803 -9.2323 -9.28985 -9.35065 -9.41466 -9.48185 -9.55216 -9.62556 -9.70199 -9.78143 -9.86383 -9.94914 -10.0373 -10.1284 -10.2222 -10.3188 -10.4181 -10.5202 -10.6248 -10.732 -10.8418 -10.9539 -11.0682 -11.1845 -11.3023 -11.421 -11.5396 -11.6561 -11.7676 -11.8684 -11.9485 -11.9886 -11.9525 -11.7733 -11.338 -10.8148 -10.3817 -10.0329 -9.74359 -9.49475 -9.27422 -9.07431 -8.89009 -8.71824 -8.55652 -8.4033 -8.25739 -8.11791 -7.98418 -14.1389 -14.0152 -13.896 -13.781 -13.6701 -13.5631 -13.4598 -13.3602 -13.2641 -13.1716 -13.0826 -12.997 -12.9149 -12.8363 -12.761 -12.6893 -12.621 -12.5562 -12.4948 -12.437 -12.3827 -12.332 -12.2848 -12.2412 -12.2012 -12.1647 -12.1319 -12.1026 -12.077 -12.0549 -12.0364 -12.0215 -12.0102 -12.0026 -11.9987 nan 
nan -8.79254 -8.7964 -8.80361 -8.81416 -8.82808 -8.84542 -8.86622 -8.89048 -8.91823 -8.94947 -8.98419 -9.0224 -9.06408 -9.10922 -9.1578 -9.20978 -9.26516 -9.32389 -9.38595 -9.4513 -9.51991 -9.59175 -9.66679 -9.74499 -9.82634 -9.91079 -9.99835 -10.089 -10.1827 -10.2795 -10.3793 -10.4823 -10.5883 -10.6975 -10.8099 -10.9255 -11.0444 -11.1667 -11.2924 -11.4214 -11.5538 -11.6893 -11.8273 -11.9666 -12.1043 -12.2342 -12.341 -12.3856 -12.2594 -11.5166 -10.6886 -10.2025 -9.86269 -9.59339 -9.36352 -9.15874 -8.97158 -15.0809 -14.9176 -14.7629 -14.6157 -14.4748 -14.3398 -14.2098 -14.0847 -13.964 -13.8474 -13.7349 -13.6261 -13.521 -13.4194 -13.3214 -13.2268 -13.1356 -13.0478 -12.9634 -12.8824 -12.8047 -12.7304 -12.6595 -12.592 -12.5279 -12.4673 -12.4101 -12.3565 -12.3063 -12.2597 -12.2166 -12.1771 -12.1411 -12.1087 -12.0798 -12.0545 -12.0328 -12.0146 -12 -11.9889 -11.9812 -11.9772 nan 
-8.80982 -8.81317 -8.8179 -8.82552 -8.83644 -8.85077 -8.86857 -8.88987 -8.91469 -8.94304 -8.97491 -9.01032 -9.04925 -9.0917 -9.13764 -9.18707 -9.23997 -9.29631 -9.35607 -9.41922 -9.48573 -9.55559 -9.62876 -9.70523 -9.78498 -9.86799 -9.95425 -10.0438 -10.1365 -10.2326 -10.3319 -10.4346 -10.5408 -10.6504 -10.7636 -10.8805 -11.0013 -11.1262 -11.2555 -11.3895 -11.5285 -11.6732 -11.8241 -11.982 -12.1479 -12.3232 -12.509 -12.7058 -12.9088 -13.0874 nan -16.229 -16.0504 -15.8474 -15.6506 -15.4648 -15.2895 -15.1236 -14.9656 -14.8148 -14.6701 -14.5311 -14.3971 -14.2678 -14.1429 -14.0221 -13.9052 -13.792 -13.6824 -13.5762 -13.4735 -13.3742 -13.2781 -13.1854 -13.0958 -13.0096 -12.9266 -12.8468 -12.7704 -12.6972 -12.6273 -12.5608 -12.4977 -12.4379 -12.3816 -12.3287 -12.2792 -12.2333 -12.1908 -12.1519 -12.1165 -12.0846 -12.0563 -12.0315 -12.0102 -11.9924 -11.978 -11.9671 -11.9595 -11.9548 -11.9514 
nan -8.8356 -8.83966 -8.84727 -8.85839 -8.87303 -8.89121 -8.91294 -8.93823 -8.96707 -8.99949 -9.03547 -9.075 -9.11809 -9.16472 -9.21487 -9.26854 -9.32569 -9.38631 -9.45039 -9.51789 -9.5888 -9.6631 -9.74078 -9.82183 -9.90625 -9.99404 -10.0852 -10.1798 -10.2778 -10.3794 -10.4845 -10.5933 -10.7058 -10.8224 -10.9431 -11.0683 -11.1982 -11.3333 -11.4741 -11.6213 -11.776 -11.9393 -12.1132 -12.3003 -12.5051 -12.735 -13.0043 -13.3441 -13.8302 -14.6582 -15.401 -15.5272 -15.4825 -15.3758 -15.2459 -15.1082 -14.9689 -14.8309 -14.6954 -14.563 -14.434 -14.3083 -14.186 -14.0671 -13.9515 -13.8391 -13.7299 -13.6239 -13.5209 -13.4211 -13.3243 -13.2306 -13.1399 -13.0524 -12.9679 -12.8866 -12.8084 -12.7333 -12.6615 -12.5929 -12.5275 -12.4655 -12.4067 -12.3514 -12.2994 -12.2508 -12.2057 -12.164 -12.1258 -12.0911 -12.0598 -12.0321 -12.0078 -11.987 -11.9697 -11.9557 -11.9452 -11.938 -11.9341 nan 
nan -8.85712 -8.86102 -8.86865 -8.87993 -8.89482 -8.9133 -8.93538 -8.96104 -8.9903 -9.02315 -9.0596 -9.09963 -9.14324 -9.19042 -9.24116 -9.29544 -9.35325 -9.41458 -9.47939 -9.54769 -9.61946 -9.69467 -9.77334 -9.85545 -9.94101 -10.03 -10.1225 -10.2186 -10.3182 -10.4215 -10.5285 -10.6395 -10.7544 -10.8736 -10.9973 -11.1258 -11.2595 -11.399 -11.5449 -11.6981 -11.8598 -12.0317 -12.2159 -12.4158 -12.6363 -12.8852 -13.1745 -13.5233 -13.9564 -14.4796 -14.9149 -15.0941 -15.1301 -15.09 -15.01 -14.9092 -14.7977 -14.6812 -14.5626 -14.4439 -14.3261 -14.2098 -14.0955 -13.9834 -13.8736 -13.7664 -13.6617 -13.5597 -13.4604 -13.3638 -13.27 -13.1789 -13.0907 -13.0054 -12.923 -12.8436 -12.7671 -12.6938 -12.6234 -12.5563 -12.4922 -12.4314 -12.3739 -12.3196 -12.2687 -12.2211 -12.1769 -12.1361 -12.0987 -12.0648 -12.0343 -12.0072 -11.9836 -11.9634 -11.9466 -11.9332 -11.9231 -11.9163 -11.9128 nan 
nan -8.87791 -8.88181 -8.88952 -8.90096 -8.91606 -8.9348 -8.95715 -8.98312 -9.0127 -9.04589 -9.08269 -9.12309 -9.1671 -9.2147 -9.26589 -9.32064 -9.37896 -9.44082 -9.5062 -9.57511 -9.64752 -9.72343 -9.80284 -9.88576 -9.97218 -10.0621 -10.1557 -10.2528 -10.3536 -10.4582 -10.5667 -10.6791 -10.7958 -10.9169 -11.0427 -11.1735 -11.3098 -11.4521 -11.6012 -11.758 -11.9237 -12.0998 -12.2886 -12.4928 -12.7164 -12.9645 -13.2435 -13.5594 -13.9117 -14.2766 -14.5751 -14.7453 -14.8143 -14.8151 -14.7725 -14.7032 -14.6173 -14.5216 -14.4201 -14.3155 -14.2095 -14.1032 -13.9974 -13.8926 -13.7893 -13.6877 -13.588 -13.4904 -13.3951 -13.3021 -13.2115 -13.1234 -13.038 -12.9551 -12.875 -12.7977 -12.7233 -12.6517 -12.5831 -12.5175 -12.455 -12.3956 -12.3394 -12.2864 -12.2366 -12.1901 -12.147 -12.1072 -12.0708 -12.0377 -12.008 -11.9818 -11.9589 -11.9394 -11.9232 -11.9104 -11.9008 -11.8944 -11.8912 nan 
nan -8.898 -8.90197 -8.90982 -8.92144 -8.93674 -8.95569 -8.97826 -9.00445 -9.03426 -9.06768 -9.10473 -9.1454 -9.18968 -9.23757 -9.28906 -9.34414 -9.40279 -9.46501 -9.53079 -9.60011 -9.67296 -9.74935 -9.82927 -9.91272 -9.99973 -10.0903 -10.1845 -10.2824 -10.384 -10.4894 -10.5988 -10.7122 -10.83 -10.9522 -11.0791 -11.2112 -11.3488 -11.4925 -11.643 -11.801 -11.9677 -12.1443 -12.3325 -12.5344 -12.7521 -12.9882 -13.2443 -13.5192 -13.805 -14.0798 -14.3058 -14.456 -14.5353 -14.559 -14.5423 -14.4975 -14.4336 -14.3567 -14.2713 -14.1805 -14.0862 -13.99 -13.893 -13.7959 -13.6993 -13.6037 -13.5093 -13.4165 -13.3254 -13.2363 -13.1493 -13.0644 -12.9819 -12.9018 -12.8242 -12.7492 -12.6769 -12.6073 -12.5406 -12.4768 -12.416 -12.3581 -12.3034 -12.2517 -12.2033 -12.158 -12.116 -12.0774 -12.042 -12.0099 -11.9812 -11.9558 -11.9338 -11.915 -11.8996 -11.8874 -11.8784 -11.8725 -11.8696 nan 
nan -8.9173 -8.92143 -8.92951 -8.94134 -8.95684 -8.97596 -8.99869 -9.02502 -9.05497 -9.08854 -9.12572 -9.16653 -9.21097 -9.25901 -9.31066 -9.36591 -9.42475 -9.48717 -9.55315 -9.62269 -9.69578 -9.77242 -9.8526 -9.93635 -10.0237 -10.1146 -10.2091 -10.3073 -10.4093 -10.5151 -10.6249 -10.7388 -10.8569 -10.9794 -11.1067 -11.2391 -11.3769 -11.5205 -11.6706 -11.8278 -11.993 -12.167 -12.3509 -12.5457 -12.7525 -12.9715 -13.2017 -13.4392 -13.6751 -13.894 -14.0759 -14.2071 -14.2872 -14.3229 -14.3233 -14.2969 -14.2506 -14.19 -14.1192 -14.0412 -13.9582 -13.872 -13.7837 -13.6944 -13.6047 -13.5152 -13.4263 -13.3385 -13.2519 -13.1669 -13.0836 -13.0021 -12.9228 -12.8456 -12.7707 -12.6982 -12.6282 -12.5608 -12.4962 -12.4342 -12.3752 -12.319 -12.2659 -12.2158 -12.1687 -12.1248 -12.0841 -12.0466 -12.0124 -11.9814 -11.9537 -11.9293 -11.9082 -11.8904 -11.8758 -11.8644 -11.8561 -11.8508 -11.8482 nan 
nan -8.93569 -8.94015 -8.94859 -8.96071 -8.97641 -8.99566 -9.01847 -9.04486 -9.07486 -9.10846 -9.14568 -9.18651 -9.23097 -9.27904 -9.33071 -9.38599 -9.44485 -9.50729 -9.5733 -9.64286 -9.71598 -9.79265 -9.87287 -9.95664 -10.044 -10.1349 -10.2295 -10.3277 -10.4297 -10.5354 -10.6451 -10.7588 -10.8767 -10.9989 -11.1258 -11.2574 -11.3943 -11.5366 -11.6849 -11.8396 -12.0012 -12.1703 -12.3474 -12.5327 -12.7261 -12.9268 -13.1324 -13.3384 -13.5374 -13.7187 -13.8711 -13.9866 -14.0636 -14.1052 -14.1165 -14.1035 -14.0712 -14.0242 -13.966 -13.8997 -13.8272 -13.7505 -13.6707 -13.589 -13.5062 -13.4229 -13.3397 -13.2569 -13.175 -13.0942 -13.0148 -12.937 -12.8609 -12.7868 -12.7147 -12.6449 -12.5774 -12.5123 -12.4498 -12.39 -12.3328 -12.2785 -12.2271 -12.1786 -12.1331 -12.0906 -12.0513 -12.0151 -11.9821 -11.9524 -11.9258 -11.9025 -11.8824 -11.8655 -11.8518 -11.8414 -11.8339 -11.8294 -11.8274 nan 
nan -8.95284 -8.95809 -8.96717 -8.97965 -8.99551 -9.01481 -9.03763 -9.06399 -9.09393 -9.12747 -9.16461 -9.20536 -9.24971 -9.29767 -9.34923 -9.40438 -9.46311 -9.52541 -9.59127 -9.66067 -9.73362 -9.8101 -9.89012 -9.97367 -10.0608 -10.1514 -10.2457 -10.3436 -10.4451 -10.5504 -10.6595 -10.7726 -10.8897 -11.0109 -11.1366 -11.2668 -11.4017 -11.5417 -11.687 -11.8379 -11.9946 -12.1572 -12.3259 -12.5004 -12.6798 -12.8628 -13.0465 -13.2269 -13.3981 -13.5528 -13.684 -13.7867 -13.8594 -13.9033 -13.9217 -13.9182 -13.8967 -13.8609 -13.8136 -13.7576 -13.6947 -13.6268 -13.5552 -13.4809 -13.4048 -13.3277 -13.2501 -13.1725 -13.0953 -13.0188 -12.9434 -12.8693 -12.7966 -12.7257 -12.6566 -12.5896 -12.5247 -12.4621 -12.4019 -12.3442 -12.2891 -12.2367 -12.187 -12.1403 -12.0964 -12.0556 -12.0177 -11.9829 -11.9513 -11.9228 -11.8974 -11.8752 -11.8562 -11.8404 -11.8278 -11.8183 -11.8121 -11.8087 -11.8078 nan 
nan -8.96799 -8.97541 -8.98551 -8.99833 -9.01424 -9.0335 -9.05621 -9.08244 -9.11223 -9.14559 -9.18255 -9.22309 -9.26722 -9.31495 -9.36625 -9.42113 -9.47958 -9.54157 -9.60711 -9.67617 -9.74875 -9.82483 -9.90443 -9.98752 -10.0741 -10.1642 -10.2579 -10.3551 -10.4559 -10.5603 -10.6684 -10.7804 -10.8961 -11.0158 -11.1397 -11.2677 -11.4 -11.5368 -11.6782 -11.8243 -11.9751 -12.1304 -12.2901 -12.4534 -12.6192 -12.7859 -12.9508 -13.1104 -13.2601 -13.3949 -13.5101 -13.6025 -13.6706 -13.7151 -13.7378 -13.7411 -13.728 -13.7012 -13.6632 -13.6161 -13.5619 -13.5022 -13.4381 -13.3708 -13.3013 -13.2301 -13.1581 -13.0856 -13.0131 -12.9411 -12.8697 -12.7994 -12.7302 -12.6626 -12.5966 -12.5324 -12.4702 -12.4102 -12.3524 -12.297 -12.244 -12.1936 -12.1459 -12.101 -12.0589 -12.0197 -11.9834 -11.9501 -11.9199 -11.8927 -11.8686 -11.8477 -11.8298 -11.8151 -11.8036 -11.7953 -11.7903 -11.7889 -11.7905 nan 
nan -8.97898 -8.99327 -9.00431 -9.01705 -9.03274 -9.05176 -9.07425 -9.10024 -9.12978 -9.16287 -9.19953 -9.23975 -9.28355 -9.33091 -9.38183 -9.4363 -9.49431 -9.55584 -9.62088 -9.68942 -9.76144 -9.83693 -9.91588 -9.99829 -10.0841 -10.1734 -10.2662 -10.3624 -10.4621 -10.5653 -10.6721 -10.7825 -10.8964 -11.0141 -11.1356 -11.2608 -11.3899 -11.5229 -11.6598 -11.8005 -11.9448 -12.0924 -12.2428 -12.3953 -12.5484 -12.7006 -12.8494 -12.9918 -13.1246 -13.244 -13.3468 -13.4306 -13.4945 -13.5385 -13.5638 -13.572 -13.5654 -13.5459 -13.5156 -13.4763 -13.4298 -13.3774 -13.3203 -13.2597 -13.1963 -13.131 -13.0643 -12.9969 -12.9291 -12.8614 -12.7941 -12.7276 -12.6621 -12.5978 -12.5349 -12.4737 -12.4143 -12.3569 -12.3016 -12.2485 -12.1978 -12.1496 -12.1039 -12.0609 -12.0206 -11.9831 -11.9485 -11.9168 -11.888 -11.8623 -11.8396 -11.8199 -11.8033 -11.7898 -11.7793 -11.7721 -11.7683 -11.769 -11.7781 nan 
nan nan -9.01748 -9.02456 -9.03594 -9.05101 -9.06963 -9.09177 -9.11743 -9.14662 -9.17934 -9.2156 -9.2554 -9.29874 -9.34561 -9.39602 -9.44994 -9.50737 -9.56828 -9.63267 -9.70052 -9.7718 -9.8465 -9.92461 -10.0061 -10.091 -10.1792 -10.2708 -10.3658 -10.4641 -10.5658 -10.6708 -10.7793 -10.8911 -11.0063 -11.125 -11.247 -11.3724 -11.5011 -11.633 -11.7679 -11.9055 -12.0453 -12.1868 -12.3289 -12.4704 -12.6097 -12.7447 -12.8731 -12.9922 -13.0993 -13.1921 -13.2689 -13.3288 -13.3718 -13.3986 -13.4104 -13.4087 -13.3951 -13.3712 -13.3387 -13.2989 -13.2532 -13.2026 -13.1481 -13.0906 -13.0308 -12.9693 -12.9068 -12.8436 -12.7803 -12.7171 -12.6544 -12.5924 -12.5315 -12.4719 -12.4137 -12.3572 -12.3025 -12.2497 -12.1991 -12.1507 -12.1046 -12.0611 -12.02 -11.9816 -11.946 -11.9131 -11.883 -11.8558 -11.8316 -11.8103 -11.792 -11.7766 -11.7643 -11.7549 -11.7485 -11.7449 -11.744 nan nan 
nan nan -9.03775 -9.04368 -9.05428 -9.06883 -9.08703 -9.10878 -9.13403 -9.16279 -9.19505 -9.23081 -9.27008 -9.31285 -9.35912 -9.40889 -9.46213 -9.51884 -9.57899 -9.64258 -9.70957 -9.77994 -9.85368 -9.93075 -10.0111 -10.0948 -10.1818 -10.272 -10.3654 -10.4621 -10.5619 -10.665 -10.7712 -10.8805 -10.993 -11.1085 -11.227 -11.3484 -11.4725 -11.5992 -11.7282 -11.859 -11.9911 -12.1239 -12.2564 -12.3874 -12.5154 -12.6387 -12.7553 -12.8632 -12.9603 -13.0449 -13.1157 -13.172 -13.2138 -13.2414 -13.2557 -13.2578 -13.249 -13.2306 -13.2038 -13.17 -13.1302 -13.0854 -13.0366 -12.9846 -12.9301 -12.8736 -12.8158 -12.7571 -12.698 -12.6389 -12.58 -12.5217 -12.4642 -12.4078 -12.3526 -12.299 -12.247 -12.1969 -12.1488 -12.1028 -12.059 -12.0176 -11.9786 -11.9422 -11.9084 -11.8773 -11.8489 -11.8234 -11.8007 -11.7809 -11.764 -11.75 -11.7389 -11.7306 -11.7251 -11.7221 -11.7211 nan nan 
nan nan -9.05529 -9.06133 -9.07184 -9.08613 -9.10397 -9.1253 -9.15009 -9.17834 -9.21005 -9.24522 -9.28386 -9.32595 -9.37151 -9.42051 -9.47295 -9.52881 -9.58807 -9.6507 -9.71668 -9.78599 -9.85858 -9.93445 -10.0135 -10.0958 -10.1813 -10.2699 -10.3616 -10.4564 -10.5542 -10.655 -10.7587 -10.8653 -10.9747 -11.0868 -11.2015 -11.3186 -11.438 -11.5594 -11.6824 -11.8066 -11.9314 -12.056 -12.1797 -12.3012 -12.4192 -12.5324 -12.639 -12.7375 -12.8263 -12.904 -12.9698 -13.0229 -13.0633 -13.0913 -13.1074 -13.1125 -13.1076 -13.0937 -13.0719 -13.0433 -13.0088 -12.9694 -12.9258 -12.8789 -12.8293 -12.7776 -12.7244 -12.6701 -12.6151 -12.5599 -12.5048 -12.45 -12.3959 -12.3428 -12.2907 -12.24 -12.1909 -12.1434 -12.0978 -12.0542 -12.0127 -11.9735 -11.9367 -11.9023 -11.8704 -11.8412 -11.8146 -11.7908 -11.7697 -11.7515 -11.7361 -11.7235 -11.7137 -11.7067 -11.7024 -11.7005 -11.7003 nan nan 
nan nan -9.07004 -9.07773 -9.08878 -9.10301 -9.12052 -9.1414 -9.16567 -9.19334 -9.22441 -9.2589 -9.29681 -9.33813 -9.38286 -9.43099 -9.4825 -9.53739 -9.59561 -9.65716 -9.72199 -9.79008 -9.86139 -9.93588 -10.0135 -10.0942 -10.178 -10.2648 -10.3546 -10.4473 -10.5428 -10.6411 -10.7421 -10.8458 -10.9519 -11.0605 -11.1712 -11.284 -11.3986 -11.5146 -11.6318 -11.7495 -11.8673 -11.9844 -12.0999 -12.2129 -12.3222 -12.4266 -12.5247 -12.6152 -12.697 -12.769 -12.8303 -12.8806 -12.9196 -12.9477 -12.9651 -12.9725 -12.9708 -12.9607 -12.9432 -12.9192 -12.8894 -12.8548 -12.8161 -12.7739 -12.7289 -12.6818 -12.6329 -12.5828 -12.5318 -12.4805 -12.429 -12.3778 -12.3271 -12.2772 -12.2282 -12.1805 -12.1341 -12.0894 -12.0463 -12.0052 -11.9661 -11.9292 -11.8945 -11.8622 -11.8323 -11.805 -11.7802 -11.7582 -11.7388 -11.7222 -11.7083 -11.6972 -11.6889 -11.6833 -11.6805 -11.6804 -11.6825 nan nan 
nan nan -9.08036 -9.09399 -9.10574 -9.11973 -9.13681 -9.15717 -9.18084 -9.20785 -9.23821 -9.27193 -9.30901 -9.34945 -9.39325 -9.4404 -9.49088 -9.54467 -9.60175 -9.66208 -9.72563 -9.79236 -9.86224 -9.93521 -10.0112 -10.0902 -10.1722 -10.2571 -10.3447 -10.4351 -10.5282 -10.6239 -10.722 -10.8226 -10.9253 -11.0302 -11.1369 -11.2453 -11.355 -11.4658 -11.5773 -11.6889 -11.8 -11.9101 -12.0182 -12.1236 -12.2251 -12.3218 -12.4126 -12.4963 -12.5721 -12.6391 -12.6966 -12.7443 -12.782 -12.8099 -12.8282 -12.8376 -12.8384 -12.8316 -12.8178 -12.7978 -12.7723 -12.742 -12.7077 -12.6699 -12.6293 -12.5864 -12.5416 -12.4956 -12.4485 -12.4009 -12.3531 -12.3053 -12.258 -12.2112 -12.1653 -12.1205 -12.077 -12.035 -11.9946 -11.9559 -11.9192 -11.8846 -11.8521 -11.8219 -11.7941 -11.7687 -11.7458 -11.7256 -11.7079 -11.693 -11.6807 -11.6712 -11.6643 -11.6602 -11.6589 -11.6611 -11.6702 nan nan 
nan nan nan -9.11527 -9.12362 -9.13651 -9.15294 -9.17268 -9.19569 -9.22196 -9.25152 -9.28438 -9.32055 -9.36002 -9.40279 -9.44886 -9.4982 -9.55079 -9.6066 -9.6656 -9.72775 -9.79301 -9.86132 -9.93264 -10.0069 -10.0841 -10.1641 -10.2468 -10.3322 -10.4202 -10.5107 -10.6036 -10.6988 -10.7961 -10.8954 -10.9965 -11.0991 -11.2031 -11.3081 -11.4138 -11.5198 -11.6255 -11.7305 -11.834 -11.9354 -12.0339 -12.1285 -12.2185 -12.3028 -12.3807 -12.4513 -12.5139 -12.5681 -12.6134 -12.6499 -12.6775 -12.6966 -12.7074 -12.7104 -12.7064 -12.6958 -12.6793 -12.6576 -12.6313 -12.601 -12.5673 -12.5307 -12.4918 -12.451 -12.4088 -12.3655 -12.3215 -12.2772 -12.2329 -12.1888 -12.1452 -12.1023 -12.0605 -12.0198 -11.9804 -11.9426 -11.9065 -11.8722 -11.8399 -11.8097 -11.7816 -11.7559 -11.7325 -11.7115 -11.6931 -11.6773 -11.664 -11.6535 -11.6455 -11.6402 -11.6375 -11.6371 -11.6382 nan nan nan 
nan nan nan -9.13139 -9.14016 -9.15289 -9.16887 -9.188 -9.21029 -9.23576 -9.26444 -9.29635 -9.33151 -9.36992 -9.41158 -9.45647 -9.50457 -9.55586 -9.6103 -9.66787 -9.72851 -9.79217 -9.85881 -9.92836 -10.0008 -10.076 -10.1538 -10.2344 -10.3174 -10.4029 -10.4907 -10.5808 -10.6728 -10.7669 -10.8626 -10.9599 -11.0585 -11.1581 -11.2585 -11.3593 -11.46 -11.5602 -11.6593 -11.7569 -11.8521 -11.9444 -12.0329 -12.1169 -12.1956 -12.2683 -12.3344 -12.3932 -12.4444 -12.4877 -12.5229 -12.5502 -12.5697 -12.5817 -12.5866 -12.5849 -12.5771 -12.5638 -12.5455 -12.5227 -12.4961 -12.4662 -12.4334 -12.3983 -12.3612 -12.3227 -12.283 -12.2425 -12.2016 -12.1606 -12.1197 -12.0793 -12.0394 -12.0005 -11.9626 -11.926 -11.8908 -11.8572 -11.8253 -11.7954 -11.7674 -11.7415 -11.7178 -11.6965 -11.6775 -11.6609 -11.6469 -11.6354 -11.6266 -11.6203 -11.6166 -11.6155 -11.6168 -11.6197 nan nan nan 
nan nan nan -9.14202 -9.15594 -9.1692 -9.1848 -9.20326 -9.22475 -9.24932 -9.27704 -9.30793 -9.342 -9.37926 -9.41971 -9.46333 -9.51011 -9.56001 -9.61299 -9.66902 -9.72805 -9.79002 -9.85488 -9.92257 -9.993 -10.0661 -10.1418 -10.22 -10.3006 -10.3835 -10.4685 -10.5556 -10.6446 -10.7353 -10.8275 -10.921 -11.0156 -11.111 -11.2068 -11.3028 -11.3985 -11.4935 -11.5873 -11.6793 -11.7689 -11.8555 -11.9385 -12.0172 -12.0909 -12.1591 -12.2212 -12.2766 -12.3252 -12.3666 -12.4007 -12.4277 -12.4475 -12.4605 -12.4669 -12.4672 -12.4619 -12.4513 -12.4361 -12.4166 -12.3934 -12.3669 -12.3377 -12.3061 -12.2725 -12.2375 -12.2012 -12.1642 -12.1266 -12.0888 -12.0511 -12.0137 -11.9768 -11.9407 -11.9056 -11.8717 -11.8391 -11.8081 -11.7787 -11.751 -11.7253 -11.7016 -11.6801 -11.6608 -11.6437 -11.6291 -11.6169 -11.6072 -11.6001 -11.5956 -11.5936 -11.5944 -11.5982 -11.6073 nan nan nan 
nan nan nan nan -9.17553 -9.18634 -9.20098 -9.2186 -9.23917 -9.26277 -9.28943 -9.3192 -9.3521 -9.38814 -9.4273 -9.46957 -9.51494 -9.56336 -9.6148 -9.66921 -9.72654 -9.78674 -9.84974 -9.91546 -9.98384 -10.0548 -10.1282 -10.204 -10.2821 -10.3623 -10.4445 -10.5286 -10.6144 -10.7017 -10.7904 -10.8802 -10.9709 -11.0621 -11.1536 -11.245 -11.336 -11.4261 -11.5148 -11.6017 -11.6862 -11.7677 -11.8457 -11.9196 -11.9889 -12.0531 -12.1116 -12.1641 -12.2102 -12.2499 -12.283 -12.3096 -12.3296 -12.3434 -12.3512 -12.3533 -12.3501 -12.342 -12.3295 -12.3129 -12.2928 -12.2696 -12.2436 -12.2154 -12.1852 -12.1535 -12.1205 -12.0867 -12.0523 -12.0177 -11.983 -11.9486 -11.9147 -11.8814 -11.8491 -11.8179 -11.7879 -11.7593 -11.7323 -11.7071 -11.6836 -11.6622 -11.6427 -11.6255 -11.6104 -11.5977 -11.5874 -11.5795 -11.5741 -11.5713 -11.5711 -11.5734 -11.5774 nan nan nan nan 
nan nan nan nan -9.18754 -9.20283 -9.21734 -9.2341 -9.25366 -9.27616 -9.30169 -9.33026 -9.36191 -9.39664 -9.43445 -9.4753 -9.51918 -9.56605 -9.61587 -9.66859 -9.72415 -9.7825 -9.84355 -9.90724 -9.97349 -10.0422 -10.1133 -10.1866 -10.2621 -10.3396 -10.4189 -10.5 -10.5827 -10.6667 -10.7519 -10.838 -10.9248 -11.012 -11.0993 -11.1864 -11.2728 -11.3583 -11.4423 -11.5245 -11.6042 -11.6811 -11.7547 -11.8243 -11.8896 -11.9501 -12.0054 -12.0553 -12.0993 -12.1375 -12.1696 -12.1957 -12.2159 -12.2303 -12.2392 -12.2429 -12.2416 -12.2358 -12.2258 -12.2119 -12.1947 -12.1744 -12.1515 -12.1264 -12.0994 -12.0708 -12.041 -12.0104 -11.9791 -11.9475 -11.9158 -11.8843 -11.8532 -11.8228 -11.7932 -11.7646 -11.7372 -11.7111 -11.6866 -11.6636 -11.6425 -11.6232 -11.6059 -11.5907 -11.5776 -11.5668 -11.5584 -11.5523 -11.5487 -11.5476 -11.5492 -11.5538 -11.564 nan nan nan nan 
nan nan nan nan nan -9.22323 -9.23459 -9.24993 -9.26829 -9.2896 -9.31389 -9.34119 -9.37152 -9.40488 -9.44126 -9.48063 -9.52297 -9.56822 -9.61636 -9.66732 -9.72104 -9.77747 -9.83652 -9.89811 -9.96217 -10.0286 -10.0973 -10.1681 -10.2409 -10.3157 -10.3922 -10.4702 -10.5497 -10.6304 -10.7122 -10.7947 -10.8777 -10.961 -11.0443 -11.1272 -11.2095 -11.2906 -11.3703 -11.448 -11.5234 -11.5961 -11.6655 -11.7313 -11.793 -11.8503 -11.9027 -11.9502 -11.9923 -12.029 -12.0602 -12.0859 -12.1062 -12.1212 -12.1311 -12.1361 -12.1366 -12.1327 -12.125 -12.1136 -12.099 -12.0815 -12.0615 -12.0393 -12.0153 -11.9897 -11.963 -11.9353 -11.907 -11.8783 -11.8496 -11.8209 -11.7927 -11.765 -11.738 -11.712 -11.6872 -11.6636 -11.6415 -11.6209 -11.602 -11.5849 -11.5697 -11.5565 -11.5455 -11.5366 -11.5299 -11.5256 -11.5237 -11.5243 -11.5273 -11.5319 nan nan nan nan nan 
nan nan nan nan nan -9.23548 -9.25102 -9.26589 -9.2831 -9.30313 -9.32611 -9.35207 -9.38102 -9.41295 -9.44785 -9.48568 -9.52641 -9.57 -9.61639 -9.66554 -9.71737 -9.77183 -9.82882 -9.88827 -9.95009 -10.0142 -10.0804 -10.1487 -10.2189 -10.2909 -10.3645 -10.4396 -10.5159 -10.5934 -10.6717 -10.7507 -10.8301 -10.9097 -10.9891 -11.0681 -11.1463 -11.2233 -11.2989 -11.3726 -11.444 -11.5128 -11.5785 -11.6407 -11.6992 -11.7535 -11.8034 -11.8486 -11.889 -11.9244 -11.9548 -11.9801 -12.0005 -12.0159 -12.0267 -12.0329 -12.0349 -12.0329 -12.0272 -12.0181 -12.0059 -11.991 -11.9737 -11.9543 -11.9331 -11.9104 -11.8865 -11.8617 -11.8363 -11.8104 -11.7845 -11.7586 -11.7331 -11.7081 -11.6838 -11.6604 -11.638 -11.6169 -11.5972 -11.5789 -11.5623 -11.5473 -11.5343 -11.5232 -11.514 -11.507 -11.5022 -11.4997 -11.4995 -11.5018 -11.5071 -11.5179 nan nan nan nan nan 
nan nan nan nan nan nan -9.27124 -9.28267 -9.2982 -9.31681 -9.33841 -9.36297 -9.39048 -9.42094 -9.45431 -9.49056 -9.52964 -9.57151 -9.61612 -9.66341 -9.71331 -9.76575 -9.82064 -9.87791 -9.93746 -9.99918 -10.063 -10.1287 -10.1962 -10.2655 -10.3362 -10.4083 -10.4815 -10.5558 -10.6308 -10.7064 -10.7823 -10.8582 -10.934 -11.0092 -11.0836 -11.1568 -11.2286 -11.2985 -11.3662 -11.4313 -11.4936 -11.5526 -11.6081 -11.6598 -11.7073 -11.7506 -11.7894 -11.8236 -11.8532 -11.8781 -11.8985 -11.9144 -11.9259 -11.9332 -11.9366 -11.9362 -11.9324 -11.9254 -11.9155 -11.903 -11.8882 -11.8714 -11.8529 -11.8329 -11.8117 -11.7897 -11.767 -11.744 -11.7208 -11.6976 -11.6748 -11.6524 -11.6306 -11.6098 -11.5899 -11.5712 -11.5538 -11.5378 -11.5234 -11.5107 -11.4997 -11.4906 -11.4835 -11.4783 -11.4753 -11.4745 -11.4758 -11.4795 -11.4844 nan nan nan nan nan nan 
nan nan nan nan nan nan -9.28324 -9.29852 -9.31336 -9.33064 -9.35082 -9.37394 -9.4 -9.42894 -9.46075 -9.49538 -9.53278 -9.5729 -9.61569 -9.66108 -9.70901 -9.7594 -9.81217 -9.86723 -9.92448 -9.98382 -10.0451 -10.1083 -10.1732 -10.2396 -10.3075 -10.3767 -10.4469 -10.518 -10.5898 -10.6621 -10.7346 -10.807 -10.8792 -10.9509 -11.0216 -11.0913 -11.1594 -11.2258 -11.2901 -11.352 -11.4111 -11.4672 -11.5199 -11.5691 -11.6146 -11.656 -11.6933 -11.7265 -11.7553 -11.7799 -11.8003 -11.8165 -11.8287 -11.837 -11.8416 -11.8428 -11.8407 -11.8356 -11.8279 -11.8176 -11.8052 -11.7908 -11.7748 -11.7574 -11.7389 -11.7195 -11.6995 -11.6791 -11.6585 -11.638 -11.6177 -11.5979 -11.5787 -11.5603 -11.5429 -11.5266 -11.5115 -11.4978 -11.4856 -11.475 -11.4662 -11.4591 -11.4538 -11.4505 -11.4493 -11.4501 -11.4531 -11.4589 -11.47 nan nan nan nan nan nan 
nan nan nan nan nan nan nan -9.31797 -9.32923 -9.3447 -9.36338 -9.38505 -9.40963 -9.43705 -9.46728 -9.50026 -9.53595 -9.57429 -9.61524 -9.65871 -9.70464 -9.75296 -9.80357 -9.8564 -9.91134 -9.96829 -10.0271 -10.0877 -10.15 -10.2137 -10.2788 -10.345 -10.4122 -10.4803 -10.5489 -10.618 -10.6872 -10.7563 -10.8251 -10.8934 -10.9607 -11.027 -11.0918 -11.1549 -11.216 -11.2748 -11.331 -11.3843 -11.4346 -11.4816 -11.525 -11.5648 -11.6008 -11.6329 -11.6611 -11.6854 -11.7057 -11.7222 -11.735 -11.7442 -11.75 -11.7526 -11.7521 -11.7488 -11.743 -11.7349 -11.7246 -11.7126 -11.699 -11.6841 -11.6681 -11.6512 -11.6338 -11.6159 -11.5979 -11.58 -11.5622 -11.5449 -11.5282 -11.5122 -11.4972 -11.4832 -11.4704 -11.459 -11.449 -11.4405 -11.4337 -11.4286 -11.4253 -11.4238 -11.4243 -11.4266 -11.4308 -11.4361 nan nan nan nan nan nan nan 
nan nan nan nan nan nan nan -9.32938 -9.34408 -9.35872 -9.37609 -9.39636 -9.41946 -9.44535 -9.47398 -9.5053 -9.53927 -9.57582 -9.6149 -9.65643 -9.70035 -9.74657 -9.79503 -9.84561 -9.89824 -9.95279 -10.0092 -10.0672 -10.1268 -10.1879 -10.2501 -10.3135 -10.3778 -10.4429 -10.5085 -10.5744 -10.6404 -10.7064 -10.772 -10.837 -10.9011 -10.9641 -11.0258 -11.0858 -11.1439 -11.1999 -11.2534 -11.3042 -11.3522 -11.3971 -11.4388 -11.477 -11.5118 -11.543 -11.5705 -11.5945 -11.6148 -11.6316 -11.6449 -11.6549 -11.6618 -11.6656 -11.6666 -11.665 -11.661 -11.6549 -11.6467 -11.6369 -11.6256 -11.613 -11.5994 -11.585 -11.57 -11.5546 -11.5391 -11.5236 -11.5083 -11.4934 -11.4791 -11.4656 -11.4529 -11.4412 -11.4307 -11.4215 -11.4136 -11.4072 -11.4024 -11.3993 -11.3979 -11.3982 -11.4004 -11.4045 -11.4107 -11.4217 nan nan nan nan nan nan nan 
nan nan nan nan nan nan nan nan -9.36216 -9.37319 -9.38903 -9.40794 -9.42959 -9.45394 -9.48097 -9.51063 -9.54286 -9.57761 -9.61481 -9.65439 -9.69628 -9.74041 -9.78669 -9.83504 -9.88535 -9.93751 -9.99142 -10.0469 -10.104 -10.1623 -10.2219 -10.2824 -10.3439 -10.406 -10.4686 -10.5315 -10.5945 -10.6574 -10.7199 -10.7818 -10.8429 -10.9029 -10.9616 -11.0188 -11.0741 -11.1274 -11.1784 -11.2269 -11.2728 -11.3158 -11.3558 -11.3926 -11.4262 -11.4566 -11.4835 -11.5071 -11.5274 -11.5445 -11.5583 -11.5691 -11.5769 -11.5819 -11.5843 -11.5843 -11.582 -11.5777 -11.5716 -11.5638 -11.5546 -11.5443 -11.533 -11.5209 -11.5083 -11.4953 -11.4821 -11.469 -11.4561 -11.4436 -11.4317 -11.4204 -11.4101 -11.4007 -11.3924 -11.3853 -11.3796 -11.3753 -11.3725 -11.3713 -11.3717 -11.3739 -11.3779 -11.3834 -11.3888 nan nan nan nan nan nan nan nan 
nan nan nan nan nan nan nan nan -9.37245 -9.38604 -9.40208 -9.41992 -9.44012 -9.46292 -9.48834 -9.51634 -9.54684 -9.57978 -9.6151 -9.65273 -9.69259 -9.73462 -9.77874 -9.82484 -9.87284 -9.92264 -9.9741 -10.0271 -10.0816 -10.1373 -10.1942 -10.252 -10.3107 -10.3699 -10.4297 -10.4897 -10.5497 -10.6097 -10.6692 -10.7282 -10.7864 -10.8435 -10.8995 -10.9539 -11.0066 -11.0574 -11.1061 -11.1525 -11.1964 -11.2376 -11.276 -11.3116 -11.3441 -11.3736 -11.4001 -11.4234 -11.4437 -11.4609 -11.4752 -11.4867 -11.4954 -11.5015 -11.5052 -11.5067 -11.506 -11.5034 -11.4992 -11.4934 -11.4863 -11.478 -11.4689 -11.4591 -11.4487 -11.438 -11.4272 -11.4164 -11.4058 -11.3956 -11.386 -11.377 -11.3689 -11.3617 -11.3556 -11.3507 -11.3471 -11.3448 -11.344 -11.3447 -11.347 -11.351 -11.357 -11.3656 -11.3755 nan nan nan nan nan nan nan nan 
nan nan nan nan nan nan nan nan nan -9.39965 -9.41651 -9.43268 -9.45117 -9.47237 -9.49619 -9.52254 -9.55132 -9.58247 -9.61591 -9.65158 -9.68942 -9.72936 -9.77131 -9.81518 -9.86089 -9.90833 -9.95738 -10.0079 -10.0599 -10.113 -10.1672 -10.2224 -10.2783 -10.3348 -10.3918 -10.449 -10.5062 -10.5633 -10.6201 -10.6762 -10.7317 -10.7861 -10.8394 -10.8913 -10.9415 -10.99 -11.0365 -11.0809 -11.123 -11.1625 -11.1996 -11.2339 -11.2655 -11.2942 -11.3201 -11.3432 -11.3634 -11.3809 -11.3956 -11.4077 -11.4173 -11.4245 -11.4294 -11.4322 -11.433 -11.4321 -11.4296 -11.4257 -11.4205 -11.4143 -11.4073 -11.3996 -11.3914 -11.383 -11.3744 -11.3658 -11.3575 -11.3495 -11.3421 -11.3353 -11.3294 -11.3244 -11.3204 -11.3176 -11.3161 -11.3159 -11.3171 -11.3196 -11.3236 -11.3292 -11.3367 -11.3495 nan nan nan nan nan nan nan nan nan 
nan nan nan nan nan nan nan nan nan nan -9.43478 -9.44627 -9.46268 -9.4823 -9.50459 -9.52934 -9.55643 -9.5858 -9.61737 -9.65109 -9.68691 -9.72475 -9.76455 -9.80621 -9.84965 -9.89476 -9.94143 -9.98954 -10.039 -10.0896 -10.1412 -10.1938 -10.2471 -10.3009 -10.3552 -10.4097 -10.4642 -10.5186 -10.5726 -10.6261 -10.6789 -10.7308 -10.7816 -10.8311 -10.879 -10.9254 -10.9698 -11.0123 -11.0526 -11.0907 -11.1264 -11.1596 -11.1903 -11.2183 -11.2438 -11.2666 -11.2868 -11.3044 -11.3195 -11.3322 -11.3426 -11.3507 -11.3568 -11.3609 -11.3632 -11.3638 -11.363 -11.3608 -11.3575 -11.3533 -11.3483 -11.3426 -11.3365 -11.3302 -11.3238 -11.3174 -11.3112 -11.3054 -11.3002 -11.2956 -11.2917 -11.2889 -11.287 -11.2863 -11.2868 -11.2886 -11.2918 -11.2962 -11.3019 -11.3084 -11.3144 nan nan nan nan nan nan nan nan nan nan 
nan nan nan nan nan nan nan nan nan nan -9.44481 -9.45814 -9.47414 -9.4927 -9.51365 -9.53687 -9.5623 -9.58989 -9.6196 -9.65138 -9.68519 -9.72095 -9.7586 -9.79807 -9.83926 -9.88207 -9.92639 -9.97211 -10.0191 -10.0672 -10.1164 -10.1664 -10.2171 -10.2683 -10.32 -10.3718 -10.4238 -10.4755 -10.527 -10.578 -10.6283 -10.6777 -10.7262 -10.7734 -10.8192 -10.8634 -10.906 -10.9467 -10.9855 -11.0221 -11.0565 -11.0887 -11.1185 -11.1459 -11.1709 -11.1935 -11.2137 -11.2315 -11.247 -11.2602 -11.2713 -11.2804 -11.2875 -11.2928 -11.2964 -11.2985 -11.2993 -11.2988 -11.2973 -11.2949 -11.2918 -11.2882 -11.2841 -11.2798 -11.2754 -11.2711 -11.2671 -11.2634 -11.2602 -11.2577 -11.256 -11.2552 -11.2554 -11.2567 -11.2593 -11.2631 -11.2683 -11.2748 -11.2826 -11.2914 -11.3013 nan nan nan nan nan nan nan nan nan nan 
nan nan nan nan nan nan nan nan nan nan nan -9.47055 -9.48624 -9.50387 -9.52355 -9.54528 -9.56907 -9.59489 -9.62274 -9.65258 -9.68437 -9.71806 -9.75359 -9.79089 -9.82986 -9.8704 -9.91242 -9.95579 -10.0004 -10.0461 -10.0928 -10.1403 -10.1885 -10.2373 -10.2864 -10.3357 -10.3851 -10.4344 -10.4834 -10.532 -10.5799 -10.627 -10.6732 -10.7183 -10.762 -10.8044 -10.8452 -10.8842 -10.9214 -10.9567 -10.99 -11.0212 -11.0502 -11.077 -11.1016 -11.1239 -11.1441 -11.1621 -11.1779 -11.1917 -11.2035 -11.2134 -11.2215 -11.228 -11.2329 -11.2364 -11.2387 -11.2398 -11.24 -11.2394 -11.2381 -11.2363 -11.2342 -11.2319 -11.2295 -11.2272 -11.2252 -11.2235 -11.2224 -11.2219 -11.2222 -11.2234 -11.2256 -11.2289 -11.2335 -11.2394 -11.2466 -11.2552 -11.2653 -11.2767 nan nan nan nan nan nan nan nan nan nan nan 
nan nan nan nan nan nan nan nan nan nan nan nan -9.49957 -9.51616 -9.53453 -9.55475 -9.57688 -9.60093 -9.62691 -9.6548 -9.68458 -9.71622 -9.74964 -9.78479 -9.82157 -9.85989 -9.89965 -9.94072 -9.983 -10.0264 -10.0707 -10.1158 -10.1616 -10.2079 -10.2545 -10.3014 -10.3484 -10.3953 -10.4419 -10.4882 -10.5338 -10.5788 -10.6228 -10.6659 -10.7077 -10.7482 -10.7873 -10.8248 -10.8606 -10.8947 -10.9269 -10.9571 -10.9854 -11.0116 -11.0358 -11.058 -11.0781 -11.0962 -11.1124 -11.1266 -11.1391 -11.1498 -11.1589 -11.1664 -11.1725 -11.1774 -11.1811 -11.1838 -11.1856 -11.1867 -11.1872 -11.1872 -11.1869 -11.1865 -11.186 -11.1857 -11.1856 -11.1859 -11.1867 -11.1882 -11.1904 -11.1935 -11.1977 -11.203 -11.2096 -11.2174 -11.2267 -11.2375 -11.2497 nan nan nan nan nan nan nan nan nan nan nan nan 
nan nan nan nan nan nan nan nan nan nan nan nan nan -9.52985 -9.5468 -9.56546 -9.58588 -9.60813 -9.63222 -9.65815 -9.68593 -9.71551 -9.74685 -9.77988 -9.81452 -9.85066 -9.8882 -9.92703 -9.96704 -10.0081 -10.0501 -10.0928 -10.1363 -10.1802 -10.2246 -10.2691 -10.3138 -10.3584 -10.4027 -10.4468 -10.4903 -10.5331 -10.5752 -10.6163 -10.6563 -10.6951 -10.7326 -10.7686 -10.8031 -10.836 -10.8671 -10.8965 -10.924 -10.9498 -10.9736 -10.9955 -11.0156 -11.0339 -11.0504 -11.0651 -11.0782 -11.0896 -11.0996 -11.1082 -11.1155 -11.1216 -11.1267 -11.1308 -11.1342 -11.1369 -11.139 -11.1408 -11.1423 -11.1437 -11.1451 -11.1466 -11.1484 -11.1506 -11.1533 -11.1566 -11.1607 -11.1657 -11.1717 -11.1789 -11.1874 -11.1972 -11.2085 -11.2214 nan nan nan nan nan nan nan nan nan nan nan nan nan 
nan nan nan nan nan nan nan nan nan nan nan nan nan nan -9.56054 -9.57754 -9.59621 -9.6166 -9.63877 -9.66273 -9.68849 -9.71603 -9.74531 -9.77627 -9.8088 -9.84281 -9.87819 -9.91484 -9.95263 -9.99146 -10.0312 -10.0717 -10.1128 -10.1545 -10.1966 -10.2389 -10.2813 -10.3237 -10.3659 -10.4078 -10.4492 -10.4901 -10.5302 -10.5695 -10.6078 -10.645 -10.6809 -10.7156 -10.7488 -10.7806 -10.8108 -10.8393 -10.8662 -10.8914 -10.9149 -10.9367 -10.9568 -10.9752 -10.9919 -11.0071 -11.0207 -11.0329 -11.0437 -11.0533 -11.0617 -11.069 -11.0754 -11.0809 -11.0857 -11.09 -11.0938 -11.0972 -11.1004 -11.1036 -11.1067 -11.1101 -11.1137 -11.1176 -11.1221 -11.1272 -11.1331 -11.1399 -11.1477 -11.1567 -11.167 -11.1788 -11.192 nan nan nan nan nan nan nan nan nan nan nan nan nan nan 
nan nan nan nan nan nan nan nan nan nan nan nan nan nan nan -9.59112 -9.60796 -9.62645 -9.64665 -9.6686 -9.69233 -9.71784 -9.7451 -9.77402 -9.8045 -9.83644 -9.86972 -9.90425 -9.9399 -9.97655 -10.0141 -10.0524 -10.0914 -10.1308 -10.1707 -10.2108 -10.2511 -10.2914 -10.3315 -10.3714 -10.4108 -10.4498 -10.4881 -10.5256 -10.5623 -10.5979 -10.6325 -10.6658 -10.6979 -10.7286 -10.7579 -10.7857 -10.812 -10.8367 -10.8599 -10.8815 -10.9015 -10.92 -10.9371 -10.9526 -10.9668 -10.9797 -10.9913 -11.0018 -11.0112 -11.0197 -11.0273 -11.0341 -11.0404 -11.0461 -11.0514 -11.0565 -11.0614 -11.0662 -11.0711 -11.0761 -11.0814 -11.0871 -11.0933 -11.1001 -11.1077 -11.1161 -11.1255 -11.1363 -11.1483 -11.1619 nan nan nan nan nan nan nan nan nan nan nan nan nan nan nan 
nan nan nan nan nan nan nan nan nan nan nan nan nan nan nan nan -9.62122 -9.63775 -9.65593 -9.67583 -9.6975 -9.72099 -9.74627 -9.77322 -9.80171 -9.83164 -9.86289 -9.89536 -9.92893 -9.96349 -9.99892 -10.0351 -10.0719 -10.1093 -10.147 -10.1851 -10.2233 -10.2615 -10.2996 -10.3376 -10.3752 -10.4123 -10.4489 -10.4848 -10.5198 -10.554 -10.5872 -10.6194 -10.6503 -10.68 -10.7084 -10.7355 -10.7612 -10.7855 -10.8084 -10.8298 -10.8498 -10.8685 -10.8857 -10.9017 -10.9164 -10.9299 -10.9423 -10.9537 -10.964 -10.9736 -10.9824 -10.9905 -10.9981 -11.0052 -11.0121 -11.0186 -11.0251 -11.0315 -11.0381 -11.0448 -11.0518 -11.0591 -11.067 -11.0754 -11.0844 -11.0943 -11.1053 -11.1176 -11.1313 nan nan nan nan nan nan nan nan nan nan nan nan nan nan nan nan 
nan nan nan nan nan nan nan nan nan nan nan nan nan nan nan nan nan -9.65057 -9.66667 -9.68444 -9.704 -9.72545 -9.74884 -9.77392 -9.8005 -9.82849 -9.85777 -9.88826 -9.91982 -9.95236 -9.98575 -10.0199 -10.0547 -10.09 -10.1257 -10.1617 -10.1979 -10.2342 -10.2704 -10.3065 -10.3423 -10.3777 -10.4126 -10.4469 -10.4805 -10.5133 -10.5453 -10.5762 -10.6061 -10.6349 -10.6625 -10.6889 -10.714 -10.7379 -10.7605 -10.7818 -10.8018 -10.8205 -10.838 -10.8543 -10.8695 -10.8836 -10.8968 -10.9089 -10.9202 -10.9308 -10.9407 -10.9501 -10.9589 -10.9674 -10.9757 -10.9837 -10.9917 -10.9997 -11.0078 -11.0161 -11.0247 -11.0337 -11.0432 -11.0531 -11.0635 -11.0747 -11.087 -11.1006 nan nan nan nan nan nan nan nan nan nan nan nan nan nan nan nan nan 
nan nan nan nan nan nan nan nan nan nan nan nan nan nan nan nan nan nan -9.67892 -9.69446 -9.71176 -9.73113 -9.75285 -9.77619 -9.80095 -9.82706 -9.85446 -9.88303 -9.91266 -9.94325 -9.97468 -10.0068 -10.0396 -10.0729 -10.1067 -10.1408 -10.175 -10.2094 -10.2438 -10.2781 -10.3122 -10.346 -10.3793 -10.4121 -10.4443 -10.4758 -10.5066 -10.5364 -10.5653 -10.5932 -10.62 -10.6458 -10.6704 -10.6939 -10.7162 -10.7373 -10.7573 -10.7762 -10.7939 -10.8106 -10.8262 -10.8409 -10.8547 -10.8676 -10.8798 -10.8913 -10.9023 -10.9128 -10.9229 -10.9327 -10.9423 -10.9518 -10.9613 -10.9708 -10.9804 -10.9903 -11.0004 -11.0109 -11.022 -11.0335 -11.0449 -11.057 -11.0704 nan nan nan nan nan nan nan nan nan nan nan nan nan nan nan nan nan nan 
nan nan nan nan nan nan nan nan nan nan nan nan nan nan nan nan nan nan nan -9.7059 -9.72064 -9.73763 -9.75836 -9.78019 -9.80314 -9.82743 -9.853 -9.87975 -9.90753 -9.93625 -9.96578 -9.99604 -10.0269 -10.0583 -10.0901 -10.1223 -10.1548 -10.1874 -10.22 -10.2526 -10.285 -10.3172 -10.3491 -10.3805 -10.4114 -10.4416 -10.4712 -10.5 -10.5279 -10.555 -10.5811 -10.6063 -10.6304 -10.6535 -10.6755 -10.6965 -10.7165 -10.7354 -10.7533 -10.7703 -10.7864 -10.8016 -10.816 -10.8297 -10.8427 -10.8552 -10.8671 -10.8787 -10.89 -10.9011 -10.912 -10.9229 -10.9338 -10.9447 -10.9559 -10.9672 -10.9787 -10.9907 -11.0035 -11.0171 -11.0289 -11.0413 nan nan nan nan nan nan nan nan nan nan nan nan nan nan nan nan nan nan nan 
nan nan nan nan nan nan nan nan nan nan nan nan nan nan nan nan nan nan nan nan -9.73047 -9.74361 -9.76594 -9.7862 -9.8071 -9.82964 -9.85346 -9.87848 -9.90451 -9.93143 -9.95915 -9.98756 -10.0166 -10.0461 -10.0761 -10.1065 -10.1371 -10.168 -10.1989 -10.2299 -10.2608 -10.2915 -10.3219 -10.352 -10.3816 -10.4106 -10.4391 -10.4669 -10.494 -10.5203 -10.5457 -10.5703 -10.5939 -10.6167 -10.6385 -10.6593 -10.6793 -10.6983 -10.7164 -10.7337 -10.7501 -10.7658 -10.7808 -10.7952 -10.809 -10.8223 -10.8352 -10.8478 -10.8602 -10.8725 -10.8847 -10.8969 -10.9092 -10.9216 -10.9342 -10.9469 -10.9598 -10.9729 -10.9873 -11.0056 -11.0156 nan nan nan nan nan nan nan nan nan nan nan nan nan nan nan nan nan nan nan nan 
nan nan nan nan nan nan nan nan nan nan nan nan nan nan nan nan nan nan nan nan nan nan -9.77871 -9.79475 -9.81259 -9.8337 -9.85584 -9.8793 -9.90366 -9.92888 -9.95484 -9.98147 -10.0087 -10.0364 -10.0646 -10.0933 -10.1222 -10.1514 -10.1807 -10.2101 -10.2395 -10.2688 -10.2978 -10.3266 -10.355 -10.3829 -10.4104 -10.4372 -10.4635 -10.489 -10.5138 -10.5379 -10.5611 -10.5835 -10.6051 -10.6258 -10.6457 -10.6647 -10.683 -10.7006 -10.7174 -10.7336 -10.7491 -10.7641 -10.7786 -10.7928 -10.8066 -10.8201 -10.8336 -10.847 -10.8604 -10.8739 -10.8876 -10.9014 -10.9155 -10.9295 -10.944 -10.9568 -10.9704 nan nan nan nan nan nan nan nan nan nan nan nan nan nan nan nan nan nan nan nan nan nan 
nan nan nan nan nan nan nan nan nan nan nan nan nan nan nan nan nan nan nan nan nan nan nan -9.80472 -9.81799 -9.83988 -9.86004 -9.88233 -9.90505 -9.92869 -9.95295 -9.97786 -10.0033 -10.0293 -10.0558 -10.0827 -10.1099 -10.1375 -10.1653 -10.1932 -10.2212 -10.2491 -10.2769 -10.3044 -10.3317 -10.3585 -10.385 -10.411 -10.4364 -10.4613 -10.4855 -10.509 -10.5318 -10.5539 -10.5752 -10.5958 -10.6157 -10.6348 -10.6532 -10.671 -10.6882 -10.7048 -10.7209 -10.7365 -10.7516 -10.7665 -10.7811 -10.7955 -10.81 -10.8245 -10.8391 -10.8539 -10.869 -10.8842 -10.9 -10.9149 -10.933 -10.9432 nan nan nan nan nan nan nan nan nan nan nan nan nan nan nan nan nan nan nan nan nan nan nan 
nan nan nan nan nan nan nan nan nan nan nan nan nan nan nan nan nan nan nan nan nan nan nan nan nan -9.85094 -9.86529 -9.88809 -9.90866 -9.931 -9.95353 -9.97678 -10.0005 -10.0248 -10.0495 -10.0747 -10.1004 -10.1264 -10.1527 -10.1792 -10.2058 -10.2325 -10.259 -10.2854 -10.3116 -10.3374 -10.363 -10.3881 -10.4128 -10.437 -10.4607 -10.4837 -10.5062 -10.528 -10.5491 -10.5695 -10.5893 -10.6084 -10.627 -10.645 -10.6626 -10.6796 -10.6961 -10.7122 -10.728 -10.7435 -10.7588 -10.7741 -10.7894 -10.8049 -10.8207 -10.8367 -10.8535 -10.8693 -10.8888 -10.9002 nan nan nan nan nan nan nan nan nan nan nan nan nan nan nan nan nan nan nan nan nan nan nan nan nan 
nan nan nan nan nan nan nan nan nan nan nan nan nan nan nan nan nan nan nan nan nan nan nan nan nan nan nan -9.89923 -9.91365 -9.93628 -9.95653 -9.97837 -10.0003 -10.0228 -10.0458 -10.0694 -10.0936 -10.1181 -10.1429 -10.1681 -10.1935 -10.219 -10.2443 -10.2696 -10.2947 -10.3196 -10.3442 -10.3686 -10.3926 -10.4162 -10.4394 -10.462 -10.4841 -10.5056 -10.5265 -10.5468 -10.5665 -10.5856 -10.6043 -10.6226 -10.6404 -10.6578 -10.6748 -10.6913 -10.7076 -10.7237 -10.7397 -10.7556 -10.7718 -10.7881 -10.8054 -10.8218 -10.842 -10.854 nan nan nan nan nan nan nan nan nan nan nan nan nan nan nan nan nan nan nan nan nan nan nan nan nan nan nan 
nan nan nan nan nan nan nan nan nan nan nan nan nan nan nan nan nan nan nan nan nan nan nan nan nan nan nan nan nan -9.94706 -9.96114 -9.98303 -10.0026 -10.0236 -10.0447 -10.0667 -10.0894 -10.1125 -10.136 -10.1599 -10.1841 -10.2085 -10.2328 -10.257 -10.281 -10.305 -10.3288 -10.3524 -10.3758 -10.3989 -10.4216 -10.4438 -10.4656 -10.4869 -10.5075 -10.5276 -10.5472 -10.5663 -10.585 -10.6035 -10.6218 -10.6396 -10.6569 -10.6738 -10.6905 -10.7073 -10.7237 -10.74 -10.7571 -10.7736 -10.794 -10.8063 nan nan nan nan nan nan nan nan nan nan nan nan nan nan nan nan nan nan nan nan nan nan nan nan nan nan nan nan nan 
nan nan nan nan nan nan nan nan nan nan nan nan nan nan nan nan nan nan nan nan nan nan nan nan nan nan nan nan nan nan nan -9.99319 -10.0067 -10.0274 -10.046 -10.0663 -10.0881 -10.1097 -10.1316 -10.1543 -10.1777 -10.2013 -10.2245 -10.2475 -10.2706 -10.2936 -10.3166 -10.3396 -10.3624 -10.385 -10.4072 -10.4292 -10.4507 -10.4718 -10.4922 -10.5121 -10.5315 -10.5504 -10.5691 -10.5878 -10.6067 -10.6251 -10.6426 -10.6596 -10.6765 -10.6944 -10.711 -10.7267 -10.7463 -10.7583 nan nan nan nan nan nan nan nan nan nan nan nan nan nan nan nan nan nan nan nan nan nan nan nan nan nan nan nan nan nan nan 
nan nan nan nan nan nan nan nan nan nan nan nan nan nan nan nan nan nan nan nan nan nan nan nan nan nan nan nan nan nan nan nan nan -10.0365 -10.0489 -10.0674 -10.0903 -10.1096 -10.1297 -10.1513 -10.1741 -10.1975 -10.2195 -10.2413 -10.2631 -10.2853 -10.3076 -10.33 -10.3523 -10.3744 -10.3963 -10.4181 -10.4394 -10.4603 -10.4806 -10.5003 -10.5194 -10.538 -10.5563 -10.5751 -10.5954 -10.6145 -10.6321 -10.6485 -10.6648 -10.6861 -10.7022 -10.7128 nan nan nan nan nan nan nan nan nan nan nan nan nan nan nan nan nan nan nan nan nan nan nan nan nan nan nan nan nan nan nan nan nan 
nan nan nan nan nan nan nan nan nan nan nan nan nan nan nan nan nan nan nan nan nan nan nan nan nan nan nan nan nan nan nan nan nan nan nan nan -10.0994 -10.1117 -10.1295 -10.1503 -10.1732 -10.1982 -10.2181 -10.2379 -10.2586 -10.28 -10.3017 -10.3236 -10.3455 -10.3672 -10.3887 -10.4105 -10.4318 -10.4526 -10.4728 -10.4922 -10.5109 -10.5289 -10.5462 -10.5641 -10.5883 -10.6085 -10.6261 -10.6408 -10.6512 nan nan nan nan nan nan nan nan nan nan nan nan nan nan nan nan nan nan nan nan nan nan nan nan nan nan nan nan nan nan nan nan nan nan nan nan 
nan nan nan nan nan nan nan nan nan nan nan nan nan nan nan nan nan nan nan nan nan nan nan nan nan nan nan nan nan nan nan nan nan nan nan nan nan nan nan nan nan -10.2073 -10.2197 -10.237 -10.2566 -10.2774 -10.2988 -10.3204 -10.342 -10.3633 -10.384 -10.4064 -10.4279 -10.4487 -10.4688 -10.4881 -10.5065 -10.5236 -10.5388 -10.5498 nan nan nan nan nan nan nan nan nan nan nan nan nan nan nan nan nan nan nan nan nan nan nan nan nan nan nan nan nan nan nan nan nan nan nan nan nan nan nan nan nan 
nan nan nan nan nan nan nan nan nan nan nan nan nan nan nan nan nan nan nan nan nan nan nan nan nan nan nan nan nan nan nan nan nan nan nan nan nan nan nan nan nan nan nan nan nan nan nan nan nan nan -10.3806 nan nan nan nan nan nan nan nan nan nan nan nan nan nan nan nan nan nan nan nan nan nan nan nan nan nan nan nan nan nan nan nan nan nan nan nan nan nan nan nan nan nan nan nan nan nan nan nan nan nan 
