nan nan nan nan nan nan nan nan nan nan nan nan nan nan nan nan nan nan nan nan nan nan nan nan nan nan nan nan nan nan nan nan nan nan nan nan nan nan nan nan nan nan nan nan nan nan nan nan nan nan 4.73242 nan nan nan nan nan nan nan nan nan nan nan nan nan nan nan nan nan nan nan nan nan nan nan nan nan nan nan nan nan nan nan nan nan nan nan nan nan nan nan nan nan nan nan nan nan nan nan nan nan nan 
nan nan nan nan nan nan nan nan nan nan nan nan nan nan nan nan nan nan nan nan nan nan nan nan nan nan nan nan nan nan nan nan nan nan nan nan nan nan nan nan nan 4.56401 4.57551 4.59146 4.60953 4.6288 4.64882 4.66934 4.6902 4.71126 4.73242 4.75357 4.7746 4.79542 4.81588 4.83582 4.855 4.87298 4.88884 4.90026 nan nan nan nan nan nan nan nan nan nan nan nan nan nan nan nan nan nan nan nan nan nan nan nan nan nan nan nan nan nan nan nan nan nan nan nan nan nan nan nan nan 
nan nan nan nan nan nan nan nan nan nan nan nan nan nan nan nan nan nan nan nan nan nan nan nan nan nan nan nan nan nan nan nan nan nan nan nan 4.46094 4.4721 4.48811 4.50698 4.52825 4.55251 4.57105 4.58935 4.60834 4.62805 4.64832 4.66901 4.69 4.71117 4.73243 4.75368 4.77482 4.79577 4.8164 4.83659 4.8562 4.87509 4.89328 4.91169 4.93576 4.95684 4.97553 4.99138 5.00243 nan nan nan nan nan nan nan nan nan nan nan nan nan nan nan nan nan nan nan nan nan nan nan nan nan nan nan nan nan nan nan nan nan nan nan nan 
nan nan nan nan nan nan nan nan nan nan nan nan nan nan nan nan nan nan nan nan nan nan nan nan nan nan nan nan nan nan nan nan nan 4.39957 4.41093 4.42801 4.44978 4.46725 4.48525 4.50459 4.52525 4.54673 4.56683 4.58654 4.60644 4.62672 4.64739 4.66838 4.68961 4.71099 4.73245 4.75389 4.77525 4.79643 4.81735 4.83794 4.85812 4.87792 4.89749 4.91744 4.93875 4.95923 4.97838 4.99619 5.01347 5.03498 5.05186 5.06306 nan nan nan nan nan nan nan nan nan nan nan nan nan nan nan nan nan nan nan nan nan nan nan nan nan nan nan nan nan nan nan nan nan 
nan nan nan nan nan nan nan nan nan nan nan nan nan nan nan nan nan nan nan nan nan nan nan nan nan nan nan nan nan nan nan 4.35573 4.36831 4.38822 4.40519 4.42333 4.44292 4.46188 4.48105 4.50088 4.52142 4.54234 4.563 4.58353 4.60416 4.62502 4.64615 4.66751 4.68906 4.71074 4.73248 4.7542 4.77585 4.79735 4.81865 4.83968 4.86044 4.88095 4.90134 4.92184 4.94258 4.96293 4.98257 5.00153 5.02027 5.03962 5.05753 5.07427 5.09391 5.1063 nan nan nan nan nan nan nan nan nan nan nan nan nan nan nan nan nan nan nan nan nan nan nan nan nan nan nan nan nan nan nan 
nan nan nan nan nan nan nan nan nan nan nan nan nan nan nan nan nan nan nan nan nan nan nan nan nan nan nan nan nan 4.30921 4.32224 4.34316 4.36097 4.37981 4.39829 4.4172 4.43669 4.4563 4.47617 4.49647 4.51721 4.53823 4.5593 4.58041 4.60165 4.62306 4.64466 4.66645 4.68839 4.71043 4.73251 4.75459 4.7766 4.79848 4.8202 4.84171 4.86301 4.88411 4.90507 4.92598 4.94681 4.96735 4.98744 5.00709 5.02646 5.04571 5.06436 5.08258 5.10115 5.11869 5.13928 5.1521 nan nan nan nan nan nan nan nan nan nan nan nan nan nan nan nan nan nan nan nan nan nan nan nan nan nan nan nan nan 
nan nan nan nan nan nan nan nan nan nan nan nan nan nan nan nan nan nan nan nan nan nan nan nan nan nan nan 4.26187 4.27496 4.29618 4.31435 4.33369 4.35261 4.37175 4.39097 4.41047 4.43033 4.45046 4.47087 4.49163 4.51271 4.53405 4.55555 4.57719 4.59896 4.62089 4.64299 4.66524 4.68762 4.71007 4.73256 4.75504 4.77746 4.79978 4.82195 4.84395 4.86577 4.8874 4.90887 4.93019 4.95134 4.97221 4.99274 5.01292 5.03279 5.05239 5.07162 5.09056 5.10941 5.12803 5.14706 5.16491 5.18577 5.19863 nan nan nan nan nan nan nan nan nan nan nan nan nan nan nan nan nan nan nan nan nan nan nan nan nan nan nan 
nan nan nan nan nan nan nan nan nan nan nan nan nan nan nan nan nan nan nan nan nan nan nan nan nan 4.21505 4.22782 4.24877 4.26683 4.28622 4.30528 4.32463 4.34404 4.36361 4.38337 4.40339 4.42372 4.44433 4.46524 4.48645 4.50796 4.52972 4.55168 4.57381 4.59611 4.61857 4.64117 4.66392 4.68676 4.70968 4.73262 4.75555 4.77843 4.80122 4.82388 4.84638 4.86871 4.89085 4.91282 4.93459 4.95614 4.97742 4.99839 5.01905 5.03939 5.05944 5.07917 5.09863 5.11789 5.13698 5.156 5.17473 5.19377 5.21149 5.23204 5.24456 nan nan nan nan nan nan nan nan nan nan nan nan nan nan nan nan nan nan nan nan nan nan nan nan nan 
nan nan nan nan nan nan nan nan nan nan nan nan nan nan nan nan nan nan nan nan nan nan nan 4.17075 4.18244 4.20227 4.21964 4.23858 4.25736 4.27657 4.29593 4.31552 4.33529 4.35528 4.37551 4.39601 4.41681 4.4379 4.45929 4.48098 4.50296 4.52518 4.54763 4.57028 4.5931 4.61609 4.63922 4.66248 4.68584 4.70925 4.73269 4.75612 4.7795 4.80279 4.82596 4.84898 4.87183 4.89449 4.91696 4.9392 4.9612 4.98294 5.00437 5.02549 5.0463 5.06679 5.08699 5.1069 5.12656 5.14599 5.16523 5.18424 5.20308 5.22151 5.24007 5.25709 5.27651 5.28796 nan nan nan nan nan nan nan nan nan nan nan nan nan nan nan nan nan nan nan nan nan nan nan 
nan nan nan nan nan nan nan nan nan nan nan nan nan nan nan nan nan nan nan nan nan nan 4.14434 4.15906 4.1743 4.19196 4.20991 4.22853 4.24748 4.26678 4.28636 4.30622 4.32633 4.34671 4.36738 4.38834 4.4096 4.43118 4.45306 4.47523 4.4977 4.52042 4.54339 4.56656 4.58993 4.61347 4.63715 4.66095 4.68485 4.7088 4.73278 4.75674 4.78065 4.80448 4.82819 4.85175 4.87514 4.89833 4.92131 4.94406 4.96654 4.98875 5.01066 5.03224 5.05351 5.07446 5.09509 5.11541 5.13544 5.1552 5.17469 5.1939 5.21282 5.23139 5.24964 5.26721 5.2845 5.2994 5.31379 nan nan nan nan nan nan nan nan nan nan nan nan nan nan nan nan nan nan nan nan nan nan 
nan nan nan nan nan nan nan nan nan nan nan nan nan nan nan nan nan nan nan nan 4.09793 4.10945 4.12962 4.14686 4.16373 4.18135 4.19949 4.21816 4.23724 4.2567 4.27652 4.29665 4.3171 4.33787 4.35895 4.38036 4.40209 4.42414 4.44652 4.4692 4.49218 4.51543 4.53893 4.56266 4.58659 4.61069 4.63495 4.65933 4.6838 4.70833 4.73288 4.75741 4.78189 4.80629 4.83056 4.85469 4.87864 4.90238 4.9259 4.94917 4.97217 4.99487 5.01726 5.03932 5.06105 5.08244 5.10349 5.12421 5.14461 5.16468 5.18443 5.20385 5.22292 5.24161 5.25988 5.27762 5.29486 5.31134 5.32819 5.34791 5.35915 nan nan nan nan nan nan nan nan nan nan nan nan nan nan nan nan nan nan nan nan 
nan nan nan nan nan nan nan nan nan nan nan nan nan nan nan nan nan nan nan 4.07292 4.08642 4.10078 4.11784 4.13504 4.1524 4.17023 4.18856 4.20736 4.22662 4.24629 4.26634 4.28677 4.30756 4.3287 4.3502 4.37205 4.39425 4.41679 4.43967 4.46287 4.48638 4.51018 4.53425 4.55855 4.58307 4.60777 4.63263 4.65762 4.6827 4.70783 4.73299 4.75813 4.78322 4.80822 4.83309 4.85781 4.88234 4.90666 4.93074 4.95455 4.97808 5.0013 5.02418 5.04673 5.06893 5.09076 5.11223 5.13334 5.15409 5.17448 5.1945 5.21415 5.2334 5.25224 5.27063 5.28855 5.30597 5.32293 5.33972 5.35638 5.37039 5.38356 nan nan nan nan nan nan nan nan nan nan nan nan nan nan nan nan nan nan nan 
nan nan nan nan nan nan nan nan nan nan nan nan nan nan nan nan nan nan 4.04505 4.05943 4.07406 4.0894 4.10593 4.12305 4.1406 4.15862 4.17713 4.19613 4.21558 4.23548 4.2558 4.27653 4.29766 4.31919 4.3411 4.36339 4.38606 4.4091 4.4325 4.45624 4.4803 4.50467 4.52933 4.55423 4.57936 4.60469 4.63019 4.65582 4.68154 4.70732 4.73312 4.75891 4.78463 4.81027 4.83578 4.86112 4.88626 4.91118 4.93585 4.96023 4.9843 5.00805 5.03145 5.05449 5.07716 5.09944 5.12134 5.14284 5.16394 5.18465 5.20495 5.22484 5.2443 5.26332 5.28187 5.29995 5.31755 5.33468 5.35138 5.36751 5.38247 5.39673 5.41074 nan nan nan nan nan nan nan nan nan nan nan nan nan nan nan nan nan nan 
nan nan nan nan nan nan nan nan nan nan nan nan nan nan nan nan nan 4.01583 4.03068 4.04567 4.06097 4.07684 4.09343 4.11062 4.12832 4.14653 4.16523 4.18442 4.2041 4.22425 4.24485 4.26589 4.28738 4.30929 4.33162 4.35436 4.37751 4.40105 4.42498 4.44928 4.47392 4.49888 4.52415 4.54968 4.57546 4.60145 4.62761 4.65392 4.68032 4.70678 4.73327 4.75974 4.78614 4.81245 4.83862 4.86462 4.89041 4.91596 4.94123 4.96621 4.99085 5.01515 5.03909 5.06263 5.08578 5.10851 5.13083 5.15272 5.17419 5.19522 5.21581 5.23595 5.25564 5.27485 5.29359 5.31184 5.3296 5.34686 5.36362 5.37979 5.39525 5.41016 5.42476 5.43922 nan nan nan nan nan nan nan nan nan nan nan nan nan nan nan nan nan 
nan nan nan nan nan nan nan nan nan nan nan nan nan nan nan nan 3.98587 4.00098 4.01618 4.03159 4.04733 4.06355 4.08034 4.09768 4.11555 4.13393 4.15283 4.17224 4.19215 4.21256 4.23345 4.25482 4.27666 4.29896 4.32172 4.34492 4.36856 4.39263 4.4171 4.44197 4.46721 4.49279 4.5187 4.5449 4.57135 4.59803 4.6249 4.65192 4.67904 4.70622 4.73343 4.76062 4.78775 4.81477 4.84164 4.86833 4.8948 4.921 4.94692 4.97251 4.99776 5.02263 5.0471 5.07117 5.0948 5.118 5.14075 5.16304 5.18487 5.20623 5.22712 5.24752 5.26744 5.28687 5.3058 5.32423 5.34214 5.35955 5.37644 5.39278 5.40858 5.4239 5.43889 5.45369 5.4684 nan nan nan nan nan nan nan nan nan nan nan nan nan nan nan nan 
nan nan nan nan nan nan nan nan nan nan nan nan nan nan nan 3.95555 3.97075 3.98603 4.00148 4.01717 4.03322 4.0497 4.06669 4.08421 4.10225 4.12083 4.13993 4.15956 4.17971 4.20039 4.22158 4.24328 4.26548 4.28818 4.31137 4.33505 4.35919 4.38379 4.40883 4.43429 4.46015 4.48638 4.51296 4.53985 4.56702 4.59443 4.62204 4.64981 4.67769 4.70564 4.73362 4.76158 4.78946 4.81724 4.84485 4.87227 4.89944 4.92634 4.95292 4.97916 5.00503 5.03049 5.05553 5.08013 5.10427 5.12794 5.15112 5.17382 5.19602 5.21771 5.2389 5.25958 5.27974 5.29939 5.31851 5.33712 5.3552 5.37276 5.3898 5.40633 5.42237 5.43797 5.45323 5.46825 5.48311 5.49789 nan nan nan nan nan nan nan nan nan nan nan nan nan nan nan 
nan nan nan nan nan nan nan nan nan nan nan nan nan nan 3.92521 3.94035 3.95556 3.97093 3.98652 4.0024 4.01866 4.03535 4.05252 4.07021 4.08843 4.10719 4.1265 4.14635 4.16675 4.1877 4.20919 4.23123 4.25381 4.27691 4.30055 4.3247 4.34936 4.37451 4.40013 4.42621 4.45272 4.47963 4.50691 4.53453 4.56244 4.59062 4.61902 4.64758 4.67627 4.70504 4.73383 4.7626 4.79129 4.81986 4.84826 4.87644 4.90437 4.93199 4.95928 4.98619 5.0127 5.03878 5.06441 5.08955 5.11421 5.13836 5.16199 5.1851 5.20767 5.2297 5.2512 5.27215 5.29256 5.31242 5.33175 5.35053 5.36877 5.38649 5.40368 5.42038 5.43659 5.45238 5.46782 5.48296 5.49789 5.51267 5.52738 nan nan nan nan nan nan nan nan nan nan nan nan nan nan 
nan nan nan nan nan nan nan nan nan nan nan nan nan 3.89516 3.91007 3.92506 3.94022 3.9556 3.97126 3.98726 4.00366 4.0205 4.03783 4.05568 4.07407 4.09301 4.11252 4.13259 4.15324 4.17446 4.19626 4.21864 4.2416 4.26512 4.28921 4.31385 4.33904 4.36476 4.39098 4.4177 4.44488 4.4725 4.50052 4.5289 4.55761 4.5866 4.61583 4.64524 4.67478 4.70441 4.73406 4.76369 4.79324 4.82265 4.85188 4.88088 4.90959 4.93798 4.966 4.99362 5.02081 5.04753 5.07375 5.09947 5.12466 5.1493 5.17338 5.19691 5.21986 5.24224 5.26404 5.28527 5.30592 5.326 5.34552 5.36447 5.38287 5.40073 5.41807 5.43489 5.45124 5.46716 5.48269 5.49789 5.51282 5.52753 5.54209 5.55655 nan nan nan nan nan nan nan nan nan nan nan nan nan 
nan nan nan nan nan nan nan nan nan nan nan nan 3.86582 3.88026 3.89484 3.90962 3.92466 3.94 3.95567 3.97173 3.98822 4.00517 4.02263 4.04062 4.05916 4.07827 4.09797 4.11826 4.13915 4.16065 4.18276 4.20548 4.22882 4.25276 4.27731 4.30246 4.32819 4.35449 4.38134 4.40873 4.43661 4.46497 4.49376 4.52295 4.5525 4.58234 4.61245 4.64276 4.67321 4.70375 4.73432 4.76487 4.79532 4.82563 4.85574 4.88559 4.91514 4.94433 4.97313 5.00149 5.02938 5.05676 5.08361 5.10992 5.13565 5.16079 5.18534 5.20928 5.23262 5.25534 5.27745 5.29896 5.31985 5.34015 5.35985 5.37897 5.39752 5.41551 5.43296 5.44989 5.46633 5.48232 5.49789 5.51309 5.52796 5.54254 5.55688 5.57102 5.58503 nan nan nan nan nan nan nan nan nan nan nan nan 
nan nan nan nan nan nan nan nan nan nan nan 3.83778 3.85137 3.86522 3.8794 3.89392 3.9088 3.92405 3.9397 3.95577 3.97231 3.98934 4.00689 4.025 4.04367 4.06294 4.08282 4.10332 4.12445 4.14622 4.16864 4.19171 4.21543 4.2398 4.26482 4.29048 4.31677 4.34368 4.37118 4.39925 4.42787 4.457 4.48661 4.51665 4.54707 4.57783 4.60887 4.64013 4.67155 4.70307 4.73461 4.76613 4.79755 4.82881 4.85985 4.89061 4.92104 4.95108 4.98069 5.00983 5.03845 5.06652 5.09403 5.12093 5.14722 5.17288 5.1979 5.22227 5.24599 5.26906 5.29148 5.31325 5.33439 5.35489 5.37477 5.39404 5.41272 5.43082 5.44836 5.46537 5.48187 5.49789 5.51346 5.52862 5.54339 5.5578 5.57188 5.58562 5.59904 5.61221 nan nan nan nan nan nan nan nan nan nan nan 
nan nan nan nan nan nan nan nan nan nan 3.81259 3.82419 3.83666 3.84986 3.86362 3.87787 3.89257 3.9077 3.92329 3.93935 3.9559 3.97298 3.9906 4.0088 4.0276 4.04701 4.06706 4.08775 4.10911 4.13115 4.15387 4.17728 4.20139 4.22619 4.25169 4.27787 4.30474 4.33226 4.36044 4.38923 4.41862 4.44856 4.47903 4.50996 4.54132 4.57304 4.60507 4.63734 4.66979 4.70235 4.73494 4.76749 4.79994 4.83221 4.86424 4.89597 4.92733 4.95827 4.98873 5.01868 5.04807 5.07686 5.10504 5.13256 5.15943 5.18561 5.21111 5.23591 5.26002 5.28343 5.30615 5.32819 5.34955 5.37025 5.3903 5.40971 5.4285 5.4467 5.46431 5.48136 5.49789 5.51391 5.52945 5.54453 5.55918 5.57341 5.5872 5.60053 5.61331 5.62538 5.63663 nan nan nan nan nan nan nan nan nan nan 
nan nan nan nan nan nan nan nan nan nan 3.80098 3.80974 3.82123 3.83393 3.84736 3.86137 3.87589 3.89091 3.90642 3.92243 3.93898 3.95607 3.97374 3.99201 4.01091 4.03044 4.05064 4.07152 4.0931 4.1154 4.13841 4.16216 4.18665 4.21189 4.23787 4.26459 4.29204 4.32021 4.34907 4.37862 4.40881 4.4396 4.47097 4.50285 4.5352 4.56794 4.60103 4.63438 4.66793 4.70159 4.73529 4.76896 4.8025 4.83585 4.86894 4.90169 4.93404 4.96592 4.99729 5.02809 5.05828 5.08782 5.11669 5.14486 5.17231 5.19903 5.22501 5.25024 5.27473 5.29849 5.3215 5.3438 5.36538 5.38626 5.40646 5.426 5.44488 5.46315 5.48081 5.49789 5.51441 5.5304 5.54589 5.56088 5.5754 5.58944 5.60299 5.61599 5.62827 5.63939 5.64787 nan nan nan nan nan nan nan nan nan nan 
nan nan nan nan nan nan nan nan nan 3.76574 3.78062 3.79254 3.8046 3.81726 3.83053 3.84436 3.85872 3.87361 3.88903 3.90499 3.9215 3.93859 3.95628 3.9746 3.99357 4.01321 4.03354 4.05459 4.07638 4.09892 4.12222 4.1463 4.17118 4.19684 4.22331 4.25057 4.27862 4.30745 4.33704 4.36736 4.39839 4.43008 4.4624 4.49528 4.52867 4.56251 4.59672 4.63123 4.66595 4.70079 4.73569 4.77054 4.80526 4.83976 4.87397 4.90781 4.94121 4.97409 5.00641 5.0381 5.06913 5.09946 5.12905 5.15787 5.18593 5.21319 5.23965 5.26532 5.29019 5.31428 5.33758 5.36012 5.3819 5.40296 5.42329 5.44293 5.46189 5.4802 5.49789 5.51497 5.53147 5.54741 5.56282 5.57771 5.59209 5.60597 5.61934 5.63216 5.64439 5.65605 5.66758 5.68198 nan nan nan nan nan nan nan nan nan 
nan nan nan nan nan nan nan nan 3.73903 3.75086 3.76322 3.77521 3.78737 3.79998 3.81312 3.82681 3.84103 3.8558 3.87111 3.88699 3.90345 3.92051 3.9382 3.95654 3.97556 3.99528 4.01573 4.03693 4.0589 4.08167 4.10525 4.12965 4.1549 4.181 4.20795 4.23576 4.26443 4.29393 4.32426 4.3554 4.3873 4.41994 4.45325 4.4872 4.52171 4.5567 4.59212 4.62786 4.66383 4.69996 4.73613 4.77225 4.80823 4.84397 4.87938 4.91438 4.94889 4.98283 5.01615 5.04879 5.08069 5.11183 5.14216 5.17167 5.20033 5.22814 5.2551 5.28119 5.30644 5.33085 5.35443 5.37719 5.39917 5.42037 5.44081 5.46053 5.47955 5.49789 5.51557 5.53263 5.54908 5.56495 5.58027 5.59504 5.60929 5.62302 5.63622 5.64891 5.66109 5.67285 5.68443 5.69638 5.70782 nan nan nan nan nan nan nan nan 
nan nan nan nan nan nan nan nan 3.7272 3.73546 3.74619 3.75769 3.76969 3.78218 3.79518 3.80872 3.8228 3.83743 3.85263 3.86841 3.88479 3.9018 3.91946 3.9378 3.95685 3.97663 3.99717 4.01849 4.04063 4.06361 4.08745 4.11216 4.13778 4.1643 4.19174 4.2201 4.24939 4.27959 4.31069 4.34267 4.37549 4.40911 4.44348 4.47855 4.51425 4.55049 4.58718 4.62425 4.66158 4.69907 4.73661 4.7741 4.81144 4.8485 4.8852 4.92144 4.95713 4.9922 5.02658 5.0602 5.09302 5.125 5.1561 5.1863 5.21559 5.24395 5.27139 5.29792 5.32353 5.34825 5.37208 5.39506 5.4172 5.43853 5.45907 5.47884 5.49789 5.51623 5.53388 5.55089 5.56727 5.58305 5.59826 5.6129 5.627 5.64058 5.65363 5.66617 5.67822 5.6898 5.70092 5.71128 5.71926 nan nan nan nan nan nan nan nan 
nan nan nan nan nan nan nan 3.69414 3.7071 3.71758 3.72837 3.73969 3.75152 3.76386 3.7767 3.79008 3.80401 3.81849 3.83356 3.84922 3.86551 3.88244 3.90005 3.91836 3.9374 3.95721 3.97782 3.99925 4.02153 4.04469 4.06877 4.09378 4.11974 4.14668 4.1746 4.20352 4.23344 4.26435 4.29624 4.32909 4.36287 4.39753 4.43302 4.46928 4.50624 4.54381 4.58189 4.62037 4.65916 4.69813 4.73715 4.77612 4.81491 4.8534 4.89148 4.92904 4.966 5.00226 5.03776 5.07242 5.1062 5.13905 5.17094 5.20185 5.23177 5.26069 5.28861 5.31555 5.34151 5.36652 5.3906 5.41376 5.43605 5.45748 5.47808 5.49789 5.51693 5.53524 5.55285 5.56978 5.58607 5.60173 5.6168 5.6313 5.64525 5.65866 5.67155 5.68393 5.69582 5.70723 5.71815 5.72856 5.73869 5.75121 nan nan nan nan nan nan nan 
nan nan nan nan nan nan nan 3.68117 3.68949 3.69941 3.71002 3.72118 3.73285 3.74502 3.7577 3.7709 3.78466 3.79898 3.81389 3.82941 3.84558 3.8624 3.87993 3.89818 3.91719 3.937 3.95764 3.97914 4.00154 4.02487 4.04916 4.07444 4.10073 4.12807 4.15647 4.18595 4.2165 4.24813 4.28083 4.31459 4.34936 4.38512 4.42179 4.45932 4.49763 4.53662 4.57618 4.6162 4.65656 4.69713 4.73776 4.77832 4.81868 4.8587 4.89827 4.93725 4.97556 5.01309 5.04977 5.08552 5.1203 5.15405 5.18676 5.21839 5.24894 5.27842 5.30682 5.33415 5.36045 5.38573 5.41002 5.43335 5.45575 5.47725 5.49789 5.5177 5.53671 5.55496 5.57249 5.58931 5.60548 5.621 5.63592 5.65026 5.66403 5.67726 5.68997 5.70218 5.7139 5.72514 5.7359 5.74614 5.75571 5.76374 nan nan nan nan nan nan nan 
nan nan nan nan nan nan 3.64657 3.65989 3.67028 3.68053 3.69113 3.70217 3.71368 3.72567 3.73816 3.75118 3.76474 3.77888 3.79361 3.80897 3.82498 3.84167 3.85908 3.87724 3.89619 3.91596 3.9366 3.95814 3.98062 4.00408 4.02855 4.05408 4.08069 4.10841 4.13727 4.16729 4.19848 4.23084 4.26438 4.29907 4.33488 4.37178 4.40971 4.44859 4.48834 4.52885 4.57002 4.6117 4.65376 4.69606 4.73843 4.78072 4.82278 4.86447 4.90563 4.94615 4.9859 5.02478 5.0627 5.0996 5.13542 5.17011 5.20364 5.23601 5.2672 5.29722 5.32608 5.3538 5.38041 5.40594 5.43041 5.45387 5.47635 5.49789 5.51853 5.5383 5.55725 5.57541 5.59282 5.60951 5.62553 5.64089 5.65563 5.66977 5.68335 5.69639 5.7089 5.72092 5.73246 5.74354 5.75417 5.76438 5.77427 5.78429 5.79715 nan nan nan nan nan nan 
nan nan nan nan nan nan 3.63324 3.64154 3.6512 3.66131 3.6718 3.68269 3.69402 3.70581 3.7181 3.73091 3.74426 3.75818 3.77271 3.78787 3.8037 3.82022 3.83748 3.85551 3.87436 3.89406 3.91466 3.9362 3.95872 3.98228 4.0069 4.03263 4.05952 4.0876 4.11691 4.14746 4.17928 4.21238 4.24677 4.28242 4.31932 4.35742 4.39667 4.43698 4.47828 4.52044 4.56333 4.60681 4.65073 4.69491 4.73917 4.78335 4.82727 4.87075 4.91365 4.9558 4.9971 5.03742 5.07667 5.11477 5.15166 5.18732 5.2217 5.2548 5.28663 5.31718 5.34648 5.37456 5.40145 5.42719 5.45181 5.47536 5.49789 5.51943 5.54003 5.55973 5.57858 5.59661 5.61387 5.6304 5.64623 5.66139 5.67592 5.68985 5.70322 5.71603 5.72833 5.74014 5.75148 5.76237 5.77285 5.78295 5.79269 5.80201 5.81001 nan nan nan nan nan nan 
nan nan nan nan nan 3.59834 3.61163 3.62181 3.63168 3.64172 3.65206 3.66277 3.67389 3.68547 3.69752 3.71009 3.7232 3.73688 3.75118 3.76611 3.78171 3.79803 3.81511 3.83297 3.85168 3.87126 3.89178 3.91328 3.9358 3.9594 3.98413 4.01004 4.03717 4.06558 4.0953 4.12636 4.1588 4.19264 4.22789 4.26453 4.30255 4.34191 4.38256 4.4244 4.46736 4.51129 4.55606 4.6015 4.64743 4.69367 4.74001 4.78625 4.83218 4.87762 4.92239 4.96633 5.00928 5.05113 5.09177 5.13113 5.16915 5.2058 5.24104 5.27488 5.30732 5.33839 5.36811 5.39651 5.42365 5.44956 5.47429 5.49789 5.52041 5.54191 5.56242 5.58201 5.60072 5.61858 5.63566 5.65198 5.66759 5.68252 5.69682 5.71051 5.72362 5.7362 5.74825 5.75982 5.77094 5.78163 5.79193 5.80188 5.81154 5.82105 5.83086 5.84368 nan nan nan nan nan 
nan nan nan nan nan 3.58505 3.59312 3.6024 3.61199 3.62183 3.63196 3.64244 3.65332 3.66464 3.67643 3.68873 3.70156 3.71498 3.729 3.74367 3.75902 3.7751 3.79194 3.8096 3.82811 3.84753 3.86792 3.88932 3.9118 3.9354 3.96018 3.98622 4.01355 4.04224 4.07234 4.10389 4.13693 4.1715 4.20761 4.24526 4.28444 4.32512 4.36724 4.41072 4.45545 4.5013 4.54811 4.59569 4.64384 4.69233 4.74095 4.78944 4.83759 4.88517 4.93198 4.97783 5.02256 5.06604 5.10816 5.14884 5.18802 5.22568 5.26178 5.29635 5.32939 5.36095 5.39104 5.41973 5.44707 5.4731 5.49789 5.52149 5.54396 5.56537 5.58575 5.60518 5.62369 5.64135 5.65819 5.67427 5.68963 5.7043 5.71832 5.73174 5.74458 5.75687 5.76866 5.77997 5.79083 5.80127 5.81135 5.82109 5.83055 5.83978 5.84872 5.85649 nan nan nan nan nan 
nan nan nan nan 3.55083 3.56369 3.57339 3.58268 3.59205 3.60164 3.6115 3.62171 3.63231 3.64334 3.65483 3.66682 3.67936 3.69246 3.70618 3.72055 3.7356 3.75139 3.76796 3.78536 3.80363 3.82284 3.84305 3.8643 3.88666 3.91021 3.93499 3.96109 3.98857 4.01749 4.04792 4.07992 4.11354 4.14881 4.18578 4.22446 4.26484 4.30689 4.35057 4.39579 4.44244 4.49036 4.53939 4.58931 4.63989 4.69088 4.742 4.79299 4.84357 4.89349 4.94252 4.99044 5.03709 5.08231 5.12599 5.16804 5.20842 5.2471 5.28407 5.31934 5.35296 5.38496 5.41539 5.44431 5.47179 5.49789 5.52268 5.54622 5.56859 5.58984 5.61004 5.62925 5.64753 5.66493 5.6815 5.69729 5.71235 5.72672 5.74043 5.75354 5.76607 5.77806 5.78955 5.80056 5.81113 5.8213 5.8311 5.84057 5.84978 5.8588 5.86774 5.87709 5.88948 nan nan nan nan 
nan nan nan nan 3.53797 3.54549 3.55407 3.56289 3.57191 3.58116 3.59071 3.60059 3.61087 3.62157 3.63273 3.64438 3.65657 3.66934 3.68271 3.69673 3.71145 3.72691 3.74315 3.76024 3.77822 3.79716 3.81712 3.83816 3.86035 3.88377 3.90849 3.93459 3.96215 3.99124 4.02194 4.05434 4.08848 4.12444 4.16225 4.20196 4.24356 4.28704 4.33236 4.37943 4.42814 4.47832 4.52978 4.58228 4.63555 4.68929 4.74319 4.79693 4.8502 4.9027 4.95416 5.00434 5.05305 5.10012 5.14544 5.18892 5.23052 5.27022 5.30804 5.344 5.37814 5.41053 5.44124 5.47033 5.49789 5.52399 5.54871 5.57213 5.59432 5.61536 5.63532 5.65426 5.67225 5.68933 5.70558 5.72104 5.73576 5.74978 5.76316 5.77592 5.78811 5.79976 5.81091 5.82159 5.83183 5.84168 5.85117 5.86033 5.86922 5.87788 5.88637 5.89463 5.90187 nan nan nan nan 
nan nan nan 3.50595 3.51759 3.52622 3.53452 3.54291 3.55152 3.56039 3.56957 3.57909 3.589 3.59934 3.61013 3.62141 3.63322 3.6456 3.65859 3.67223 3.68656 3.70163 3.71751 3.73423 3.75186 3.77046 3.79011 3.81087 3.83282 3.85604 3.88061 3.90663 3.93419 3.96337 3.99428 4.027 4.06161 4.0982 4.13684 4.17756 4.2204 4.26536 4.3124 4.36144 4.41237 4.465 4.51913 4.57448 4.63073 4.68754 4.74454 4.80135 4.8576 4.91295 4.96708 5.01971 5.07064 5.11968 5.16672 5.21168 5.25452 5.29524 5.33387 5.37046 5.40508 5.4378 5.4687 5.49789 5.52544 5.55147 5.57604 5.59926 5.62121 5.64197 5.66162 5.68023 5.69786 5.71458 5.73045 5.74553 5.75987 5.7735 5.78649 5.79887 5.81068 5.82196 5.83274 5.84305 5.85294 5.86243 5.87156 5.88037 5.88888 5.89715 5.90522 5.91319 5.9215 5.93271 nan nan nan 
nan nan nan 3.49431 3.5002 3.50731 3.51486 3.52272 3.53086 3.53931 3.54808 3.55721 3.56672 3.57665 3.58703 3.5979 3.6093 3.62126 3.63382 3.64702 3.66092 3.67557 3.69101 3.7073 3.72452 3.74272 3.76198 3.78239 3.80401 3.82695 3.85129 3.87714 3.9046 3.93379 3.9648 3.99776 4.03277 4.06993 4.10933 4.15105 4.19513 4.2416 4.29043 4.34157 4.39488 4.4502 4.50726 4.56577 4.62535 4.6856 4.74608 4.80633 4.86591 4.92442 4.98148 5.03679 5.09011 5.14124 5.19008 5.23655 5.28063 5.32235 5.36175 5.3989 5.43391 5.46687 5.49789 5.52707 5.55454 5.58039 5.60473 5.62767 5.64929 5.6697 5.68896 5.70716 5.72438 5.74068 5.75612 5.77077 5.78467 5.79788 5.81044 5.82239 5.83378 5.84465 5.85503 5.86495 5.87444 5.88354 5.89228 5.90069 5.90879 5.91661 5.92416 5.93142 5.93825 5.94392 nan nan nan 
nan nan nan 3.47678 3.48161 3.48794 3.49489 3.50223 3.50991 3.5179 3.52624 3.53493 3.54401 3.55351 3.56345 3.57388 3.58481 3.59631 3.6084 3.62113 3.63454 3.6487 3.66365 3.67946 3.69619 3.71392 3.73272 3.75268 3.77389 3.79645 3.82046 3.84603 3.87329 3.90237 3.93338 3.96648 4.00178 4.03941 4.07951 4.12217 4.16747 4.21547 4.26617 4.31952 4.37541 4.43364 4.49395 4.55598 4.61931 4.68344 4.74784 4.81197 4.87529 4.93733 4.99764 5.05587 5.11176 5.16511 5.2158 5.2638 5.30911 5.35176 5.39186 5.4295 5.4648 5.49789 5.5289 5.55798 5.58524 5.61082 5.63483 5.65739 5.6786 5.69856 5.71736 5.73509 5.75182 5.76763 5.78259 5.79675 5.81016 5.82289 5.83498 5.84648 5.85742 5.86784 5.87777 5.88726 5.89633 5.90501 5.91333 5.92132 5.92898 5.93634 5.94339 5.95007 5.95615 5.96079 nan nan nan 
nan nan 3.44295 3.45443 3.4615 3.46795 3.47454 3.48142 3.48863 3.49616 3.50404 3.51227 3.52089 3.52992 3.53939 3.54933 3.55978 3.57076 3.58234 3.59454 3.60742 3.62104 3.63544 3.65069 3.66687 3.68405 3.7023 3.72173 3.74242 3.76449 3.78806 3.81324 3.84017 3.86901 3.89989 3.93298 3.96844 4.00644 4.04712 4.09064 4.13712 4.18664 4.23926 4.29494 4.35359 4.41502 4.47892 4.54491 4.61247 4.681 4.74988 4.81841 4.88597 4.95195 5.01586 5.07729 5.13594 5.19162 5.24423 5.29375 5.34023 5.38375 5.42443 5.46243 5.49789 5.53098 5.56186 5.5907 5.61763 5.64282 5.66638 5.68845 5.70915 5.72858 5.74683 5.76401 5.78019 5.79545 5.80985 5.82347 5.83635 5.84855 5.86013 5.87112 5.88156 5.8915 5.90097 5.91 5.91862 5.92685 5.93473 5.94226 5.94948 5.95638 5.96298 5.96931 5.9755 5.98231 5.99335 nan nan 
nan nan 3.43148 3.43647 3.44203 3.44782 3.45389 3.46029 3.46702 3.47407 3.48147 3.48923 3.49736 3.5059 3.51486 3.52428 3.53419 3.54464 3.55565 3.56728 3.57957 3.59259 3.60637 3.62101 3.63655 3.65309 3.67071 3.6895 3.70958 3.73105 3.75404 3.77869 3.80516 3.8336 3.86419 3.89712 3.93258 3.97078 4.01191 4.05616 4.10373 4.15473 4.20928 4.26739 4.329 4.39391 4.46182 4.53227 4.60464 4.67824 4.75224 4.82584 4.89821 4.96866 5.03656 5.10148 5.16308 5.22119 5.27574 5.32674 5.37431 5.41856 5.45969 5.49789 5.53335 5.56628 5.59687 5.62531 5.65178 5.67643 5.69943 5.7209 5.74097 5.75977 5.77739 5.79393 5.80947 5.82411 5.8379 5.85092 5.86321 5.87484 5.88586 5.89631 5.90622 5.91564 5.92461 5.93314 5.94128 5.94904 5.95645 5.96353 5.97029 5.97673 5.98286 5.98869 5.99425 5.99959 6.00439 nan nan 
nan nan 3.415 3.41796 3.42233 3.4274 3.43293 3.43883 3.44507 3.45165 3.45855 3.46581 3.47343 3.48144 3.48987 3.49874 3.50808 3.51794 3.52835 3.53935 3.551 3.56336 3.57647 3.5904 3.60524 3.62106 3.63794 3.656 3.67534 3.69608 3.71836 3.74233 3.76816 3.79604 3.82615 3.85872 3.89398 3.93218 3.97356 4.01838 4.06689 4.11928 4.17574 4.23635 4.3011 4.36982 4.44219 4.51769 4.59561 4.67506 4.75502 4.83447 4.91239 4.98789 5.06026 5.12898 5.19372 5.25433 5.31078 5.36318 5.41168 5.45651 5.49789 5.53608 5.57134 5.60392 5.63403 5.6619 5.68773 5.71171 5.73399 5.75473 5.77407 5.79213 5.80902 5.82484 5.83968 5.85362 5.86673 5.87908 5.89074 5.90175 5.91216 5.92202 5.93137 5.94024 5.94867 5.95669 5.96432 5.97159 5.97852 5.98512 5.99141 5.99738 6.00304 6.00834 6.01321 6.0174 6.02024 nan nan 
nan nan 3.39557 3.39805 3.40191 3.40652 3.41159 3.41703 3.4228 3.42888 3.43529 3.44203 3.44912 3.45658 3.46444 3.47272 3.48146 3.49069 3.50045 3.51078 3.52173 3.53337 3.54573 3.5589 3.57295 3.58795 3.604 3.62121 3.63969 3.65957 3.68099 3.70411 3.72913 3.75623 3.78565 3.81763 3.85245 3.89039 3.93178 3.97692 4.02615 4.07978 4.13806 4.20119 4.26923 4.34209 4.41944 4.50071 4.58505 4.67135 4.75833 4.84463 4.92897 5.01024 5.08759 5.16044 5.22848 5.29161 5.34989 5.40351 5.45274 5.49789 5.53927 5.57721 5.61203 5.64401 5.67343 5.70054 5.72555 5.74868 5.7701 5.78998 5.80846 5.82567 5.84172 5.85673 5.87078 5.88395 5.89632 5.90795 5.91891 5.92925 5.93902 5.94825 5.95699 5.96528 5.97315 5.98062 5.98772 5.99448 6.00091 6.00702 6.01284 6.01836 6.02356 6.02843 6.03284 6.03655 6.03894 nan nan 
nan nan 3.37364 3.37676 3.38075 3.38516 3.38989 3.39491 3.40021 3.4058 3.41169 3.41789 3.42443 3.43131 3.43858 3.44624 3.45434 3.4629 3.47197 3.48158 3.49179 3.50264 3.5142 3.52652 3.5397 3.55379 3.56891 3.58516 3.60264 3.62151 3.64191 3.66401 3.688 3.71411 3.74259 3.77371 3.80779 3.84517 3.88623 3.93137 3.98103 4.03562 4.09554 4.16112 4.23256 4.30987 4.39278 4.48067 4.57254 4.66698 4.76231 4.85674 4.94861 5.0365 5.11941 5.19672 5.26815 5.33373 5.39365 5.44823 5.49789 5.54303 5.58409 5.62147 5.65555 5.68667 5.71515 5.74126 5.76526 5.78735 5.80775 5.82662 5.84411 5.86036 5.87548 5.88958 5.90275 5.91508 5.92664 5.9375 5.94771 5.95733 5.9664 5.97497 5.98307 5.99075 5.99802 6.00492 6.01147 6.0177 6.02361 6.02923 6.03457 6.03964 6.04444 6.04896 6.05319 6.05702 6.06002 nan nan 
nan 3.33672 3.3486 3.3546 3.35918 3.3635 3.3679 3.37249 3.37732 3.38241 3.38777 3.39342 3.39938 3.40568 3.41232 3.41933 3.42676 3.43462 3.44295 3.45179 3.4612 3.47121 3.48189 3.4933 3.50552 3.51862 3.53269 3.54785 3.56422 3.58192 3.60112 3.622 3.64476 3.66963 3.69688 3.72683 3.75982 3.79626 3.83659 3.88132 3.93097 3.98613 4.04736 4.11519 4.19003 4.27206 4.36115 4.45668 4.55746 4.66171 4.76717 4.87142 4.9722 5.06773 5.15681 5.23885 5.31368 5.3815 5.44273 5.49789 5.54754 5.59226 5.63259 5.66903 5.70202 5.73197 5.75923 5.7841 5.80686 5.82773 5.84694 5.86464 5.88101 5.89617 5.91025 5.92335 5.93557 5.94699 5.95767 5.96769 5.9771 5.98595 5.99429 6.00215 6.00958 6.01661 6.02326 6.02957 6.03555 6.04122 6.04661 6.05172 6.05657 6.06119 6.06558 6.0698 6.07394 6.07833 6.08409 6.09551 nan 
nan 3.32484 3.32946 3.33385 3.33785 3.34175 3.34572 3.34985 3.35418 3.35875 3.36356 3.36865 3.37401 3.37969 3.38568 3.39202 3.39874 3.40586 3.41341 3.42145 3.43 3.43911 3.44885 3.45928 3.47045 3.48246 3.49539 3.50935 3.52445 3.54084 3.55867 3.57811 3.59939 3.62275 3.64848 3.6769 3.70841 3.74346 3.78257 3.82633 3.87541 3.93057 3.99259 4.06227 4.14031 4.22722 4.32311 4.42747 4.53894 4.65524 4.77325 4.88955 5.00102 5.10537 5.20126 5.28816 5.3662 5.43587 5.49789 5.55304 5.60213 5.64589 5.68499 5.72004 5.75155 5.77997 5.8057 5.82906 5.85034 5.86979 5.88762 5.904 5.91911 5.93307 5.94601 5.95802 5.9692 5.97962 5.98937 5.99849 6.00704 6.01508 6.02265 6.02977 6.0365 6.04285 6.04886 6.05454 6.05993 6.06503 6.06987 6.07446 6.07882 6.08296 6.0869 6.0907 6.09444 6.09828 6.1025 6.10694 nan 
nan 3.30833 3.31054 3.31348 3.31664 3.31994 3.32338 3.327 3.33081 3.33483 3.33909 3.34359 3.34834 3.35337 3.3587 3.36434 3.37031 3.37666 3.3834 3.39058 3.39823 3.4064 3.41513 3.4245 3.43455 3.44538 3.45706 3.4697 3.48341 3.49832 3.51458 3.53239 3.55195 3.57352 3.59738 3.62389 3.65346 3.6866 3.72388 3.76601 3.81378 3.86815 3.93017 4.00099 4.08174 4.17343 4.27663 4.39117 4.51563 4.64706 4.78103 4.91246 5.03692 5.15145 5.25465 5.34633 5.42708 5.49789 5.5599 5.61427 5.66205 5.70417 5.74145 5.77458 5.80416 5.83067 5.85453 5.8761 5.89566 5.91347 5.92974 5.94465 5.95836 5.971 5.98268 5.99351 6.00357 6.01294 6.02168 6.02985 6.03751 6.04469 6.05144 6.0578 6.06378 6.06944 6.07477 6.07982 6.08459 6.08911 6.09339 6.09744 6.10128 6.10492 6.10838 6.11167 6.11482 6.11786 6.12068 6.1228 nan 
nan 3.28963 3.29088 3.29288 3.2953 3.29798 3.30087 3.30395 3.30722 3.31069 3.31437 3.31827 3.32239 3.32677 3.3314 3.33631 3.34152 3.34706 3.35296 3.35924 3.36594 3.37311 3.38078 3.38902 3.39789 3.40744 3.41778 3.42898 3.44115 3.45443 3.46896 3.48492 3.5025 3.52197 3.54362 3.5678 3.59495 3.62559 3.66035 3.70002 3.74555 3.79808 3.85896 3.92977 4.01226 4.10815 4.21888 4.345 4.4854 4.63636 4.79134 4.9423 5.08269 5.20881 5.31953 5.41541 5.49789 5.5687 5.62958 5.6821 5.72762 5.76729 5.80206 5.83269 5.85984 5.88402 5.90567 5.92514 5.94273 5.95869 5.97322 5.9865 5.99868 6.00988 6.02021 6.02978 6.03864 6.04689 6.05457 6.06174 6.06845 6.07473 6.08064 6.08618 6.09141 6.09633 6.10098 6.10537 6.10951 6.11343 6.11714 6.12064 6.12395 6.12707 6.13001 6.13277 6.13533 6.13765 6.13957 6.14077 nan 
nan 3.26967 3.27047 3.27187 3.2737 3.27582 3.27816 3.28071 3.28343 3.28634 3.28943 3.29272 3.2962 3.2999 3.30382 3.30798 3.31241 3.31711 3.32213 3.32748 3.33319 3.33931 3.34587 3.35293 3.36053 3.36873 3.37762 3.38728 3.3978 3.40929 3.42191 3.43581 3.45118 3.46825 3.48733 3.50875 3.53294 3.56044 3.59191 3.62818 3.67031 3.71963 3.77781 3.8469 3.92938 4.02807 4.1458 4.28468 4.44471 4.62169 4.80562 4.9826 5.14261 5.28149 5.39921 5.49789 5.58036 5.64944 5.70761 5.75693 5.79906 5.83533 5.8668 5.8943 5.91849 5.93991 5.95898 5.97606 5.99143 6.00533 6.01795 6.02945 6.03997 6.04963 6.05852 6.06673 6.07434 6.08139 6.08796 6.09409 6.09981 6.10516 6.11018 6.1149 6.11933 6.12351 6.12744 6.13115 6.13466 6.13796 6.14108 6.14403 6.1468 6.1494 6.15182 6.15407 6.15609 6.15784 6.15918 6.15995 nan 
nan 3.24891 3.24945 3.25045 3.2518 3.25342 3.25526 3.25728 3.25946 3.26181 3.26431 3.26697 3.2698 3.2728 3.276 3.27939 3.28301 3.28686 3.29096 3.29535 3.30004 3.30507 3.31047 3.31628 3.32256 3.32934 3.3367 3.34471 3.35346 3.36304 3.37358 3.38522 3.39813 3.41254 3.42869 3.44692 3.46762 3.49131 3.51864 3.55047 3.58787 3.63232 3.68572 3.75061 3.83029 3.92899 4.05167 4.20341 4.38728 4.60017 4.82676 5.03964 5.2235 5.37522 5.49789 5.59657 5.67625 5.74112 5.79452 5.83896 5.87637 5.90819 5.93552 5.95921 5.97991 5.99814 6.01429 6.0287 6.04162 6.05326 6.0638 6.07338 6.08213 6.09014 6.09751 6.1043 6.11058 6.11639 6.1218 6.12683 6.13153 6.13592 6.14004 6.14389 6.14752 6.15092 6.15413 6.15715 6.16 6.16268 6.16521 6.16759 6.16982 6.1719 6.17382 6.17558 6.17713 6.17842 6.17938 6.1799 nan 
nan 3.22761 3.22798 3.22867 3.22963 3.23082 3.23218 3.23369 3.23534 3.23711 3.23902 3.24105 3.24322 3.24552 3.24798 3.25059 3.25337 3.25634 3.25952 3.26291 3.26655 3.27045 3.27465 3.27918 3.28407 3.28937 3.29513 3.30142 3.30829 3.31583 3.32414 3.33335 3.3436 3.35507 3.36797 3.3826 3.3993 3.41853 3.44089 3.46715 3.49838 3.53603 3.58211 3.63947 3.71216 3.80591 3.9286 4.09029 4.30133 4.56526 4.86129 5.1252 5.33622 5.49789 5.62056 5.71429 5.78697 5.84433 5.8904 5.92805 5.95928 5.98554 6.00789 6.02712 6.04382 6.05845 6.07136 6.08283 6.09307 6.10229 6.1106 6.11815 6.12502 6.13131 6.13707 6.14238 6.14728 6.15181 6.15601 6.15992 6.16356 6.16696 6.17014 6.17312 6.17592 6.17854 6.181 6.18332 6.18551 6.18756 6.18949 6.1913 6.19299 6.19456 6.196 6.19729 6.19842 6.19934 6.20001 6.20036 nan 
nan 3.20594 3.20618 3.20662 3.20725 3.20803 3.20894 3.20996 3.21108 3.21229 3.2136 3.215 3.21649 3.21809 3.21979 3.22161 3.22355 3.22563 3.22785 3.23023 3.23279 3.23554 3.23851 3.24171 3.24518 3.24894 3.25305 3.25753 3.26244 3.26784 3.27382 3.28045 3.28785 3.29615 3.30554 3.31621 3.32845 3.34262 3.35921 3.37884 3.40244 3.43126 3.46717 3.51294 3.57288 3.65378 3.76652 3.92822 4.16364 4.49949 4.9267 5.26251 5.49789 5.65956 5.77228 5.85316 5.91309 5.95885 5.99476 6.02358 6.04717 6.06681 6.08339 6.09756 6.10981 6.12048 6.12986 6.13817 6.14557 6.15221 6.15818 6.16359 6.16851 6.17299 6.1771 6.18087 6.18434 6.18755 6.19052 6.19327 6.19584 6.19822 6.20045 6.20254 6.20449 6.20631 6.20802 6.20963 6.21114 6.21256 6.21388 6.21512 6.21628 6.21734 6.21831 6.21918 6.21993 6.22053 6.22095 6.22117 nan 
nan 3.18404 3.18416 3.18439 3.18471 3.18512 3.18559 3.18613 3.18673 3.18738 3.18809 3.18885 3.18967 3.19055 3.1915 3.19251 3.1936 3.19477 3.19602 3.19738 3.19884 3.20042 3.20212 3.20397 3.20599 3.20818 3.21058 3.21321 3.2161 3.21929 3.22283 3.22677 3.23119 3.23616 3.2418 3.24825 3.25567 3.2643 3.27446 3.28657 3.30125 3.31938 3.3423 3.37214 3.41245 3.4695 3.55509 3.69244 3.92788 4.34841 5.07745 5.49789 5.73326 5.87057 5.95614 6.01318 6.05348 6.08331 6.10623 6.12436 6.13903 6.15115 6.16131 6.16994 6.17736 6.18381 6.18945 6.19442 6.19884 6.20279 6.20633 6.20953 6.21242 6.21505 6.21746 6.21965 6.22167 6.22353 6.22524 6.22682 6.22829 6.22964 6.23091 6.23208 6.23318 6.2342 6.23515 6.23604 6.23687 6.23764 6.23836 6.23903 6.23965 6.24022 6.24073 6.24119 6.24157 6.24188 6.2421 6.24221 nan 
3.16203 3.16203 3.16204 3.16206 3.16209 3.16213 3.16218 3.16225 3.16233 3.16242 3.16252 3.16265 3.16279 3.16295 3.16313 3.16333 3.16356 3.16382 3.1641 3.16442 3.16477 3.16516 3.16559 3.16608 3.16661 3.16721 3.16788 3.16862 3.16945 3.17039 3.17144 3.17263 3.17397 3.17551 3.17727 3.1793 3.18167 3.18445 3.18775 3.19172 3.19659 3.20267 3.21045 3.22076 3.23504 3.25619 3.29072 3.35617 3.50701 3.92771 -0.785298 -0.364858 -0.214113 -0.148696 -0.11417 -0.0930347 -0.0787511 -0.0684443 -0.0606609 -0.0545839 -0.0497166 -0.0457389 -0.0424349 -0.0396534 -0.0372855 -0.0352505 -0.0334877 -0.03195 -0.0306007 -0.0294109 -0.028357 -0.02742 -0.0265842 -0.0258368 -0.0251668 -0.0245651 -0.024024 -0.0235368 -0.0230978 -0.0227021 -0.0223455 -0.0220241 -0.0217348 -0.0214746 -0.021241 -0.0210318 -0.0208448 -0.0206785 -0.020531 -0.020401 -0.0202871 -0.0201883 -0.0201034 -0.0200315 -0.0199716 -0.0199231 -0.0198852 -0.0198574 -0.0198391 -0.01983 -0.01983 
nan 3.14 3.13991 3.13972 3.13946 3.13913 3.13876 3.13835 3.13791 3.13744 3.13694 3.13643 3.13589 3.13533 3.13474 3.13413 3.1335 3.13284 3.13215 3.13142 3.13066 3.12986 3.12902 3.12813 3.12718 3.12618 3.1251 3.12395 3.12271 3.12137 3.11991 3.11832 3.11656 3.11462 3.11246 3.11002 3.10725 3.10407 3.10036 3.09598 3.09072 3.08424 3.07606 3.06535 3.05068 3.02915 2.99423 2.92842 2.77726 2.35629 0.784877 0.364176 0.213103 0.147326 0.112424 0.0909038 0.0762303 0.0655305 0.0573519 0.0508783 0.0456134 0.0412373 0.0375343 0.0343535 0.0315859 0.029151 0.0269881 0.0250501 0.0233006 0.0217103 0.020256 0.0189185 0.0176824 0.0165346 0.0154642 0.0144623 0.0135211 0.012634 0.0117953 0.0110002 0.0102445 0.00952454 0.00883721 0.00817979 0.00754992 0.00694561 0.0063652 0.00580736 0.0052711 0.00475583 0.00426146 0.00378853 0.00333849 0.00291407 0.00251974 0.00216233 0.0018514 0.00159929 0.00141992 0.00132621 nan 
nan 3.11808 3.11786 3.11745 3.11688 3.11618 3.11538 3.11448 3.11351 3.11248 3.11138 3.11023 3.10901 3.10773 3.10638 3.10496 3.10347 3.10189 3.10022 3.09846 3.09659 3.09461 3.09249 3.09023 3.08781 3.08521 3.0824 3.07937 3.07607 3.07247 3.06852 3.06417 3.05935 3.05397 3.04792 3.04107 3.03325 3.02421 3.01365 3.00113 2.98606 2.96753 2.94421 2.91397 2.87327 2.81583 2.72985 2.59212 2.35629 1.93533 1.20558 0.784709 0.548952 0.411263 0.325313 0.267883 0.227191 0.196962 0.173648 0.155125 0.14005 0.127538 0.11698 0.107946 0.100124 0.0932802 0.0872383 0.0818615 0.0770423 0.0726954 0.0687519 0.0651557 0.0618606 0.0588283 0.0560268 0.0534291 0.0510121 0.0487562 0.0466447 0.044663 0.0427986 0.0410405 0.0393793 0.0378066 0.0363153 0.0348991 0.0335527 0.0322716 0.0310522 0.0298917 0.0287886 0.0277424 0.0267547 0.0258295 0.0249742 0.0242012 0.0235292 0.0229832 0.0225933 0.0223887 nan 
nan 3.09636 3.09601 3.09535 3.09445 3.09334 3.09208 3.09069 3.08919 3.08759 3.08589 3.08409 3.08219 3.08019 3.07809 3.07586 3.07351 3.07103 3.0684 3.06561 3.06264 3.05948 3.05611 3.0525 3.04862 3.04444 3.03993 3.03504 3.02972 3.02391 3.01753 3.01049 3.00269 2.99397 2.98419 2.97311 2.96046 2.94589 2.9289 2.90886 2.88486 2.85564 2.81933 2.77316 2.71283 2.63153 2.51839 2.35629 2.12047 1.78417 1.35642 1.02015 0.784366 0.622299 0.509184 0.427906 0.367585 0.321422 0.285124 0.255906 0.231914 0.211877 0.194896 0.180324 0.167681 0.156606 0.146822 0.138114 0.130311 0.123277 0.1169 0.111091 0.105776 0.100891 0.0963855 0.0922149 0.0883417 0.084734 0.0813642 0.0782086 0.0752464 0.0724596 0.0698327 0.067352 0.0650054 0.0627827 0.0606748 0.0586741 0.0567743 0.0549703 0.0532587 0.0516379 0.0501085 0.0486749 0.0473462 0.0461392 0.0450809 0.0442109 0.0435811 0.0432467 nan 
nan 3.07499 3.07447 3.0735 3.0722 3.07065 3.06891 3.06701 3.06496 3.06279 3.06048 3.05805 3.05548 3.05277 3.04991 3.04689 3.04369 3.04032 3.03673 3.03293 3.02888 3.02457 3.01996 3.01503 3.00972 3.00401 2.99784 2.99115 2.98388 2.97593 2.9672 2.95759 2.94693 2.93506 2.92175 2.90672 2.88961 2.86998 2.84722 2.82055 2.78892 2.75087 2.70439 2.64662 2.57353 2.47939 2.35629 2.19419 1.98274 1.71836 1.42186 1.1575 0.946068 0.783991 0.660918 0.566789 0.493712 0.435957 0.389481 0.351437 0.319809 0.293149 0.270397 0.250768 0.233666 0.218638 0.205329 0.193461 0.18281 0.173199 0.16448 0.156533 0.149259 0.142575 0.136409 0.130703 0.125406 0.120474 0.11587 0.111561 0.107518 0.103719 0.10014 0.0967631 0.0935717 0.0905514 0.0876896 0.0849757 0.0824004 0.0799565 0.0776381 0.0754418 0.0733666 0.0714153 0.0695965 0.0679285 0.0664441 0.0651985 0.0642735 0.0637701 nan 
nan 3.05415 3.05337 3.05199 3.05021 3.04816 3.0459 3.04347 3.04087 3.03812 3.03521 3.03215 3.02891 3.02549 3.02189 3.01809 3.01406 3.0098 3.00529 3.00049 2.99539 2.98996 2.98414 2.97792 2.97124 2.96404 2.95627 2.94785 2.9387 2.92871 2.91777 2.90572 2.8924 2.87759 2.86103 2.8424 2.82129 2.7972 2.76946 2.73723 2.69942 2.65457 2.60077 2.53548 2.45539 2.35629 2.2332 2.08106 1.89676 1.68344 1.4564 1.24309 1.05881 0.906682 0.783604 0.68452 0.604442 0.539163 0.485369 0.440528 0.402721 0.370502 0.342769 0.318677 0.297574 0.278948 0.262393 0.247587 0.23427 0.222228 0.211287 0.201302 0.192153 0.183739 0.175973 0.168782 0.162104 0.155886 0.150079 0.144645 0.139548 0.134757 0.130245 0.125989 0.121967 0.118161 0.114557 0.111138 0.107895 0.104817 0.101895 0.0991246 0.0965006 0.094023 0.0916961 0.089534 0.0875686 0.0858653 0.0845443 0.08379 nan 
nan 3.0341 3.03286 3.03088 3.0285 3.02587 3.02306 3.02008 3.01693 3.01361 3.01011 3.00641 3.00252 2.99841 2.99408 2.9895 2.98467 2.97955 2.97413 2.96837 2.96224 2.95571 2.94874 2.94128 2.93327 2.92465 2.91535 2.90529 2.89436 2.88246 2.86943 2.85513 2.83936 2.82187 2.80239 2.78056 2.75597 2.72807 2.69619 2.65951 2.61698 2.56725 2.50867 2.43918 2.35629 2.2572 2.13906 1.99976 1.83932 1.66191 1.47754 1.30014 1.13971 1.00043 0.882297 0.783211 0.700333 0.630849 0.57228 0.522563 0.480032 0.443358 0.411491 0.383593 0.359001 0.337182 0.317705 0.300224 0.284452 0.270154 0.257136 0.245234 0.234312 0.224254 0.21496 0.206348 0.198343 0.190885 0.183917 0.177393 0.171272 0.165516 0.160095 0.154979 0.150145 0.145571 0.141237 0.137126 0.133225 0.129521 0.126002 0.12266 0.119488 0.11648 0.113631 0.110943 0.108431 0.10615 0.104248 0.103055 nan 
nan 3.01529 3.01309 3.01016 3.00702 3.00377 3.0004 2.99687 2.99317 2.98928 2.98519 2.98087 2.97633 2.97155 2.9665 2.96118 2.95555 2.9496 2.9433 2.9366 2.92949 2.92191 2.91383 2.90518 2.89591 2.88594 2.8752 2.86359 2.85101 2.83732 2.82238 2.80602 2.78802 2.76815 2.74609 2.72151 2.69395 2.66291 2.62774 2.58766 2.54173 2.4888 2.42751 2.35629 2.27341 2.17711 2.06597 1.93943 1.79862 1.64723 1.49183 1.34045 1.19965 1.07311 0.961983 0.865694 0.782814 0.711602 0.650321 0.597398 0.551472 0.5114 0.476235 0.445198 0.417651 0.393069 0.371021 0.351149 0.333158 0.3168 0.301867 0.288186 0.275606 0.264003 0.253267 0.243305 0.234037 0.225392 0.21731 0.209738 0.202629 0.195941 0.189638 0.183689 0.178064 0.17274 0.167693 0.162905 0.158358 0.154038 0.149931 0.146027 0.142313 0.138777 0.135405 0.132175 0.129063 0.126054 0.123243 0.121128 nan 
nan 2.99868 2.99404 2.98965 2.98566 2.9818 2.97789 2.97384 2.9696 2.96516 2.96048 2.95557 2.9504 2.94495 2.93921 2.93316 2.92677 2.92001 2.91285 2.90526 2.8972 2.88863 2.87948 2.8697 2.85924 2.848 2.83591 2.82287 2.80875 2.79343 2.77676 2.75854 2.73857 2.7166 2.69234 2.66542 2.63544 2.6019 2.56421 2.52168 2.4735 2.41872 2.35629 2.28507 2.20391 2.11182 2.0082 1.89326 1.76838 1.63653 1.50214 1.37029 1.24542 1.13048 1.02687 0.934782 0.853629 0.782416 0.719996 0.665227 0.617051 0.574528 0.536845 0.503309 0.473332 0.44642 0.422157 0.400192 0.380229 0.362018 0.345347 0.330034 0.315924 0.302884 0.290798 0.279568 0.269106 0.259337 0.250194 0.24162 0.233564 0.22598 0.218828 0.212073 0.205683 0.199631 0.193891 0.188442 0.183265 0.178342 0.173659 0.169202 0.164958 0.160911 0.157036 0.153291 0.14959 0.145761 0.141543 0.137085 nan 
nan 2.98672 2.97475 2.96874 2.96417 2.95987 2.95551 2.95098 2.94624 2.94126 2.93602 2.93052 2.92473 2.91864 2.91223 2.90548 2.89835 2.89081 2.88284 2.8744 2.86543 2.85591 2.84576 2.83492 2.82334 2.81092 2.79758 2.78321 2.7677 2.75091 2.73267 2.71282 2.69113 2.66736 2.64123 2.6124 2.58048 2.54503 2.50552 2.46135 2.41186 2.35629 2.29387 2.22379 2.14534 2.05802 1.96172 1.85695 1.74506 1.62835 1.50992 1.39321 1.28133 1.17656 1.08027 0.992955 0.914512 0.844437 0.782016 0.726458 0.67697 0.63281 0.593304 0.557856 0.525945 0.497119 0.470992 0.44723 0.425547 0.405696 0.387468 0.370679 0.355172 0.34081 0.327474 0.315062 0.303481 0.292654 0.282509 0.272985 0.264027 0.255587 0.247621 0.240092 0.232965 0.226209 0.219798 0.213707 0.207916 0.202406 0.197161 0.192165 0.187407 0.182871 0.178537 0.174364 0.170245 0.165857 0.160081 0.148583 nan 
nan nan 2.94951 2.94639 2.9424 2.938 2.93331 2.92835 2.92312 2.91761 2.91183 2.90575 2.89937 2.89266 2.8856 2.87817 2.87033 2.86205 2.85331 2.84405 2.83423 2.82381 2.81272 2.80089 2.78827 2.77476 2.76027 2.7447 2.72793 2.70982 2.69021 2.66893 2.64576 2.62049 2.59282 2.56247 2.52907 2.49222 2.45149 2.40636 2.35629 2.30073 2.23909 2.17086 2.09561 2.01317 1.92367 1.82773 1.72653 1.62187 1.516 1.41134 1.31015 1.21421 1.12471 1.04228 0.967038 0.898807 0.837175 0.781616 0.731559 0.686436 0.645703 0.608864 0.575469 0.545118 0.517461 0.492188 0.46903 0.447751 0.428148 0.410041 0.393273 0.377708 0.363227 0.349723 0.337104 0.325288 0.314203 0.303783 0.293972 0.284719 0.275978 0.267709 0.259874 0.252442 0.245384 0.238673 0.232287 0.226205 0.220412 0.214891 0.209633 0.20463 0.199878 0.195382 0.191169 0.187342 0.184344 nan nan 
nan nan 2.92739 2.9249 2.92104 2.91644 2.91138 2.90598 2.90026 2.89425 2.88793 2.8813 2.87434 2.86703 2.85934 2.85126 2.84275 2.83377 2.82429 2.81426 2.80364 2.79238 2.78041 2.76767 2.75409 2.73958 2.72405 2.7074 2.6895 2.67023 2.64942 2.62692 2.60252 2.576 2.54711 2.51558 2.4811 2.44331 2.40185 2.35629 2.30623 2.25124 2.19091 2.12492 2.05308 1.97536 1.89204 1.80373 1.71145 1.61661 1.52086 1.42602 1.33374 1.24544 1.16212 1.08441 1.01256 0.946584 0.886262 0.831272 0.781215 0.735668 0.694206 0.656425 0.621946 0.590423 0.561543 0.535029 0.510632 0.48813 0.467331 0.448062 0.430171 0.413523 0.398001 0.383499 0.369924 0.357192 0.34523 0.333972 0.323359 0.313339 0.303863 0.29489 0.286381 0.278302 0.270622 0.263314 0.256353 0.249717 0.243389 0.237355 0.231605 0.226137 0.220962 0.216117 0.211707 0.207999 0.205607 nan nan 
nan nan 2.90776 2.90479 2.90041 2.89533 2.8898 2.88392 2.87771 2.87119 2.86434 2.85717 2.84965 2.84177 2.83349 2.82478 2.81563 2.80598 2.79581 2.78506 2.77369 2.76165 2.74887 2.73529 2.72083 2.70542 2.68896 2.67134 2.65245 2.63217 2.61034 2.58681 2.56138 2.53387 2.50405 2.47166 2.43643 2.39808 2.35629 2.31074 2.2611 2.20707 2.14838 2.08485 2.0164 1.94313 1.86537 1.78369 1.69894 1.61223 1.52484 1.43813 1.35338 1.2717 1.19394 1.12068 1.05224 0.988707 0.930022 0.875994 0.82636 0.780813 0.739029 0.700683 0.665465 0.633081 0.60326 0.575753 0.550336 0.526807 0.504984 0.484704 0.465824 0.448213 0.431755 0.416348 0.401899 0.388325 0.375553 0.363516 0.352154 0.341413 0.331246 0.321607 0.312458 0.303763 0.295489 0.287608 0.280092 0.272921 0.266073 0.259534 0.253295 0.247352 0.241715 0.236416 0.231543 0.227339 0.224478 nan nan 
nan nan 2.89112 2.88607 2.88048 2.87467 2.86858 2.86218 2.85547 2.84844 2.84109 2.83339 2.82534 2.8169 2.80805 2.79876 2.789 2.77873 2.7679 2.75648 2.74442 2.73166 2.71813 2.70378 2.68854 2.67231 2.65502 2.63655 2.61681 2.59566 2.57297 2.54858 2.52234 2.49406 2.46354 2.43056 2.3949 2.35629 2.3145 2.26928 2.22037 2.16756 2.11069 2.04968 1.98452 1.91539 1.84261 1.7667 1.68838 1.60852 1.52814 1.44829 1.36996 1.29406 1.22128 1.15215 1.087 1.02599 0.969127 0.916326 0.86742 0.822196 0.780411 0.741814 0.70615 0.673177 0.642661 0.614386 0.588152 0.563776 0.541091 0.519947 0.500207 0.481748 0.464458 0.448238 0.432998 0.418657 0.405141 0.392384 0.380327 0.368914 0.358099 0.347834 0.338081 0.328802 0.319964 0.311535 0.303489 0.2958 0.288448 0.281415 0.274688 0.268261 0.26213 0.25629 0.250709 0.245336 0.240487 nan nan 
nan nan 2.87951 2.86791 2.86077 2.85428 2.84766 2.84076 2.83355 2.82603 2.81817 2.80997 2.8014 2.79244 2.78306 2.77321 2.76288 2.75202 2.7406 2.72855 2.71585 2.70242 2.68822 2.67318 2.65722 2.64027 2.62225 2.60304 2.58256 2.56068 2.53728 2.51222 2.48535 2.4565 2.4255 2.39216 2.35629 2.31769 2.27615 2.23149 2.18352 2.13211 2.07715 2.01863 1.95662 1.8913 1.82298 1.75213 1.67934 1.60534 1.53092 1.45692 1.38414 1.31329 1.24497 1.17965 1.11764 1.05913 1.00417 0.952764 0.9048 0.860139 0.818607 0.780009 0.744145 0.710814 0.67982 0.650977 0.624109 0.599053 0.575658 0.553786 0.533309 0.514113 0.496091 0.479149 0.463199 0.448163 0.433969 0.420552 0.407854 0.395819 0.3844 0.37355 0.36323 0.353401 0.344028 0.33508 0.326527 0.318343 0.310503 0.302988 0.295782 0.288874 0.282256 0.275902 0.26967 0.262807 0.251647 nan nan 
nan nan nan 2.84528 2.84041 2.83402 2.82702 2.81965 2.81195 2.80394 2.7956 2.78692 2.77787 2.76841 2.75852 2.74816 2.73729 2.72589 2.7139 2.70129 2.68799 2.67397 2.65915 2.64349 2.6269 2.60931 2.59065 2.57081 2.54971 2.52723 2.50326 2.47767 2.45032 2.42108 2.38979 2.35629 2.32043 2.28202 2.24093 2.19701 2.15012 2.10019 2.04717 1.99108 1.93202 1.87019 1.80587 1.73948 1.67151 1.60257 1.53329 1.46434 1.39638 1.32999 1.26567 1.20384 1.14479 1.0887 1.03569 0.985758 0.938878 0.894955 0.853868 0.815471 0.779607 0.746113 0.714828 0.685592 0.658254 0.632669 0.608702 0.586228 0.565131 0.545302 0.526644 0.509066 0.492485 0.476826 0.46202 0.448003 0.434717 0.422109 0.410131 0.398737 0.387888 0.377543 0.367668 0.35823 0.349197 0.34054 0.332234 0.324253 0.316577 0.309196 0.302116 0.295394 0.28926 0.284577 nan nan nan 
nan nan nan 2.82752 2.82156 2.81439 2.80677 2.79885 2.79066 2.78218 2.77338 2.76424 2.75473 2.74481 2.73444 2.7236 2.71225 2.70034 2.68784 2.6747 2.66087 2.6463 2.63094 2.61472 2.59757 2.57943 2.56022 2.53986 2.51824 2.49527 2.47085 2.44487 2.4172 2.38772 2.35629 2.3228 2.28709 2.24904 2.20854 2.16548 2.11977 2.07136 2.02025 1.96649 1.9102 1.85156 1.79084 1.7284 1.66467 1.60013 1.53532 1.47079 1.40705 1.34461 1.2839 1.22526 1.16897 1.11521 1.06411 1.01571 0.969999 0.926938 0.886439 0.8484 0.812698 0.779204 0.747786 0.718309 0.690644 0.664665 0.640253 0.617294 0.595683 0.575321 0.556117 0.537986 0.52085 0.504637 0.489281 0.474721 0.460901 0.447769 0.435277 0.423381 0.41204 0.401215 0.390871 0.380974 0.37149 0.362389 0.353639 0.345211 0.337079 0.329218 0.321618 0.314298 0.307398 0.301664 nan nan nan 
nan nan nan 2.81573 2.80393 2.79519 2.78681 2.77833 2.76966 2.76073 2.75151 2.74194 2.732 2.72165 2.71085 2.69956 2.68775 2.67538 2.66241 2.64879 2.63448 2.61943 2.60358 2.58687 2.56924 2.55063 2.53096 2.51015 2.48811 2.46477 2.44002 2.41376 2.38589 2.35629 2.32487 2.29151 2.25609 2.21852 2.17872 2.13659 2.0921 2.04523 1.99598 1.94444 1.89072 1.835 1.77753 1.71861 1.65862 1.59796 1.53708 1.47642 1.41643 1.35752 1.30005 1.24433 1.19061 1.13907 1.08983 1.04296 0.998476 0.956357 0.916553 0.878991 0.843581 0.81022 0.778802 0.749215 0.721349 0.695096 0.67035 0.647011 0.624985 0.604181 0.584516 0.56591 0.548291 0.531591 0.515747 0.5007 0.486397 0.472788 0.459827 0.447469 0.435675 0.424407 0.413628 0.403304 0.393401 0.383885 0.374721 0.365875 0.357308 0.34898 0.34084 0.332782 0.32437 0.313017 nan nan nan 
nan nan nan nan 2.78325 2.77563 2.76694 2.75802 2.74892 2.73958 2.72997 2.72002 2.70969 2.69894 2.68774 2.67605 2.66382 2.65103 2.63763 2.62358 2.60884 2.59335 2.57707 2.55994 2.5419 2.52288 2.50283 2.48166 2.4593 2.43567 2.41069 2.38426 2.35629 2.3267 2.29539 2.26226 2.22724 2.19024 2.1512 2.11007 2.06682 2.02146 1.97401 1.92457 1.87323 1.82019 1.76566 1.7099 1.65324 1.59602 1.53862 1.4814 1.42474 1.36899 1.31446 1.26141 1.21008 1.16064 1.11319 1.06783 1.02459 0.983462 0.944426 0.907432 0.872414 0.839295 0.807986 0.778399 0.750441 0.724018 0.699039 0.675417 0.653065 0.631903 0.611855 0.592848 0.574813 0.557689 0.541414 0.525935 0.5112 0.49716 0.483772 0.470993 0.458785 0.447109 0.43593 0.425214 0.414925 0.405029 0.395487 0.386259 0.377298 0.368554 0.359979 0.351619 0.344282 nan nan nan nan 
nan nan nan nan 2.77019 2.75713 2.7473 2.73788 2.7284 2.71872 2.70876 2.69847 2.68779 2.67669 2.66512 2.65306 2.64046 2.62729 2.6135 2.59907 2.58394 2.56807 2.55142 2.53392 2.51553 2.49618 2.47581 2.45436 2.43176 2.40793 2.3828 2.35629 2.32833 2.29883 2.26772 2.23492 2.20037 2.164 2.12578 2.08567 2.04366 1.99977 1.95405 1.90657 1.85746 1.80687 1.755 1.7021 1.64842 1.59427 1.53996 1.48582 1.43214 1.37924 1.32737 1.27678 1.22767 1.1802 1.13448 1.09059 1.04858 1.00848 0.970257 0.933898 0.89935 0.866557 0.83545 0.805956 0.777997 0.751496 0.726373 0.702551 0.679955 0.658512 0.638153 0.618812 0.600426 0.582936 0.566286 0.550426 0.535306 0.520881 0.507108 0.493947 0.481361 0.469313 0.457769 0.446695 0.436057 0.425817 0.415938 0.406374 0.397072 0.387959 0.378903 0.369433 0.356858 nan nan nan nan 
nan nan nan nan nan 2.73542 2.72723 2.71781 2.70809 2.69814 2.68789 2.6773 2.66631 2.65489 2.643 2.63061 2.61767 2.60415 2.59003 2.57525 2.55978 2.54358 2.5266 2.5088 2.49011 2.47049 2.44988 2.42822 2.40544 2.38149 2.35629 2.32979 2.3019 2.27257 2.24173 2.20933 2.17531 2.13962 2.10225 2.06316 2.02238 1.97992 1.93583 1.89021 1.84315 1.79482 1.74539 1.69506 1.64407 1.59268 1.54115 1.48976 1.43877 1.38844 1.33901 1.29068 1.24363 1.19801 1.15392 1.11146 1.07068 1.0316 0.994231 0.958551 0.924533 0.892133 0.861301 0.831976 0.804096 0.777595 0.752405 0.728459 0.705691 0.684037 0.663433 0.64382 0.625141 0.607342 0.59037 0.574177 0.558718 0.54395 0.529832 0.516327 0.503399 0.491014 0.479139 0.467742 0.456789 0.446246 0.436075 0.426229 0.416656 0.407308 0.398242 0.390352 nan nan nan nan nan 
nan nan nan nan nan 2.72191 2.70839 2.69804 2.68802 2.67784 2.66737 2.65653 2.64527 2.63357 2.62139 2.60869 2.59545 2.58163 2.5672 2.55212 2.53636 2.51987 2.50262 2.48455 2.46563 2.44579 2.425 2.40319 2.3803 2.35629 2.3311 2.30466 2.27692 2.24782 2.21732 2.18536 2.15191 2.11693 2.08042 2.04236 2.00277 1.96168 1.91916 1.87527 1.83013 1.78388 1.73666 1.68868 1.64012 1.59122 1.5422 1.4933 1.44475 1.39676 1.34955 1.30329 1.25816 1.21427 1.17175 1.13067 1.09108 1.05302 1.01651 0.981543 0.948097 0.916143 0.885644 0.856552 0.828817 0.802383 0.777193 0.753189 0.730314 0.70851 0.687722 0.667895 0.648978 0.63092 0.613673 0.597194 0.581438 0.566367 0.551943 0.538129 0.524894 0.512204 0.500031 0.488343 0.477111 0.466304 0.455885 0.44581 0.436016 0.426373 0.416406 0.403379 nan nan nan nan nan 
nan nan nan nan nan nan 2.68638 2.67794 2.66811 2.65785 2.64721 2.63616 2.62468 2.61273 2.60029 2.58733 2.57382 2.55972 2.54502 2.52968 2.51366 2.49693 2.47945 2.46117 2.44205 2.42206 2.40113 2.37923 2.35629 2.33228 2.30715 2.28083 2.25329 2.22448 2.19435 2.16288 2.13003 2.09578 2.06013 2.02308 1.98466 1.94489 1.90384 1.86158 1.81823 1.77389 1.72871 1.68286 1.63652 1.58988 1.54313 1.49649 1.45015 1.4043 1.35913 1.31479 1.27144 1.22918 1.18814 1.14837 1.10995 1.0729 1.03725 1.00301 0.970168 0.9387 0.90858 0.879772 0.852236 0.825926 0.800794 0.776791 0.753866 0.731968 0.71105 0.691061 0.671955 0.653686 0.63621 0.619486 0.603475 0.588138 0.573442 0.559354 0.545842 0.532879 0.520436 0.508488 0.497009 0.485972 0.475351 0.465112 0.455225 0.445761 0.437631 nan nan nan nan nan nan 
nan nan nan nan nan nan 2.6728 2.65923 2.64865 2.63822 2.62745 2.61624 2.60456 2.59239 2.57972 2.56651 2.55276 2.53842 2.52348 2.50791 2.49167 2.47474 2.45707 2.43862 2.41936 2.39925 2.37824 2.35629 2.33336 2.3094 2.28437 2.25823 2.23093 2.20244 2.17273 2.14177 2.10955 2.07604 2.04125 2.00519 1.96788 1.92938 1.88972 1.849 1.8073 1.76473 1.72143 1.67754 1.63322 1.58864 1.54397 1.49938 1.45506 1.41117 1.36787 1.32531 1.28361 1.24289 1.20324 1.16473 1.12743 1.09138 1.05659 1.02309 0.990862 0.959908 0.930203 0.901721 0.87443 0.848292 0.823267 0.799314 0.776389 0.754448 0.733448 0.713344 0.694095 0.675659 0.657995 0.641066 0.624836 0.609269 0.594334 0.580001 0.566243 0.553033 0.540348 0.528165 0.516464 0.505226 0.494434 0.48406 0.474012 0.463816 0.450723 nan nan nan nan nan nan 
nan nan nan nan nan nan nan 2.63752 2.62904 2.61894 2.60813 2.59678 2.58492 2.57255 2.55967 2.54625 2.53228 2.51773 2.50258 2.48681 2.47039 2.45328 2.43546 2.41689 2.39753 2.37734 2.35629 2.33435 2.31146 2.28759 2.26271 2.23678 2.20976 2.18163 2.15236 2.12194 2.09034 2.05757 2.02363 1.98854 1.95231 1.91501 1.87668 1.83739 1.79724 1.75631 1.71474 1.67266 1.63019 1.58749 1.54471 1.50201 1.45954 1.41745 1.37589 1.33497 1.29481 1.25553 1.2172 1.17989 1.14368 1.10858 1.07465 1.04188 1.01029 0.979867 0.950604 0.92248 0.89547 0.869544 0.844669 0.820809 0.797928 0.775987 0.754949 0.734773 0.715422 0.696858 0.679045 0.661948 0.645533 0.629768 0.614624 0.600074 0.586094 0.572661 0.559756 0.54736 0.535456 0.524034 0.513097 0.502684 0.492946 0.484769 nan nan nan nan nan nan nan 
nan nan nan nan nan nan nan 2.62428 2.61105 2.60036 2.58937 2.57783 2.56579 2.55323 2.54015 2.52654 2.51237 2.49763 2.4823 2.46636 2.44978 2.43254 2.4146 2.39594 2.37651 2.35629 2.33525 2.31334 2.29053 2.2668 2.2421 2.21641 2.18971 2.16196 2.13315 2.10327 2.07232 2.04028 2.00717 1.97301 1.93783 1.90167 1.86459 1.82665 1.78794 1.74854 1.70857 1.66815 1.62738 1.58641 1.54538 1.50441 1.46364 1.42322 1.38325 1.34385 1.30514 1.26721 1.23013 1.19397 1.15879 1.12464 1.09153 1.0595 1.02854 0.998668 0.969867 0.942126 0.915426 0.889745 0.865054 0.841325 0.818527 0.796625 0.775586 0.755377 0.735962 0.717307 0.69938 0.682148 0.665579 0.649645 0.63432 0.619577 0.605398 0.591763 0.578656 0.566062 0.553967 0.542357 0.531237 0.520633 0.510318 0.497543 nan nan nan nan nan nan nan 
nan nan nan nan nan nan nan nan 2.59052 2.58209 2.57114 2.5594 2.54716 2.53443 2.52118 2.50738 2.49304 2.47813 2.46264 2.44655 2.42984 2.4125 2.39447 2.37575 2.35629 2.33608 2.31506 2.29323 2.27053 2.24696 2.22248 2.19706 2.17069 2.14335 2.11502 2.08569 2.05537 2.02405 1.99175 1.9585 1.92432 1.88925 1.85335 1.81668 1.77932 1.74135 1.70286 1.66397 1.62478 1.58541 1.54597 1.5066 1.46741 1.42852 1.39003 1.35206 1.3147 1.27803 1.24214 1.20707 1.17289 1.13964 1.10735 1.07604 1.04572 1.0164 0.98807 0.960731 0.934365 0.908955 0.884479 0.860912 0.838228 0.816399 0.795395 0.775186 0.755741 0.737029 0.71902 0.701684 0.684991 0.668915 0.653431 0.638518 0.624157 0.610336 0.597042 0.584266 0.571991 0.56019 0.548861 0.538292 0.530149 nan nan nan nan nan nan nan nan 
nan nan nan nan nan nan nan nan 2.57842 2.56633 2.5537 2.54145 2.52903 2.51616 2.50275 2.48878 2.47427 2.4592 2.44357 2.42736 2.41055 2.39312 2.37505 2.35629 2.33684 2.31665 2.2957 2.27397 2.25142 2.22804 2.20379 2.17867 2.15265 2.12572 2.09787 2.0691 2.03941 2.0088 1.9773 1.94492 1.91169 1.87767 1.84288 1.80741 1.77131 1.73467 1.69756 1.66009 1.62236 1.58446 1.54651 1.50861 1.47088 1.43341 1.39631 1.35966 1.32357 1.28809 1.25331 1.21929 1.18606 1.15369 1.12218 1.09158 1.06189 1.03313 1.00529 0.978362 0.952348 0.927231 0.902994 0.879616 0.857075 0.835348 0.814409 0.794231 0.774787 0.756048 0.737987 0.720575 0.703786 0.687593 0.671973 0.656906 0.642378 0.62838 0.61491 0.601969 0.589542 0.577551 0.565726 0.553525 0.541837 nan nan nan nan nan nan nan nan 
nan nan nan nan nan nan nan nan nan 2.5511 2.53588 2.52369 2.51136 2.49842 2.48486 2.47073 2.45605 2.44083 2.42507 2.40876 2.39188 2.3744 2.35629 2.33754 2.31811 2.29799 2.27713 2.25552 2.23314 2.20997 2.18598 2.16117 2.13552 2.10901 2.08165 2.05344 2.02437 1.99446 1.96372 1.93218 1.89987 1.86683 1.83311 1.79876 1.76385 1.72844 1.69263 1.65648 1.6201 1.58357 1.54699 1.51047 1.47408 1.43794 1.40212 1.36672 1.3318 1.29746 1.26373 1.2307 1.19839 1.16686 1.13612 1.10621 1.07715 1.04894 1.02158 0.995084 0.969435 0.944628 0.920649 0.897482 0.875109 0.853509 0.832662 0.812542 0.793127 0.77439 0.756305 0.738845 0.721984 0.705697 0.689961 0.674756 0.660069 0.645897 0.63225 0.619156 0.606658 0.594747 0.582965 0.568245 nan nan nan nan nan nan nan nan nan 
nan nan nan nan nan nan nan nan nan nan 2.51502 2.50606 2.4943 2.4813 2.46756 2.45322 2.43837 2.423 2.40713 2.39074 2.3738 2.35629 2.33819 2.31947 2.30009 2.28005 2.25931 2.23785 2.21566 2.19272 2.169 2.14451 2.11924 2.09316 2.06629 2.03862 2.01017 1.98093 1.95094 1.92021 1.88878 1.85668 1.82396 1.79067 1.75688 1.72263 1.68802 1.65311 1.61798 1.58273 1.54743 1.51217 1.47705 1.44214 1.40752 1.37328 1.33948 1.30619 1.27347 1.24138 1.20995 1.17922 1.14923 1.12 1.09155 1.06389 1.03702 1.01095 0.985682 0.961197 0.937492 0.914554 0.892369 0.870919 0.850186 0.83015 0.810789 0.792079 0.773997 0.756515 0.739609 0.723252 0.707418 0.692087 0.677244 0.662888 0.649036 0.635749 0.623188 0.611811 0.603144 nan nan nan nan nan nan nan nan nan nan 
nan nan nan nan nan nan nan nan nan nan 2.50313 2.49124 2.47846 2.46494 2.45084 2.43625 2.42119 2.40569 2.38972 2.37326 2.35629 2.33879 2.32071 2.30204 2.28274 2.2628 2.2422 2.22091 2.19893 2.17623 2.1528 2.12865 2.10375 2.07811 2.05172 2.0246 1.99674 1.96817 1.9389 1.90895 1.87836 1.84715 1.81538 1.7831 1.75035 1.71719 1.6837 1.64995 1.616 1.58193 1.54782 1.51375 1.4798 1.44604 1.41255 1.3794 1.34665 1.31436 1.28259 1.25139 1.2208 1.19085 1.16158 1.13302 1.10516 1.07805 1.05167 1.02603 1.00114 0.976987 0.953569 0.930874 0.908893 0.887611 0.867014 0.847082 0.827799 0.809141 0.791087 0.773611 0.756685 0.740282 0.724372 0.708929 0.693934 0.679374 0.665256 0.651615 0.638533 0.626166 0.614655 nan nan nan nan nan nan nan nan nan nan 
nan nan nan nan nan nan nan nan nan nan nan 2.4773 2.46336 2.44916 2.43462 2.41972 2.40447 2.38883 2.37278 2.35629 2.33933 2.32185 2.30383 2.28523 2.26604 2.24623 2.22578 2.20468 2.18291 2.16046 2.13734 2.11352 2.089 2.06379 2.03789 2.0113 1.98404 1.9561 1.92753 1.89833 1.86854 1.83819 1.80732 1.77598 1.74422 1.71209 1.67966 1.64698 1.61413 1.58117 1.54817 1.51521 1.48236 1.44968 1.41724 1.38511 1.35335 1.32201 1.29114 1.26079 1.23101 1.20181 1.17324 1.14531 1.11805 1.09146 1.06557 1.04036 1.01586 0.992043 0.968921 0.946482 0.924718 0.90362 0.883175 0.863368 0.844183 0.825601 0.8076 0.790156 0.77324 0.756818 0.740858 0.725325 0.710187 0.695419 0.681001 0.666921 0.653163 0.639665 nan nan nan nan nan nan nan nan nan nan nan 
nan nan nan nan nan nan nan nan nan nan nan nan 2.44853 2.43371 2.41874 2.40357 2.38813 2.37239 2.35629 2.3398 2.32287 2.30546 2.28752 2.26902 2.24995 2.23029 2.21001 2.1891 2.16757 2.14539 2.12256 2.09908 2.07495 2.05018 2.02475 1.99869 1.97199 1.94468 1.91678 1.8883 1.85928 1.82975 1.79974 1.76929 1.73846 1.7073 1.67586 1.64419 1.61236 1.58044 1.54849 1.51656 1.48474 1.45307 1.42163 1.39046 1.35963 1.32919 1.29918 1.26964 1.24062 1.21214 1.18424 1.15694 1.13025 1.10419 1.07877 1.054 1.02988 1.00641 0.983589 0.961413 0.939878 0.918976 0.898697 0.879031 0.859963 0.841479 0.823557 0.806174 0.789298 0.772894 0.756918 0.741325 0.726071 0.711113 0.696408 0.681905 0.667534 nan nan nan nan nan nan nan nan nan nan nan nan 
nan nan nan nan nan nan nan nan nan nan nan nan nan 2.41839 2.40308 2.38767 2.3721 2.35629 2.3402 2.32376 2.3069 2.28958 2.27176 2.25339 2.23446 2.21496 2.19486 2.17416 2.15286 2.13096 2.10843 2.0853 2.06156 2.0372 2.01225 1.9867 1.96056 1.93386 1.90661 1.87882 1.85053 1.82178 1.79258 1.76299 1.73304 1.70278 1.67227 1.64156 1.6107 1.57975 1.54877 1.51782 1.48696 1.45624 1.42573 1.39547 1.36552 1.33593 1.30673 1.27797 1.24969 1.2219 1.19465 1.16795 1.14182 1.11628 1.09133 1.06699 1.04325 1.02013 0.997611 0.975705 0.954406 0.933708 0.913607 0.894095 0.875161 0.856793 0.838975 0.821683 0.804886 0.788541 0.772593 0.756986 0.74166 0.726555 0.711611 0.696758 nan nan nan nan nan nan nan nan nan nan nan nan nan 
nan nan nan nan nan nan nan nan nan nan nan nan nan nan 2.38751 2.37194 2.35629 2.34049 2.32446 2.30812 2.2914 2.27422 2.25654 2.23832 2.21955 2.20022 2.18031 2.15983 2.13877 2.11714 2.09492 2.07213 2.04877 2.02483 2.00034 1.97529 1.9497 1.92359 1.89696 1.86984 1.84226 1.81424 1.78582 1.75703 1.72792 1.69853 1.66889 1.63908 1.60912 1.57909 1.54903 1.51899 1.48904 1.45922 1.42958 1.40018 1.37106 1.34227 1.31385 1.28583 1.25825 1.23113 1.20451 1.1784 1.15281 1.12777 1.10329 1.07937 1.05602 1.03323 1.01102 0.98939 0.968331 0.947845 0.927929 0.908581 0.889793 0.871559 0.853866 0.836698 0.820023 0.80379 0.787929 0.772367 0.757026 0.741836 0.726724 nan nan nan nan nan nan nan nan nan nan nan nan nan nan 
nan nan nan nan nan nan nan nan nan nan nan nan nan nan nan 2.35629 2.34065 2.32492 2.30902 2.29286 2.27634 2.25936 2.24186 2.22381 2.2052 2.18605 2.16634 2.14608 2.12526 2.10389 2.08198 2.05953 2.03654 2.01303 1.98899 1.96443 1.93937 1.91383 1.8878 1.86133 1.83442 1.80711 1.77943 1.75141 1.72309 1.6945 1.6657 1.63673 1.60763 1.57845 1.54925 1.52008 1.49098 1.462 1.43319 1.40461 1.37628 1.34825 1.32057 1.29325 1.26635 1.23987 1.21385 1.18831 1.16326 1.13871 1.11469 1.09118 1.06821 1.04577 1.02386 1.0025 0.981682 0.96141 0.941684 0.922506 0.903872 0.885782 0.868233 0.851219 0.834718 0.818666 0.802967 0.787524 0.772243 0.75704 nan nan nan nan nan nan nan nan nan nan nan nan nan nan nan 
nan nan nan nan nan nan nan nan nan nan nan nan nan nan nan nan 2.32508 2.30951 2.29385 2.27797 2.26175 2.24503 2.22772 2.20984 2.19141 2.17243 2.15292 2.13287 2.1123 2.0912 2.06959 2.04747 2.02485 2.00174 1.97814 1.95407 1.92953 1.90454 1.8791 1.85324 1.82699 1.80036 1.77338 1.74608 1.71851 1.6907 1.66268 1.6345 1.60621 1.57785 1.54946 1.52109 1.4928 1.46461 1.43659 1.40877 1.38119 1.35389 1.32691 1.30027 1.27401 1.24815 1.22272 1.19773 1.1732 1.14914 1.12556 1.10246 1.07986 1.05776 1.03616 1.01507 0.994489 0.974428 0.954892 0.935885 0.917409 0.899465 0.882064 0.865227 0.848965 0.833187 0.817751 0.80252 0.787382 nan nan nan nan nan nan nan nan nan nan nan nan nan nan nan nan 
nan nan nan nan nan nan nan nan nan nan nan nan nan nan nan nan nan 2.2942 2.27888 2.26343 2.24765 2.23128 2.21417 2.19643 2.17816 2.15936 2.14004 2.1202 2.09985 2.07902 2.05769 2.0359 2.01365 1.99094 1.96778 1.94418 1.92015 1.89569 1.87082 1.84556 1.81993 1.79394 1.76764 1.74104 1.71418 1.68709 1.65982 1.63239 1.60486 1.57726 1.54964 1.52204 1.4945 1.46707 1.43979 1.41269 1.38582 1.35922 1.3329 1.30691 1.28127 1.25601 1.23114 1.20669 1.18267 1.15908 1.13594 1.11325 1.09102 1.06925 1.04795 1.02712 1.00678 0.986922 0.967572 0.948734 0.930412 0.912606 0.89533 0.878661 0.862729 0.847365 0.832328 0.817424 nan nan nan nan nan nan nan nan nan nan nan nan nan nan nan nan nan 
nan nan nan nan nan nan nan nan nan nan nan nan nan nan nan nan nan nan 2.26405 2.24923 2.23413 2.21829 2.20123 2.18355 2.16543 2.1468 2.12767 2.10803 2.08791 2.06731 2.04627 2.0248 2.0029 1.98059 1.95786 1.93472 1.91118 1.88725 1.86293 1.83825 1.81322 1.78786 1.76219 1.73625 1.71007 1.68368 1.65711 1.6304 1.60358 1.5767 1.5498 1.52292 1.49609 1.46937 1.44279 1.41639 1.39019 1.36425 1.33857 1.3132 1.28816 1.26347 1.23915 1.21522 1.1917 1.16858 1.14587 1.12358 1.10172 1.08028 1.05927 1.03869 1.01857 0.998912 0.979739 0.961067 0.942898 0.925219 0.907988 0.891356 0.875925 0.861218 0.846773 nan nan nan nan nan nan nan nan nan nan nan nan nan nan nan nan nan nan 
nan nan nan nan nan nan nan nan nan nan nan nan nan nan nan nan nan nan nan 2.23529 2.22135 2.20653 2.1889 2.17113 2.15319 2.13476 2.11581 2.09635 2.07643 2.05606 2.03529 2.01412 1.99257 1.97065 1.94834 1.92567 1.90261 1.8792 1.85542 1.83129 1.80683 1.78207 1.75702 1.73171 1.70618 1.68044 1.65454 1.6285 1.60236 1.57616 1.54994 1.52374 1.49759 1.47154 1.44562 1.41987 1.39432 1.369 1.34394 1.31917 1.2947 1.27056 1.24678 1.22336 1.20032 1.17766 1.15538 1.1335 1.11199 1.09088 1.07015 1.04982 1.0299 1.01042 0.991404 0.972896 0.954895 0.937383 0.920048 0.902852 0.888396 0.874807 nan nan nan nan nan nan nan nan nan nan nan nan nan nan nan nan nan nan nan 
nan nan nan nan nan nan nan nan nan nan nan nan nan nan nan nan nan nan nan nan 2.20946 2.19756 2.17671 2.15889 2.14145 2.12322 2.10445 2.08514 2.06538 2.04522 2.0247 2.00383 1.98262 1.96108 1.9392 1.91698 1.89441 1.8715 1.84824 1.82466 1.80076 1.77657 1.75211 1.7274 1.70248 1.67737 1.6521 1.6267 1.6012 1.57565 1.55006 1.5245 1.49899 1.47357 1.44828 1.42316 1.39822 1.3735 1.34903 1.32482 1.3009 1.2773 1.25403 1.23111 1.20855 1.18635 1.16451 1.14302 1.12188 1.10109 1.08063 1.06053 1.04079 1.02146 1.00256 0.984217 0.966404 0.949371 0.931969 0.911607 0.900002 nan nan nan nan nan nan nan nan nan nan nan nan nan nan nan nan nan nan nan nan 
nan nan nan nan nan nan nan nan nan nan nan nan nan nan nan nan nan nan nan nan nan nan 2.16148 2.14626 2.1305 2.11223 2.09365 2.07437 2.05474 2.03474 2.01445 1.99387 1.973 1.95186 1.93041 1.90865 1.88656 1.86414 1.8414 1.81834 1.79498 1.77133 1.74743 1.72331 1.69898 1.67447 1.6498 1.625 1.60011 1.57515 1.55017 1.52521 1.50029 1.47548 1.45078 1.42625 1.4019 1.37776 1.35384 1.33018 1.30679 1.28371 1.26094 1.23851 1.21643 1.19469 1.17328 1.1522 1.13143 1.11095 1.09076 1.07087 1.05127 1.03206 1.01318 0.995004 0.977132 0.961728 0.946848 nan nan nan nan nan nan nan nan nan nan nan nan nan nan nan nan nan nan nan nan nan nan 
nan nan nan nan nan nan nan nan nan nan nan nan nan nan nan nan nan nan nan nan nan nan nan 2.13416 2.12207 2.10154 2.08355 2.06394 2.04447 2.02457 2.00449 1.98418 1.96367 1.94293 1.92193 1.90064 1.87904 1.85712 1.83488 1.81233 1.78947 1.76635 1.74299 1.71942 1.69565 1.67172 1.64762 1.6234 1.59907 1.57468 1.55026 1.52586 1.50151 1.47725 1.45313 1.42916 1.40537 1.38178 1.35841 1.33527 1.31238 1.28979 1.26752 1.24557 1.22396 1.20268 1.18173 1.16107 1.14068 1.12053 1.1006 1.08091 1.06139 1.04231 1.0231 1.00549 0.985393 0.97356 nan nan nan nan nan nan nan nan nan nan nan nan nan nan nan nan nan nan nan nan nan nan nan 
nan nan nan nan nan nan nan nan nan nan nan nan nan nan nan nan nan nan nan nan nan nan nan nan nan 2.0883 2.07507 2.05336 2.03465 2.01455 1.99478 1.97471 1.95457 1.93425 1.91374 1.89294 1.87183 1.85041 1.82867 1.80661 1.78424 1.7616 1.73875 1.71572 1.6925 1.66912 1.64558 1.6219 1.59811 1.57424 1.55034 1.52646 1.50263 1.4789 1.45531 1.43188 1.40864 1.38559 1.36274 1.34009 1.31768 1.29556 1.27376 1.2523 1.23117 1.21035 1.18987 1.16968 1.1497 1.1299 1.11019 1.09078 1.07105 1.0527 1.03142 1.01845 nan nan nan nan nan nan nan nan nan nan nan nan nan nan nan nan nan nan nan nan nan nan nan nan nan 
nan nan nan nan nan nan nan nan nan nan nan nan nan nan nan nan nan nan nan nan nan nan nan nan nan nan nan 2.03979 2.02621 2.0042 1.98536 1.96529 1.94565 1.92578 1.90582 1.88556 1.86493 1.84401 1.82279 1.80121 1.77928 1.75708 1.7347 1.71219 1.68952 1.66669 1.64368 1.62051 1.59721 1.57383 1.55041 1.527 1.50365 1.48041 1.45733 1.43443 1.41172 1.38921 1.36687 1.34469 1.3227 1.301 1.27966 1.25869 1.23805 1.2177 1.19773 1.17807 1.15852 1.1392 1.11947 1.10096 1.07935 1.06602 nan nan nan nan nan nan nan nan nan nan nan nan nan nan nan nan nan nan nan nan nan nan nan nan nan nan nan 
nan nan nan nan nan nan nan nan nan nan nan nan nan nan nan nan nan nan nan nan nan nan nan nan nan nan nan nan nan 1.99068 1.97717 1.95545 1.93696 1.9174 1.8982 1.87856 1.85831 1.83792 1.81726 1.79615 1.77458 1.75272 1.73079 1.70882 1.68672 1.66443 1.64194 1.61925 1.59641 1.57346 1.55046 1.52747 1.50456 1.48177 1.45916 1.43677 1.41461 1.39265 1.37083 1.34909 1.32742 1.30607 1.28519 1.26477 1.24464 1.22465 1.20528 1.18637 1.1671 1.1489 1.12754 1.11425 nan nan nan nan nan nan nan nan nan nan nan nan nan nan nan nan nan nan nan nan nan nan nan nan nan nan nan nan nan 
nan nan nan nan nan nan nan nan nan nan nan nan nan nan nan nan nan nan nan nan nan nan nan nan nan nan nan nan nan nan nan 1.9424 1.92934 1.90866 1.89103 1.87218 1.85182 1.83211 1.81218 1.79155 1.77019 1.74842 1.72693 1.70557 1.68409 1.66238 1.64038 1.61814 1.5957 1.57313 1.5505 1.52788 1.50534 1.48295 1.46079 1.43889 1.41729 1.39595 1.37473 1.35341 1.33184 1.31068 1.29026 1.27056 1.25108 1.23098 1.21239 1.195 1.17462 1.16176 nan nan nan nan nan nan nan nan nan nan nan nan nan nan nan nan nan nan nan nan nan nan nan nan nan nan nan nan nan nan nan 
nan nan nan nan nan nan nan nan nan nan nan nan nan nan nan nan nan nan nan nan nan nan nan nan nan nan nan nan nan nan nan nan nan 1.89686 1.88507 1.86731 1.84468 1.82652 1.8078 1.78769 1.7662 1.74385 1.72294 1.70243 1.68171 1.6606 1.63908 1.61723 1.59513 1.57287 1.55053 1.5282 1.50597 1.48392 1.46214 1.44071 1.41971 1.39911 1.37874 1.35799 1.33583 1.31454 1.29463 1.27611 1.25816 1.23581 1.21828 1.20664 nan nan nan nan nan nan nan nan nan nan nan nan nan nan nan nan nan nan nan nan nan nan nan nan nan nan nan nan nan nan nan nan nan 
nan nan nan nan nan nan nan nan nan nan nan nan nan nan nan nan nan nan nan nan nan nan nan nan nan nan nan nan nan nan nan nan nan nan nan nan 1.83308 1.82147 1.80482 1.7852 1.76308 1.73783 1.71854 1.6995 1.67973 1.65922 1.63812 1.61658 1.59473 1.57268 1.55055 1.52843 1.50641 1.48461 1.46314 1.44212 1.42171 1.40205 1.38313 1.36398 1.33894 1.31702 1.29759 1.28111 1.26964 nan nan nan nan nan nan nan nan nan nan nan nan nan nan nan nan nan nan nan nan nan nan nan nan nan nan nan nan nan nan nan nan nan nan nan nan 
nan nan nan nan nan nan nan nan nan nan nan nan nan nan nan nan nan nan nan nan nan nan nan nan nan nan nan nan nan nan nan nan nan nan nan nan nan nan nan nan nan 1.72587 1.7139 1.6973 1.67849 1.65843 1.63759 1.61623 1.59451 1.57259 1.55056 1.52854 1.50664 1.48498 1.46368 1.44292 1.42296 1.40426 1.38775 1.37587 nan nan nan nan nan nan nan nan nan nan nan nan nan nan nan nan nan nan nan nan nan nan nan nan nan nan nan nan nan nan nan nan nan nan nan nan nan nan nan nan nan 
nan nan nan nan nan nan nan nan nan nan nan nan nan nan nan nan nan nan nan nan nan nan nan nan nan nan nan nan nan nan nan nan nan nan nan nan nan nan nan nan nan nan nan nan nan nan nan nan nan nan 1.55056 nan nan nan nan nan nan nan nan nan nan nan nan nan nan nan nan nan nan nan nan nan nan nan nan nan nan nan nan nan nan nan nan nan nan nan nan nan nan nan nan nan nan nan nan nan nan nan nan nan nan 
