nan nan nan nan nan nan nan nan nan nan nan nan nan nan nan nan nan nan nan nan nan nan nan nan nan nan nan nan nan nan nan nan nan nan nan nan nan nan nan nan nan nan nan nan nan nan nan nan nan nan 1.03394 nan nan nan nan nan nan nan nan nan nan nan nan nan nan nan nan nan nan nan nan nan nan nan nan nan nan nan nan nan nan nan nan nan nan nan nan nan nan nan nan nan nan nan nan nan nan nan nan nan nan 
nan nan nan nan nan nan nan nan nan nan nan nan nan nan nan nan nan nan nan nan nan nan nan nan nan nan nan nan nan nan nan nan nan nan nan nan nan nan nan nan nan 0.863075 0.87457 0.890487 0.908517 0.927772 0.947846 0.968517 0.989643 1.01114 1.03297 1.05428 1.07571 1.09708 1.1182 1.13889 1.15884 1.17759 1.19414 1.20603 nan nan nan nan nan nan nan nan nan nan nan nan nan nan nan nan nan nan nan nan nan nan nan nan nan nan nan nan nan nan nan nan nan nan nan nan nan nan nan nan nan 
nan nan nan nan nan nan nan nan nan nan nan nan nan nan nan nan nan nan nan nan nan nan nan nan nan nan nan nan nan nan nan nan nan nan nan nan 0.759382 0.770419 0.786228 0.804916 0.826128 0.850664 0.869258 0.887519 0.906458 0.926135 0.946443 0.967262 0.988485 1.01001 1.03173 1.05336 1.07499 1.09652 1.11784 1.13881 1.15923 1.17894 1.1979 1.217 1.24176 1.26373 1.28337 1.30006 1.31167 nan nan nan nan nan nan nan nan nan nan nan nan nan nan nan nan nan nan nan nan nan nan nan nan nan nan nan nan nan nan nan nan nan nan nan nan 
nan nan nan nan nan nan nan nan nan nan nan nan nan nan nan nan nan nan nan nan nan nan nan nan nan nan nan nan nan nan nan nan nan 0.697351 0.708602 0.725574 0.747424 0.764753 0.7825 0.80158 0.822044 0.843451 0.863453 0.883043 0.902839 0.923057 0.943727 0.964807 0.986233 1.00792 1.02978 1.05167 1.07357 1.09539 1.11705 1.13846 1.15952 1.18022 1.20071 1.22155 1.24379 1.26528 1.28546 1.30424 1.32236 1.34466 1.36232 1.37408 nan nan nan nan nan nan nan nan nan nan nan nan nan nan nan nan nan nan nan nan nan nan nan nan nan nan nan nan nan nan nan nan nan 
nan nan nan nan nan nan nan nan nan nan nan nan nan nan nan nan nan nan nan nan nan nan nan nan nan nan nan nan nan nan nan 0.652652 0.665176 0.685182 0.701999 0.719882 0.739211 0.757836 0.776612 0.79605 0.816231 0.836861 0.857257 0.877552 0.897994 0.918727 0.939804 0.961219 0.982932 1.00488 1.027 1.04921 1.07144 1.09364 1.11573 1.13766 1.15938 1.18091 1.20235 1.22393 1.2458 1.26733 1.28815 1.30826 1.32809 1.34848 1.36735 1.38491 1.40522 1.41815 nan nan nan nan nan nan nan nan nan nan nan nan nan nan nan nan nan nan nan nan nan nan nan nan nan nan nan nan nan nan nan 
nan nan nan nan nan nan nan nan nan nan nan nan nan nan nan nan nan nan nan nan nan nan nan nan nan nan nan nan nan 0.605365 0.618275 0.639222 0.656847 0.675412 0.693502 0.711928 0.7309 0.749956 0.76925 0.788978 0.809178 0.829718 0.850369 0.871123 0.892063 0.913263 0.934759 0.956551 0.978614 1.0009 1.02337 1.04594 1.06858 1.09121 1.1138 1.13628 1.15865 1.18089 1.20307 1.22523 1.24738 1.26928 1.29074 1.31176 1.33247 1.353 1.37287 1.3922 1.41176 1.43017 1.45151 1.46493 nan nan nan nan nan nan nan nan nan nan nan nan nan nan nan nan nan nan nan nan nan nan nan nan nan nan nan nan nan 
nan nan nan nan nan nan nan nan nan nan nan nan nan nan nan nan nan nan nan nan nan nan nan nan nan nan nan 0.557584 0.570456 0.591553 0.609401 0.62835 0.646771 0.665316 0.683861 0.702623 0.721708 0.741039 0.76066 0.780643 0.801002 0.821683 0.842599 0.863728 0.885094 0.906727 0.928644 0.950843 0.973302 0.995988 1.01886 1.04186 1.06495 1.08807 1.11119 1.13426 1.15725 1.18017 1.20301 1.22578 1.24843 1.27087 1.29299 1.31477 1.33623 1.35738 1.37811 1.39846 1.41863 1.43847 1.4586 1.47744 1.49919 1.51274 nan nan nan nan nan nan nan nan nan nan nan nan nan nan nan nan nan nan nan nan nan nan nan nan nan nan nan 
nan nan nan nan nan nan nan nan nan nan nan nan nan nan nan nan nan nan nan nan nan nan nan nan nan 0.51069 0.523151 0.543809 0.561398 0.580231 0.598629 0.617219 0.635777 0.65443 0.673209 0.692206 0.711481 0.731046 0.750926 0.771152 0.791731 0.812641 0.833845 0.855328 0.877091 0.899143 0.921487 0.944115 0.967007 0.990134 1.01346 1.03694 1.06053 1.08419 1.10787 1.13155 1.15518 1.17876 1.20226 1.22567 1.24894 1.272 1.2948 1.31731 1.33951 1.36139 1.38292 1.40412 1.42504 1.44569 1.46618 1.48627 1.50656 1.52539 1.54698 1.56027 nan nan nan nan nan nan nan nan nan nan nan nan nan nan nan nan nan nan nan nan nan nan nan nan nan 
nan nan nan nan nan nan nan nan nan nan nan nan nan nan nan nan nan nan nan nan nan nan nan 0.466534 0.477882 0.497322 0.514113 0.532342 0.550295 0.568562 0.58688 0.605336 0.623907 0.642635 0.661559 0.680729 0.70019 0.719964 0.740075 0.760541 0.781367 0.802544 0.824056 0.845892 0.868047 0.890518 0.913299 0.936378 0.959734 0.983341 1.00716 1.03116 1.0553 1.07953 1.10382 1.12813 1.15242 1.17668 1.20086 1.22494 1.24888 1.27263 1.29615 1.31939 1.34234 1.36497 1.38728 1.40926 1.43093 1.4523 1.47338 1.49412 1.5146 1.53452 1.55445 1.57266 1.59316 1.60535 nan nan nan nan nan nan nan nan nan nan nan nan nan nan nan nan nan nan nan nan nan nan nan 
nan nan nan nan nan nan nan nan nan nan nan nan nan nan nan nan nan nan nan nan nan nan 0.43979 0.454269 0.468933 0.485824 0.502829 0.520362 0.538091 0.55606 0.574215 0.592562 0.611107 0.629874 0.648892 0.668197 0.68782 0.707786 0.728114 0.748817 0.769902 0.791366 0.813201 0.835397 0.857948 0.880846 0.90408 0.927633 0.951483 0.975604 0.999963 1.02452 1.04924 1.07409 1.09902 1.12399 1.14897 1.17393 1.19882 1.22361 1.24827 1.27275 1.297 1.321 1.34472 1.36812 1.3912 1.41394 1.43635 1.45841 1.48013 1.50146 1.5224 1.54285 1.56283 1.58197 1.60063 1.61662 1.63177 nan nan nan nan nan nan nan nan nan nan nan nan nan nan nan nan nan nan nan nan nan nan 
nan nan nan nan nan nan nan nan nan nan nan nan nan nan nan nan nan nan nan nan 0.393577 0.404706 0.424427 0.440994 0.456931 0.47341 0.490221 0.507399 0.524864 0.542598 0.560585 0.578823 0.597322 0.6161 0.635181 0.654592 0.674357 0.694499 0.715033 0.735973 0.757324 0.779087 0.801255 0.823823 0.846782 0.870121 0.893824 0.917875 0.942249 0.966919 0.991852 1.01701 1.04236 1.06785 1.09346 1.11913 1.14483 1.17051 1.19615 1.2217 1.24711 1.27235 1.29738 1.32216 1.34665 1.37084 1.39469 1.4182 1.44135 1.46411 1.48648 1.50842 1.52991 1.55087 1.57126 1.59096 1.60994 1.62792 1.64602 1.66687 1.67887 nan nan nan nan nan nan nan nan nan nan nan nan nan nan nan nan nan nan nan nan 
nan nan nan nan nan nan nan nan nan nan nan nan nan nan nan nan nan nan nan 0.368287 0.381528 0.395261 0.411457 0.427553 0.443581 0.459868 0.476457 0.49337 0.510593 0.528117 0.54594 0.564066 0.582506 0.601276 0.620397 0.639892 0.659783 0.680087 0.700821 0.721996 0.743617 0.765686 0.7882 0.811151 0.834532 0.858328 0.882523 0.907097 0.932025 0.957277 0.982821 1.00862 1.03463 1.06082 1.08713 1.11354 1.13999 1.16645 1.19287 1.2192 1.24541 1.27145 1.29728 1.32286 1.34816 1.37315 1.39779 1.42207 1.44597 1.46945 1.4925 1.51508 1.53716 1.55869 1.57961 1.59987 1.61944 1.63831 1.65677 1.67486 1.68996 1.70383 nan nan nan nan nan nan nan nan nan nan nan nan nan nan nan nan nan nan nan 
nan nan nan nan nan nan nan nan nan nan nan nan nan nan nan nan nan nan 0.340021 0.354147 0.36815 0.382522 0.397788 0.413385 0.429182 0.445238 0.461589 0.478259 0.495254 0.512579 0.530241 0.548249 0.566617 0.585364 0.604509 0.624072 0.644074 0.664531 0.685458 0.706866 0.728761 0.751144 0.774013 0.797362 0.82118 0.845454 0.870164 0.895288 0.920801 0.94667 0.972861 0.999336 1.02605 1.05297 1.08004 1.10723 1.13447 1.16174 1.18897 1.21613 1.24317 1.27005 1.29671 1.32313 1.34926 1.37507 1.40052 1.4256 1.45026 1.47448 1.49823 1.52148 1.5442 1.56633 1.58785 1.6087 1.62886 1.64832 1.66709 1.68501 1.70144 1.7168 1.73151 nan nan nan nan nan nan nan nan nan nan nan nan nan nan nan nan nan nan 
nan nan nan nan nan nan nan nan nan nan nan nan nan nan nan nan nan 0.31044 0.325007 0.33932 0.353588 0.368077 0.382991 0.39823 0.413741 0.429535 0.445635 0.462061 0.478831 0.495957 0.513454 0.531337 0.549624 0.568334 0.587487 0.607105 0.627205 0.647806 0.668922 0.690562 0.712734 0.735439 0.758675 0.782435 0.806709 0.831481 0.856731 0.882435 0.908565 0.935087 0.961965 0.989159 1.01662 1.04432 1.07219 1.10019 1.12827 1.15639 1.18448 1.21251 1.24042 1.26817 1.29571 1.32299 1.34998 1.37664 1.40292 1.42881 1.45426 1.47924 1.50372 1.52767 1.55106 1.57384 1.59598 1.61744 1.6382 1.65822 1.67747 1.69584 1.71317 1.7296 1.74532 1.76053 nan nan nan nan nan nan nan nan nan nan nan nan nan nan nan nan nan 
nan nan nan nan nan nan nan nan nan nan nan nan nan nan nan nan 0.280231 0.294989 0.30945 0.323738 0.338005 0.352413 0.367079 0.382021 0.397243 0.41276 0.428594 0.444769 0.461307 0.478228 0.495552 0.5133 0.531493 0.550153 0.569302 0.588961 0.609151 0.629888 0.651187 0.67306 0.695512 0.718547 0.742161 0.766349 0.791098 0.816391 0.842209 0.868524 0.895305 0.922519 0.950125 0.97808 1.00634 1.03485 1.06357 1.09244 1.1214 1.15041 1.17941 1.20835 1.23718 1.26584 1.29428 1.32247 1.35035 1.37788 1.40503 1.43175 1.45801 1.48378 1.50902 1.5337 1.55779 1.58124 1.60403 1.62613 1.64749 1.66811 1.68793 1.70691 1.72501 1.74229 1.75886 1.77485 1.79035 nan nan nan nan nan nan nan nan nan nan nan nan nan nan nan nan 
nan nan nan nan nan nan nan nan nan nan nan nan nan nan nan 0.249824 0.264592 0.279046 0.293276 0.307387 0.321492 0.335705 0.350113 0.364763 0.379687 0.394911 0.410465 0.426375 0.44267 0.459374 0.476513 0.494113 0.512198 0.530794 0.549925 0.569614 0.589882 0.610748 0.632227 0.654332 0.677069 0.700441 0.724446 0.749078 0.774323 0.800164 0.826578 0.853537 0.881008 0.908954 0.937331 0.966094 0.995192 1.02457 1.05419 1.08397 1.11387 1.14382 1.17378 1.20367 1.23346 1.26307 1.29247 1.32159 1.3504 1.37884 1.40687 1.43446 1.46156 1.48814 1.51417 1.5396 1.56441 1.58856 1.61203 1.63478 1.65679 1.67802 1.69846 1.71808 1.73688 1.75489 1.77219 1.78885 1.80497 1.82062 nan nan nan nan nan nan nan nan nan nan nan nan nan nan nan 
nan nan nan nan nan nan nan nan nan nan nan nan nan nan 0.219554 0.234176 0.248479 0.26254 0.276438 0.290259 0.304094 0.318029 0.332137 0.346472 0.361078 0.37599 0.391244 0.406871 0.422905 0.439376 0.456314 0.47375 0.491712 0.510228 0.529327 0.549032 0.569369 0.590356 0.612012 0.634349 0.657375 0.681094 0.705503 0.730597 0.75636 0.782776 0.809819 0.837458 0.865659 0.89438 0.923575 0.953195 0.983185 1.01349 1.04405 1.0748 1.10569 1.13664 1.1676 1.1985 1.22929 1.25991 1.29029 1.3204 1.35016 1.37955 1.4085 1.43698 1.46495 1.49237 1.5192 1.54542 1.57098 1.59585 1.62001 1.64344 1.66609 1.68797 1.70904 1.7293 1.74875 1.76742 1.78535 1.80262 1.81928 1.83539 1.85103 nan nan nan nan nan nan nan nan nan nan nan nan nan nan 
nan nan nan nan nan nan nan nan nan nan nan nan nan 0.189731 0.20405 0.218056 0.231822 0.245414 0.258897 0.272344 0.285827 0.299416 0.313177 0.327163 0.341422 0.355997 0.370926 0.386249 0.402001 0.418218 0.434936 0.452188 0.470008 0.488428 0.507478 0.527187 0.547581 0.568682 0.59051 0.613079 0.636398 0.660473 0.685302 0.710876 0.737183 0.764203 0.791908 0.820267 0.84924 0.878784 0.908848 0.939378 0.970316 1.0016 1.03316 1.06494 1.09687 1.12888 1.1609 1.19287 1.22471 1.25638 1.2878 1.31892 1.34969 1.38005 1.40996 1.43936 1.46823 1.49651 1.52418 1.55119 1.57752 1.60314 1.62801 1.65212 1.67545 1.69797 1.71967 1.74055 1.76062 1.7799 1.79841 1.81621 1.83334 1.84984 1.86579 1.88124 nan nan nan nan nan nan nan nan nan nan nan nan nan 
nan nan nan nan nan nan nan nan nan nan nan nan 0.160709 0.174527 0.188063 0.201389 0.214557 0.227617 0.240621 0.253626 0.266692 0.279879 0.293246 0.306844 0.320724 0.334931 0.349508 0.364499 0.379944 0.395884 0.412358 0.429405 0.447062 0.465365 0.48435 0.504047 0.524485 0.545692 0.567687 0.590488 0.614105 0.638546 0.663808 0.689885 0.716761 0.744416 0.772822 0.801943 0.831736 0.862154 0.893141 0.92464 0.956585 0.98891 1.02154 1.05441 1.08745 1.12057 1.15371 1.18679 1.21975 1.25252 1.28502 1.31721 1.34902 1.3804 1.41129 1.44165 1.47144 1.50062 1.52914 1.55698 1.5841 1.61047 1.63607 1.66088 1.68488 1.70805 1.73038 1.75187 1.77253 1.79237 1.81142 1.82969 1.84723 1.86407 1.88025 1.8958 1.91082 nan nan nan nan nan nan nan nan nan nan nan nan 
nan nan nan nan nan nan nan nan nan nan nan 0.133032 0.146 0.158799 0.17149 0.184091 0.196619 0.209102 0.221576 0.234087 0.246684 0.25942 0.272348 0.285519 0.298983 0.312789 0.326984 0.341613 0.356723 0.372357 0.388561 0.405377 0.422847 0.441012 0.459911 0.479578 0.500048 0.521349 0.543506 0.566538 0.590458 0.615274 0.640987 0.667587 0.695062 0.723388 0.752534 0.782462 0.813127 0.844474 0.876446 0.908976 0.941995 0.975429 1.0092 1.04323 1.07744 1.11174 1.14606 1.18033 1.21446 1.24838 1.28202 1.31532 1.34821 1.38064 1.41256 1.44391 1.47465 1.50474 1.53414 1.56282 1.59075 1.61789 1.64423 1.66975 1.69442 1.71823 1.74119 1.76328 1.78451 1.80488 1.82442 1.84314 1.86106 1.87818 1.89453 1.91012 1.92494 1.93908 nan nan nan nan nan nan nan nan nan nan nan 
nan nan nan nan nan nan nan nan nan nan 0.108076 0.119163 0.130642 0.142376 0.154213 0.16608 0.177949 0.189827 0.201736 0.213711 0.225796 0.238037 0.250484 0.263189 0.2762 0.28957 0.303347 0.317582 0.332324 0.347622 0.363526 0.380082 0.397339 0.41534 0.43413 0.453749 0.474233 0.495617 0.517928 0.541189 0.565417 0.590619 0.616798 0.643946 0.672049 0.701083 0.731014 0.7618 0.793392 0.825732 0.858753 0.892385 0.926549 0.961165 0.996148 1.03141 1.06686 1.10242 1.138 1.17351 1.20887 1.244 1.27883 1.31329 1.34732 1.38084 1.41382 1.44619 1.47791 1.50894 1.53924 1.56878 1.59753 1.62545 1.65254 1.67876 1.70411 1.72857 1.75214 1.77481 1.79659 1.81748 1.83749 1.85662 1.87489 1.89229 1.9088 1.92438 1.93895 1.95232 1.96437 nan nan nan nan nan nan nan nan nan nan 
nan nan nan nan nan nan nan nan nan nan 0.0960691 0.104061 0.114213 0.125043 0.136115 0.147283 0.158499 0.169758 0.181076 0.192483 0.204018 0.215725 0.227653 0.239852 0.252373 0.265268 0.278591 0.292396 0.306735 0.321663 0.337233 0.353497 0.370509 0.388319 0.406974 0.426521 0.447002 0.468455 0.490912 0.514399 0.538936 0.564535 0.591198 0.61892 0.647684 0.677466 0.70823 0.73993 0.772511 0.805909 0.840053 0.874862 0.910252 0.946132 0.982408 1.01899 1.05577 1.09266 1.12956 1.16638 1.20304 1.23945 1.27553 1.3112 1.3464 1.38106 1.41513 1.44856 1.48129 1.51328 1.5445 1.57491 1.60449 1.63321 1.66104 1.68798 1.714 1.73911 1.76328 1.78652 1.80883 1.83022 1.85068 1.87021 1.88883 1.9065 1.92321 1.93887 1.95332 1.96606 1.9755 nan nan nan nan nan nan nan nan nan nan 
nan nan nan nan nan nan nan nan nan 0.0609695 0.0752235 0.0859719 0.0962925 0.10667 0.117135 0.127663 0.138242 0.148875 0.159582 0.170393 0.181345 0.192483 0.203853 0.215507 0.227498 0.239881 0.252711 0.266046 0.279944 0.294463 0.309662 0.325599 0.342332 0.359918 0.378409 0.397859 0.418314 0.439819 0.46241 0.486119 0.510968 0.536973 0.564139 0.592461 0.621922 0.652497 0.684146 0.71682 0.750459 0.784991 0.820337 0.856409 0.893111 0.930344 0.968004 1.00599 1.04418 1.08249 1.1208 1.15901 1.19704 1.23479 1.27217 1.30911 1.34554 1.38138 1.41658 1.45109 1.48485 1.51783 1.54998 1.58128 1.6117 1.64121 1.6698 1.69745 1.72415 1.74988 1.77465 1.79845 1.82128 1.84314 1.86404 1.88397 1.90293 1.92091 1.93788 1.95379 1.96858 1.98225 1.99522 2.01059 nan nan nan nan nan nan nan nan nan 
nan nan nan nan nan nan nan nan 0.034557 0.0458282 0.0571265 0.0675145 0.0775195 0.0874204 0.0973121 0.107224 0.117171 0.127171 0.137249 0.147438 0.157777 0.168309 0.179085 0.190155 0.201576 0.213404 0.2257 0.238524 0.251939 0.266008 0.280795 0.296364 0.31278 0.330105 0.3484 0.367722 0.388127 0.409663 0.432374 0.456297 0.48146 0.507881 0.535568 0.564518 0.594715 0.626131 0.658723 0.692439 0.72721 0.762959 0.799596 0.837024 0.875136 0.913821 0.952965 0.992448 1.03215 1.07197 1.11177 1.15146 1.19094 1.23009 1.26884 1.30711 1.3448 1.38187 1.41823 1.45385 1.48867 1.52265 1.55576 1.58796 1.61922 1.64954 1.67888 1.70723 1.73459 1.76095 1.7863 1.81065 1.83398 1.85632 1.87764 1.89796 1.91727 1.93556 1.95282 1.96903 1.98418 1.99835 2.01179 2.02506 2.03733 nan nan nan nan nan nan nan nan 
nan nan nan nan nan nan nan nan 0.0223673 0.029834 0.0391433 0.0486473 0.0580628 0.0673998 0.0766982 0.0859891 0.095298 0.104652 0.114081 0.123621 0.133315 0.143207 0.15335 0.163797 0.174606 0.185837 0.197554 0.209822 0.222709 0.236282 0.250612 0.26577 0.281826 0.298849 0.316908 0.336069 0.356393 0.377937 0.400751 0.424879 0.450354 0.477199 0.505427 0.535035 0.566009 0.598317 0.631917 0.666747 0.702735 0.739793 0.777821 0.816709 0.856339 0.896587 0.937323 0.978417 1.01974 1.06116 1.10256 1.14381 1.18481 1.22544 1.26563 1.30527 1.34429 1.38261 1.42018 1.45694 1.49284 1.52784 1.56191 1.59501 1.62713 1.65824 1.68833 1.71739 1.7454 1.77237 1.79829 1.82317 1.847 1.86978 1.89152 1.91222 1.93187 1.95048 1.96804 1.98454 1.99998 2.01438 2.02773 2.03973 2.04868 nan nan nan nan nan nan nan nan 
nan nan nan nan nan nan nan -0.0105222 0.00186116 0.0111728 0.0201637 0.0290784 0.037903 0.046645 0.055329 0.063984 0.0726398 0.0813283 0.0900849 0.0989493 0.107966 0.117183 0.126655 0.136437 0.14659 0.157179 0.168271 0.179935 0.192244 0.205272 0.219096 0.233792 0.24944 0.266116 0.283896 0.302856 0.323064 0.344586 0.367482 0.391802 0.417585 0.444863 0.47365 0.503947 0.535741 0.569001 0.603677 0.639706 0.677003 0.715473 0.755002 0.795468 0.836738 0.878671 0.921122 0.963946 1.007 1.05014 1.09322 1.13613 1.17874 1.22094 1.26262 1.3037 1.34409 1.38372 1.42252 1.46045 1.49745 1.53348 1.56852 1.60253 1.6355 1.6674 1.69823 1.72798 1.75663 1.7842 1.81068 1.83606 1.86037 1.88359 1.90573 1.92679 1.94679 1.96571 1.98356 2.00033 2.01603 2.03066 2.04421 2.05662 2.06812 2.08149 nan nan nan nan nan nan nan 
nan nan nan nan nan nan nan -0.0238131 -0.0163482 -0.00796518 0.00046846 0.00881601 0.0170514 0.0251829 0.0332341 0.0412346 0.0492175 0.0572185 0.0652768 0.0734354 0.0817416 0.0902468 0.0990067 0.108081 0.117534 0.127433 0.13785 0.148858 0.160536 0.172966 0.186228 0.200409 0.215595 0.231871 0.249323 0.268035 0.288087 0.309554 0.332505 0.356998 0.383084 0.410798 0.440163 0.471183 0.503845 0.538118 0.573949 0.611267 0.649979 0.689976 0.731132 0.773308 0.816352 0.860107 0.90441 0.949097 0.994007 1.03898 1.08387 1.12854 1.17285 1.21668 1.25994 1.30251 1.34432 1.38529 1.42536 1.46447 1.50258 1.53966 1.57567 1.61059 1.6444 1.67709 1.70865 1.73907 1.76835 1.7965 1.82351 1.84939 1.87414 1.89778 1.9203 1.94172 1.96204 1.98126 1.99939 2.01643 2.03239 2.04725 2.06102 2.07363 2.08491 2.09395 nan nan nan nan nan nan nan 
nan nan nan nan nan nan -0.0580514 -0.0454041 -0.0362786 -0.0279461 -0.0199255 -0.0121108 -0.00446393 0.00304382 0.0104433 0.0177683 0.0250552 0.0323433 0.0396749 0.0470962 0.054657 0.0624116 0.0704185 0.0787406 0.0874452 0.0966038 0.106292 0.11659 0.127581 0.139352 0.151994 0.165599 0.180263 0.19608 0.213148 0.23156 0.251408 0.272778 0.295749 0.320394 0.346771 0.374925 0.404885 0.436661 0.470243 0.505598 0.54267 0.581379 0.621623 0.663278 0.706202 0.750236 0.795209 0.840941 0.887247 0.933945 0.980853 1.0278 1.07461 1.12114 1.16725 1.2128 1.25769 1.30182 1.34509 1.38744 1.4288 1.46912 1.50836 1.54649 1.58347 1.61929 1.65393 1.68739 1.71965 1.75073 1.78062 1.80932 1.83684 1.86319 1.88838 1.91241 1.9353 1.95705 1.97767 1.99717 2.01557 2.03286 2.04906 2.06417 2.0782 2.09116 2.10314 2.11461 2.12838 nan nan nan nan nan nan 
nan nan nan nan nan nan -0.0716036 -0.0642339 -0.0562002 -0.0483986 -0.0408913 -0.0336391 -0.0266003 -0.0197367 -0.0130112 -0.00638562 0.000179754 0.00672712 0.0133016 0.019952 0.0267308 0.0336948 0.0409054 0.0484285 0.0563348 0.0646999 0.0736039 0.0831319 0.0933737 0.104423 0.116379 0.129341 0.143416 0.158709 0.175328 0.193379 0.212966 0.234189 0.257142 0.281909 0.30856 0.337152 0.367723 0.40029 0.434846 0.471358 0.509766 0.549982 0.591891 0.635353 0.680205 0.726266 0.773341 0.821224 0.869706 0.918579 0.96764 1.01669 1.06556 1.11407 1.16208 1.20944 1.25604 1.30177 1.34656 1.39031 1.43299 1.47453 1.5149 1.55406 1.59201 1.62871 1.66417 1.69838 1.73133 1.76304 1.7935 1.82274 1.85074 1.87753 1.90312 1.92752 1.95074 1.9728 1.9937 2.01347 2.0321 2.04963 2.06605 2.08139 2.09566 2.10889 2.12109 2.13219 2.14125 nan nan nan nan nan nan 
nan nan nan nan nan -0.105869 -0.0933581 -0.0845245 -0.0766749 -0.0693359 -0.0623736 -0.0557173 -0.0493147 -0.0431214 -0.0370956 -0.0311959 -0.0253799 -0.019603 -0.0138177 -0.00797312 -0.00201446 0.00411753 0.0104868 0.0171622 0.024218 0.0317335 0.0397937 0.048489 0.0579153 0.0681739 0.0793711 0.0916179 0.105029 0.119723 0.135819 0.153438 0.1727 0.193718 0.216602 0.241452 0.268354 0.297378 0.328573 0.361966 0.397554 0.435305 0.475155 0.517008 0.560732 0.60617 0.653134 0.701416 0.750791 0.801023 0.851873 0.903105 0.954491 1.00581 1.05687 1.10749 1.15749 1.20674 1.25512 1.30252 1.34885 1.39405 1.43805 1.48082 1.52231 1.56251 1.6014 1.63897 1.67522 1.71015 1.74376 1.77607 1.80708 1.8368 1.86526 1.89246 1.91842 1.94315 1.96668 1.98901 2.01017 2.03017 2.04902 2.06675 2.08338 2.09891 2.11339 2.12686 2.13936 2.15103 2.16235 2.17616 nan nan nan nan nan 
nan nan nan nan nan -0.119286 -0.112196 -0.104614 -0.0974197 -0.090671 -0.0843166 -0.0782988 -0.0725665 -0.0670733 -0.0617756 -0.0566302 -0.0515928 -0.0466173 -0.0416545 -0.0366519 -0.0315526 -0.0262955 -0.020814 -0.0150367 -0.00888603 -0.00227873 0.00487472 0.0126702 0.02121 0.0306028 0.0409636 0.0524132 0.0650779 0.0790885 0.094579 0.111685 0.130543 0.151286 0.174041 0.198926 0.226046 0.255488 0.287316 0.321568 0.35825 0.39733 0.438742 0.482378 0.528091 0.575699 0.624986 0.67571 0.727612 0.780418 0.833855 0.887654 0.941555 0.995317 1.04872 1.10156 1.15367 1.20491 1.25513 1.30424 1.35215 1.39881 1.44414 1.48813 1.53074 1.57195 1.61176 1.65017 1.68717 1.72279 1.75702 1.78989 1.82141 1.85159 1.88046 1.90803 1.93432 1.95936 1.98315 2.00573 2.02711 2.04731 2.06635 2.08425 2.10104 2.11674 2.13138 2.14501 2.15768 2.16943 2.1802 2.18907 nan nan nan nan nan 
nan nan nan nan -0.152646 -0.140631 -0.132326 -0.125102 -0.118498 -0.112383 -0.106685 -0.101347 -0.0963192 -0.0915572 -0.087017 -0.082655 -0.0784262 -0.0742838 -0.0701775 -0.0660536 -0.0618538 -0.0575152 -0.0529694 -0.0481422 -0.0429533 -0.0373155 -0.031135 -0.0243104 -0.0167332 -0.00828694 0.00115226 0.0117157 0.0235417 0.0367747 0.0515646 0.0680645 0.0864293 0.106813 0.129364 0.154223 0.181517 0.211354 0.243818 0.278961 0.316799 0.357308 0.400415 0.446001 0.493901 0.543903 0.595757 0.649181 0.703871 0.759511 0.815783 0.87238 0.929007 0.985395 1.0413 1.09651 1.15084 1.20413 1.25626 1.30712 1.35664 1.40476 1.45143 1.49662 1.54031 1.58251 1.62321 1.66241 1.70014 1.7364 1.77121 1.80459 1.83657 1.86716 1.8964 1.92429 1.95088 1.97617 2.0002 2.02298 2.04455 2.06491 2.0841 2.10213 2.11905 2.13486 2.14962 2.16336 2.17613 2.18802 2.19915 2.21002 2.22345 nan nan nan nan 
nan nan nan nan -0.165572 -0.159038 -0.152164 -0.145756 -0.139865 -0.134447 -0.129451 -0.12483 -0.12054 -0.11654 -0.112786 -0.109236 -0.105846 -0.102568 -0.0993523 -0.0961441 -0.0928843 -0.0895086 -0.0859472 -0.0821235 -0.0779546 -0.0733501 -0.0682118 -0.0624333 -0.0558995 -0.0484865 -0.0400613 -0.0304816 -0.0195965 -0.00724651 0.00673499 0.0225206 0.0402868 0.0602107 0.082467 0.107223 0.134632 0.164829 0.197922 0.233985 0.273047 0.31509 0.360042 0.40777 0.458086 0.510743 0.56545 0.621873 0.679655 0.738427 0.797818 0.857474 0.917062 0.976279 1.03486 1.09257 1.14922 1.20465 1.25874 1.31139 1.36253 1.4121 1.46008 1.50645 1.5512 1.59434 1.63587 1.67583 1.71421 1.75106 1.78639 1.82024 1.85262 1.88358 1.91313 1.94131 1.96813 1.99364 2.01786 2.0408 2.06251 2.08299 2.10229 2.12042 2.13741 2.1533 2.16812 2.1819 2.1947 2.20657 2.21757 2.22764 2.23597 nan nan nan nan 
nan nan nan -0.196717 -0.185883 -0.178595 -0.172334 -0.166679 -0.161535 -0.156853 -0.152595 -0.148724 -0.145201 -0.141989 -0.139048 -0.136338 -0.133816 -0.131433 -0.129142 -0.126886 -0.124606 -0.122238 -0.11971 -0.116944 -0.113855 -0.11035 -0.106326 -0.101672 -0.0962673 -0.0899803 -0.0826687 -0.0741793 -0.0643477 -0.0529988 -0.0399475 -0.0249999 -0.00795552 0.0113901 0.0332412 0.0577967 0.0852438 0.11575 0.149454 0.186456 0.226808 0.270503 0.317467 0.367558 0.420556 0.476175 0.534069 0.593844 0.655074 0.717324 0.780159 0.84317 0.905977 0.968243 1.02967 1.09003 1.14911 1.20675 1.26284 1.31728 1.37003 1.42104 1.4703 1.5178 1.56355 1.60757 1.64988 1.69052 1.72951 1.76688 1.80267 1.83691 1.86965 1.9009 1.93071 1.95911 1.98614 2.01181 2.03616 2.05922 2.08102 2.10159 2.12095 2.13913 2.15616 2.17207 2.1869 2.20067 2.21343 2.22523 2.23611 2.24621 2.25598 2.26815 nan nan nan 
nan nan nan -0.208473 -0.203443 -0.197929 -0.192691 -0.187877 -0.183515 -0.179597 -0.176102 -0.173004 -0.170272 -0.167873 -0.16577 -0.163925 -0.162297 -0.16084 -0.159505 -0.158237 -0.156978 -0.155662 -0.154216 -0.152563 -0.150614 -0.148275 -0.14544 -0.141993 -0.137807 -0.132745 -0.126654 -0.11937 -0.110716 -0.100499 -0.0885156 -0.0745478 -0.0583684 -0.0397422 -0.0184304 0.00580362 0.0331872 0.0639288 0.0982075 0.13616 0.177866 0.223337 0.272505 0.325211 0.381205 0.440149 0.501629 0.565173 0.630271 0.696402 0.763057 0.829756 0.896067 0.961616 1.02608 1.08922 1.15081 1.21072 1.26882 1.32507 1.3794 1.4318 1.48228 1.53085 1.57753 1.62236 1.66538 1.70662 1.74612 1.78394 1.82012 1.85469 1.8877 1.9192 1.94921 1.97777 2.00493 2.03071 2.05515 2.07827 2.10012 2.12072 2.1401 2.15828 2.17531 2.19119 2.20598 2.21969 2.23236 2.24401 2.25466 2.2643 2.2728 2.2794 nan nan nan 
nan nan nan -0.226139 -0.222317 -0.217797 -0.213417 -0.209405 -0.205822 -0.202676 -0.199958 -0.19765 -0.195727 -0.194159 -0.192916 -0.191959 -0.191251 -0.190747 -0.190399 -0.190154 -0.189953 -0.189731 -0.189417 -0.188931 -0.188184 -0.187079 -0.185509 -0.183354 -0.180481 -0.176747 -0.171991 -0.166038 -0.158696 -0.149756 -0.138995 -0.126168 -0.11102 -0.0932802 -0.0726703 -0.0489089 -0.0217202 0.00915581 0.0439492 0.0828447 0.125963 0.173345 0.224929 0.280545 0.339905 0.402608 0.468153 0.535967 0.605432 0.67592 0.746825 0.817588 0.887717 0.956796 1.02448 1.09052 1.15471 1.21691 1.27703 1.33504 1.3909 1.44463 1.49625 1.5458 1.59332 1.63886 1.68248 1.72423 1.76417 1.80236 1.83883 1.87365 1.90687 1.93852 1.96866 1.99732 2.02454 2.05037 2.07484 2.09798 2.11983 2.14041 2.15976 2.1779 2.19487 2.21069 2.22539 2.23899 2.25153 2.263 2.27342 2.28272 2.29068 2.29637 nan nan nan 
nan nan -0.259126 -0.248435 -0.242703 -0.238327 -0.234568 -0.231285 -0.228458 -0.226081 -0.224145 -0.222637 -0.221535 -0.220815 -0.220448 -0.2204 -0.220634 -0.221108 -0.221776 -0.222586 -0.22348 -0.224395 -0.22526 -0.225994 -0.226509 -0.226708 -0.226479 -0.225702 -0.22424 -0.221943 -0.218642 -0.214152 -0.208269 -0.200767 -0.191399 -0.179898 -0.165973 -0.149316 -0.129604 -0.106503 -0.0796787 -0.0488069 -0.0135917 0.0262155 0.0707928 0.120221 0.174462 0.233333 0.296502 0.363488 0.43368 0.506371 0.580801 0.656208 0.731864 0.807115 0.881401 0.954265 1.02535 1.0944 1.16122 1.22572 1.28782 1.34752 1.40482 1.45978 1.51243 1.56284 1.61108 1.65723 1.70134 1.7435 1.78376 1.8222 1.85888 1.89386 1.92719 1.95892 1.98911 2.0178 2.04503 2.07084 2.09528 2.11838 2.14017 2.16068 2.17995 2.198 2.21487 2.23058 2.24515 2.25862 2.27099 2.28228 2.2925 2.3017 2.31001 2.31822 2.33018 nan nan 
nan nan -0.270741 -0.266552 -0.262533 -0.259037 -0.256028 -0.253485 -0.251407 -0.249794 -0.248641 -0.247937 -0.247665 -0.247804 -0.248327 -0.249204 -0.2504 -0.251875 -0.253585 -0.25548 -0.257504 -0.259596 -0.261684 -0.26369 -0.265528 -0.267097 -0.268288 -0.268977 -0.269024 -0.268276 -0.266556 -0.263672 -0.259405 -0.253514 -0.245731 -0.235761 -0.223279 -0.207937 -0.189359 -0.16715 -0.140906 -0.110226 -0.0747273 -0.0340769 0.0119825 0.0635962 0.12076 0.183291 0.250804 0.322716 0.398269 0.476581 0.556706 0.637701 0.718689 0.798902 0.877706 0.954606 1.02924 1.10137 1.17084 1.23758 1.30158 1.36286 1.42148 1.47752 1.53105 1.58219 1.63101 1.67761 1.72208 1.76451 1.80499 1.84357 1.88035 1.91538 1.94873 1.98046 2.01062 2.03925 2.06641 2.09215 2.11649 2.13948 2.16115 2.18154 2.20068 2.2186 2.23533 2.25088 2.2653 2.27858 2.29076 2.30184 2.31184 2.32075 2.32863 2.33555 2.34121 nan nan 
nan nan -0.287431 -0.285332 -0.282647 -0.280055 -0.277806 -0.275992 -0.27465 -0.273792 -0.273418 -0.273519 -0.274082 -0.275088 -0.276512 -0.278328 -0.280501 -0.282997 -0.285772 -0.288779 -0.291965 -0.295269 -0.298624 -0.301952 -0.305168 -0.308174 -0.31086 -0.313102 -0.31476 -0.315675 -0.315667 -0.314536 -0.312053 -0.307961 -0.301972 -0.293764 -0.282977 -0.269218 -0.252054 -0.231023 -0.205637 -0.175397 -0.139816 -0.0984452 -0.0509169 0.00300939 0.0633926 0.130059 0.202569 0.280206 0.362015 0.446875 0.533587 0.620974 0.707968 0.793666 0.87736 0.958531 1.03683 1.11206 1.18412 1.253 1.31874 1.38144 1.44119 1.49813 1.55237 1.60404 1.65326 1.70016 1.74484 1.7874 1.82794 1.86655 1.9033 1.93828 1.97155 2.00317 2.03321 2.06171 2.08872 2.1143 2.13848 2.16131 2.18281 2.20302 2.22198 2.23972 2.25625 2.27162 2.28583 2.29891 2.31087 2.32172 2.33146 2.34005 2.34741 2.3533 2.35702 nan nan 
nan nan -0.307061 -0.305517 -0.303471 -0.301521 -0.299928 -0.298795 -0.298164 -0.298047 -0.298445 -0.299349 -0.300749 -0.302625 -0.304958 -0.307722 -0.310887 -0.314419 -0.318278 -0.322421 -0.326796 -0.331347 -0.336007 -0.340703 -0.345352 -0.349857 -0.354112 -0.357993 -0.361359 -0.364053 -0.365891 -0.366666 -0.366142 -0.364049 -0.360081 -0.353889 -0.345081 -0.333215 -0.317799 -0.298293 -0.274113 -0.244646 -0.209266 -0.167377 -0.118454 -0.062114 0.0018068 0.0731735 0.151486 0.235858 0.325061 0.41764 0.51205 0.606801 0.700578 0.792329 0.881275 0.966903 1.04891 1.12717 1.20168 1.2725 1.33977 1.40365 1.46429 1.52189 1.5766 1.62859 1.67802 1.72502 1.76972 1.81225 1.85271 1.89119 1.92779 1.9626 1.99568 2.02709 2.05691 2.0852 2.11199 2.13733 2.16128 2.18388 2.20515 2.22513 2.24386 2.26136 2.27766 2.29279 2.30677 2.31961 2.33134 2.34195 2.35144 2.35977 2.36685 2.37238 2.37571 nan nan 
nan nan -0.329036 -0.327002 -0.324993 -0.323415 -0.322363 -0.32186 -0.321914 -0.322524 -0.323685 -0.325389 -0.327623 -0.330373 -0.333619 -0.337338 -0.341503 -0.346084 -0.351043 -0.356341 -0.361929 -0.367754 -0.373754 -0.37986 -0.38599 -0.392054 -0.397947 -0.403548 -0.40872 -0.413306 -0.417121 -0.419958 -0.421574 -0.421691 -0.419986 -0.416089 -0.409575 -0.399956 -0.386678 -0.369117 -0.346582 -0.31832 -0.283539 -0.241445 -0.191297 -0.1325 -0.0647135 0.012019 0.0971474 0.189557 0.287628 0.389432 0.492943 0.596236 0.697687 0.796076 0.890591 0.980768 1.06641 1.14752 1.22421 1.29668 1.36516 1.42989 1.49112 1.54908 1.60398 1.65604 1.70543 1.75231 1.79684 1.83915 1.87936 1.91757 1.95388 1.98838 2.02115 2.05226 2.08176 2.10973 2.13621 2.16125 2.1849 2.20719 2.22817 2.24787 2.26631 2.28353 2.29956 2.31441 2.32812 2.3407 2.35216 2.36253 2.3718 2.37997 2.38703 2.39284 2.39692 nan nan 
nan -0.364769 -0.353799 -0.349244 -0.346866 -0.345563 -0.345018 -0.345127 -0.345854 -0.347182 -0.349099 -0.351597 -0.354663 -0.358285 -0.362444 -0.367121 -0.372293 -0.37793 -0.384001 -0.390469 -0.397289 -0.404412 -0.411782 -0.419332 -0.426988 -0.434663 -0.442257 -0.449655 -0.456724 -0.46331 -0.469234 -0.474287 -0.478226 -0.480768 -0.48158 -0.480276 -0.476401 -0.469426 -0.458736 -0.443623 -0.423274 -0.39678 -0.363144 -0.321319 -0.270267 -0.209077 -0.137115 -0.0542368 0.0389982 0.14117 0.250061 0.363063 0.477475 0.590749 0.700864 0.80645 0.906733 1.00139 1.09042 1.17402 1.25248 1.32615 1.3954 1.46057 1.52199 1.57995 1.63473 1.68655 1.73563 1.78215 1.82628 1.86817 1.90795 1.94572 1.98159 2.01566 2.048 2.07868 2.10777 2.13533 2.16142 2.18607 2.20934 2.23127 2.25189 2.27124 2.28934 2.30624 2.32194 2.33648 2.34988 2.36216 2.37334 2.38344 2.39248 2.40051 2.40766 2.41425 2.42146 2.43387 nan 
nan -0.376661 -0.372895 -0.37009 -0.368447 -0.367731 -0.367785 -0.368533 -0.369936 -0.371977 -0.374645 -0.377931 -0.381824 -0.386313 -0.391384 -0.397019 -0.403198 -0.409896 -0.417085 -0.424732 -0.432798 -0.441237 -0.449999 -0.459023 -0.468241 -0.477572 -0.486923 -0.496186 -0.505235 -0.513923 -0.522078 -0.529495 -0.535938 -0.541122 -0.544712 -0.546311 -0.545446 -0.541553 -0.533964 -0.521884 -0.504383 -0.480375 -0.448624 -0.407765 -0.35636 -0.293033 -0.216674 -0.126758 -0.0237408 0.0905609 0.212913 0.339736 0.467409 0.592419 0.712247 0.82546 0.931475 1.03027 1.12217 1.20765 1.28726 1.36153 1.43098 1.49607 1.5572 1.61475 1.669 1.72025 1.76872 1.81461 1.85811 1.89937 1.93852 1.97568 2.01096 2.04445 2.07622 2.10636 2.13494 2.16199 2.18759 2.21178 2.2346 2.2561 2.2763 2.29524 2.31296 2.32947 2.34481 2.359 2.37205 2.384 2.39485 2.40464 2.41339 2.42117 2.42805 2.43425 2.44005 2.44537 nan 
nan -0.393206 -0.391855 -0.390576 -0.389889 -0.389905 -0.390626 -0.392035 -0.394119 -0.39687 -0.400282 -0.404347 -0.409059 -0.414409 -0.420385 -0.426974 -0.434158 -0.441916 -0.450225 -0.459055 -0.468373 -0.47814 -0.48831 -0.49883 -0.509637 -0.52066 -0.531814 -0.543 -0.554102 -0.564982 -0.57548 -0.585401 -0.594517 -0.602554 -0.609181 -0.614 -0.616532 -0.61619 -0.612265 -0.603894 -0.590028 -0.569405 -0.540523 -0.501631 -0.450771 -0.385898 -0.305137 -0.207235 -0.0922278 0.0376536 0.17709 0.321241 0.46541 0.604279 0.734785 0.855716 0.966997 1.06917 1.16303 1.24948 1.32935 1.40342 1.47235 1.53672 1.59701 1.65364 1.70696 1.75725 1.80478 1.84976 1.89236 1.93276 1.97109 2.00746 2.04198 2.07474 2.10583 2.13531 2.16326 2.18972 2.21474 2.23838 2.26068 2.28167 2.30139 2.31987 2.33714 2.35323 2.36816 2.38195 2.39462 2.40619 2.41669 2.42612 2.43452 2.44192 2.44835 2.45384 2.45832 2.46128 nan 
nan -0.411952 -0.411565 -0.411274 -0.411416 -0.412151 -0.413542 -0.415613 -0.418373 -0.421825 -0.425969 -0.430803 -0.436323 -0.442523 -0.449396 -0.456929 -0.465111 -0.473924 -0.483348 -0.49336 -0.503932 -0.51503 -0.526615 -0.538642 -0.551058 -0.563798 -0.576789 -0.589943 -0.603157 -0.616305 -0.629242 -0.641789 -0.653734 -0.664819 -0.674729 -0.683079 -0.689395 -0.693091 -0.693436 -0.689521 -0.680205 -0.664064 -0.639322 -0.603799 -0.554887 -0.489616 -0.404923 -0.298225 -0.168363 -0.017284 0.144133 0.310145 0.475706 0.630878 0.772565 0.900574 1.01591 1.12003 1.21444 1.30053 1.3795 1.45234 1.51988 1.58278 1.64159 1.69676 1.74866 1.7976 1.84384 1.8876 1.92905 1.96835 2.00564 2.04104 2.07464 2.10654 2.1368 2.16551 2.19272 2.21848 2.24285 2.26586 2.28756 2.30798 2.32716 2.34512 2.36189 2.37751 2.39198 2.40533 2.41758 2.42874 2.43884 2.44789 2.45589 2.46286 2.46879 2.47364 2.47725 2.47931 nan 
nan -0.431909 -0.43199 -0.432338 -0.433138 -0.434514 -0.436539 -0.43925 -0.442669 -0.446806 -0.451667 -0.457255 -0.463569 -0.470606 -0.478361 -0.486828 -0.495995 -0.505852 -0.516382 -0.527567 -0.539386 -0.551811 -0.564811 -0.578348 -0.592379 -0.60685 -0.621699 -0.636851 -0.652217 -0.667691 -0.683143 -0.698416 -0.713322 -0.727626 -0.741041 -0.753208 -0.763681 -0.771895 -0.77713 -0.778468 -0.77472 -0.764346 -0.745337 -0.715081 -0.670222 -0.606588 -0.519356 -0.403739 -0.255903 -0.0724396 0.116738 0.309515 0.505766 0.679278 0.831205 0.964208 1.08118 1.1849 1.27776 1.36172 1.4383 1.50868 1.57381 1.63439 1.69102 1.74414 1.79413 1.8413 1.88589 1.9281 1.96813 2.0061 2.04215 2.07639 2.10891 2.1398 2.16911 2.19693 2.22329 2.24826 2.27188 2.29418 2.31521 2.335 2.35357 2.37096 2.38719 2.40228 2.41625 2.42912 2.44092 2.45164 2.46131 2.46994 2.47752 2.48406 2.48952 2.49385 2.49693 2.49857 nan 
nan -0.452594 -0.452952 -0.453743 -0.455065 -0.457001 -0.459608 -0.462926 -0.466977 -0.471779 -0.477338 -0.483662 -0.490752 -0.498608 -0.507229 -0.516611 -0.526748 -0.537632 -0.549252 -0.561596 -0.574648 -0.588388 -0.602792 -0.617832 -0.633473 -0.649674 -0.666386 -0.683549 -0.70109 -0.718923 -0.736941 -0.755013 -0.772978 -0.790637 -0.80774 -0.823972 -0.838933 -0.852108 -0.862829 -0.870218 -0.873109 -0.869933 -0.858549 -0.836012 -0.798231 -0.739591 -0.652785 -0.529867 -0.364685 -0.119277 0.0995912 0.319612 0.57199 0.760476 0.918012 1.05144 1.16587 1.26566 1.35412 1.43368 1.50608 1.5726 1.63419 1.69156 1.74526 1.79573 1.8433 1.88826 1.93084 1.97121 2.00954 2.04595 2.08056 2.11347 2.14475 2.17447 2.20271 2.22952 2.25494 2.27903 2.30181 2.32333 2.34362 2.3627 2.38061 2.39737 2.413 2.42753 2.44096 2.45332 2.46462 2.47488 2.4841 2.49228 2.49944 2.50556 2.5106 2.51452 2.51724 2.51864 nan 
nan -0.47372 -0.474274 -0.475405 -0.477158 -0.479584 -0.482724 -0.486611 -0.491266 -0.496707 -0.502942 -0.509979 -0.517824 -0.526479 -0.535945 -0.546222 -0.557307 -0.569197 -0.581886 -0.595367 -0.609631 -0.624664 -0.640452 -0.656975 -0.674209 -0.692126 -0.710689 -0.729856 -0.749573 -0.769774 -0.790378 -0.811286 -0.83237 -0.853473 -0.874394 -0.894877 -0.914589 -0.933096 -0.949823 -0.963996 -0.97456 -0.980048 -0.978377 -0.966517 -0.939919 -0.891518 -0.81032 -0.682746 -0.528339 nan nan nan 0.725462 0.888051 1.04093 1.16706 1.27257 1.36356 1.44404 1.51656 1.58282 1.64397 1.70086 1.75409 1.80413 1.85134 1.89601 1.93835 1.97857 2.0168 2.05317 2.0878 2.12078 2.15217 2.18206 2.2105 2.23754 2.26323 2.28762 2.31073 2.3326 2.35326 2.37274 2.39106 2.40825 2.42433 2.43932 2.45323 2.46608 2.47789 2.48867 2.49843 2.50717 2.51491 2.52164 2.52735 2.53201 2.5356 2.53806 2.53931 nan 
nan -0.495086 -0.495808 -0.497227 -0.499354 -0.502219 -0.505849 -0.510269 -0.515499 -0.521551 -0.528438 -0.536166 -0.544742 -0.554172 -0.564458 -0.575604 -0.587611 -0.60048 -0.614211 -0.628801 -0.644247 -0.660544 -0.677685 -0.69566 -0.714457 -0.734058 -0.754444 -0.775588 -0.797456 -0.820006 -0.843185 -0.866925 -0.891141 -0.915722 -0.940525 -0.965364 -0.989995 -1.01409 -1.03721 -1.05875 -1.07785 -1.09332 -1.10339 -1.10539 -1.09509 -1.06503 -0.998807 -0.845335 nan nan nan nan nan 1.04246 1.20611 1.31489 1.40243 1.47857 1.54706 1.60979 1.66794 1.72228 1.77336 1.8216 1.8673 1.9107 1.952 1.99135 2.02888 2.0647 2.09889 2.13153 2.16269 2.19242 2.22078 2.2478 2.27353 2.29801 2.32126 2.34331 2.36419 2.38392 2.40253 2.42004 2.43645 2.4518 2.4661 2.47936 2.4916 2.50282 2.51305 2.52228 2.53053 2.5378 2.5441 2.54941 2.55373 2.55703 2.55928 2.56044 nan 
nan -0.51652 -0.517434 -0.519122 -0.521587 -0.524852 -0.528937 -0.53386 -0.539635 -0.546274 -0.553785 -0.562178 -0.57146 -0.581637 -0.592716 -0.604703 -0.617602 -0.631418 -0.646156 -0.66182 -0.678412 -0.695934 -0.714388 -0.733773 -0.754087 -0.775328 -0.797489 -0.82056 -0.84453 -0.86938 -0.895086 -0.921615 -0.948924 -0.976953 -1.00562 -1.03483 -1.06443 -1.09421 -1.12392 -1.15316 -1.18136 -1.20773 -1.23106 -1.24956 -1.26065 -1.26128 -1.25118 nan nan nan nan nan nan nan 1.45152 1.49836 1.55351 1.60845 1.66136 1.71197 1.76035 1.80665 1.851 1.89351 1.93428 1.9734 2.01095 2.04697 2.08154 2.1147 2.1465 2.17697 2.20615 2.23407 2.26077 2.28627 2.31059 2.33375 2.35579 2.37671 2.39653 2.41527 2.43295 2.44958 2.46518 2.47975 2.49332 2.50588 2.51747 2.52807 2.53772 2.5464 2.55414 2.56093 2.56678 2.5717 2.57568 2.57872 2.58081 2.58193 nan 
-0.536857 -0.53783 -0.539071 -0.54102 -0.543794 -0.547428 -0.55194 -0.557339 -0.563634 -0.570833 -0.578945 -0.587976 -0.597935 -0.608831 -0.620671 -0.633465 -0.647221 -0.661948 -0.677655 -0.69435 -0.712043 -0.730743 -0.750459 -0.7712 -0.792976 -0.815794 -0.839664 -0.864594 -0.890591 -0.917662 -0.94581 -0.975039 -1.00535 -1.03673 -1.06917 -1.10264 -1.13712 -1.17253 -1.20878 -1.24574 -1.28317 -1.32074 -1.35788 -1.39371 -1.42666 -1.45406 -1.47121 nan nan nan nan nan nan nan -4.6128 -4.59565 -4.56826 -4.5353 -4.49948 -4.46233 -4.42476 -4.38733 -4.35037 -4.31412 -4.27871 -4.24424 -4.21076 -4.17832 -4.14694 -4.11663 -4.0874 -4.05925 -4.03218 -4.00619 -3.98126 -3.95739 -3.93457 -3.91279 -3.89205 -3.87234 -3.85364 -3.83594 -3.81925 -3.80354 -3.78881 -3.77506 -3.76226 -3.75042 -3.73953 -3.72957 -3.72054 -3.71243 -3.70523 -3.69893 -3.69353 -3.68902 -3.68539 -3.68261 -3.68066 -3.67942 -3.67845 
nan -0.55966 -0.560783 -0.562875 -0.565913 -0.569892 -0.574808 -0.580663 -0.587456 -0.595192 -0.603877 -0.613519 -0.624126 -0.635709 -0.648277 -0.661843 -0.676417 -0.692012 -0.708643 -0.726322 -0.745065 -0.764887 -0.785805 -0.807838 -0.831004 -0.855324 -0.880821 -0.907518 -0.935444 -0.964626 -0.995097 -1.02689 -1.06005 -1.09462 -1.13065 -1.16819 -1.20731 -1.24808 -1.29059 -1.33494 -1.38124 -1.42963 -1.48024 -1.53314 -1.58808 -1.64324 -1.69007 nan nan nan nan nan nan nan -4.39278 -4.40287 -4.40224 -4.39115 -4.37265 -4.34933 -4.32296 -4.29475 -4.26551 -4.23581 -4.20602 -4.17642 -4.14722 -4.11855 -4.09052 -4.06321 -4.03668 -4.01097 -3.98612 -3.96215 -3.93908 -3.91692 -3.89568 -3.87537 -3.85598 -3.83753 -3.82 -3.80341 -3.78775 -3.77301 -3.75919 -3.7463 -3.73431 -3.72323 -3.71305 -3.70377 -3.69538 -3.68787 -3.68123 -3.67545 -3.67053 -3.66644 -3.66318 -3.66071 -3.65903 -3.65811 nan 
nan -0.581153 -0.582311 -0.584564 -0.587865 -0.592182 -0.597494 -0.603789 -0.611062 -0.619313 -0.628547 -0.638771 -0.649996 -0.662231 -0.675491 -0.689788 -0.705138 -0.721556 -0.73906 -0.75767 -0.777404 -0.798285 -0.820337 -0.843587 -0.868061 -0.893793 -0.920818 -0.949174 -0.978906 -1.01006 -1.04271 -1.0769 -1.11271 -1.15024 -1.18959 -1.23089 -1.27429 -1.31999 -1.36823 -1.41931 -1.47365 -1.5318 -1.59454 -1.66302 -1.73916 -1.8267 -1.93548 -2.09914 nan nan nan nan nan -3.98693 -4.1404 -4.20662 -4.23668 -4.24698 -4.24498 -4.23491 -4.21945 -4.20034 -4.1788 -4.15568 -4.13159 -4.10696 -4.08212 -4.05731 -4.03273 -4.00852 -3.98478 -3.9616 -3.93905 -3.91718 -3.89604 -3.87565 -3.85605 -3.83725 -3.81928 -3.80214 -3.78584 -3.77039 -3.7558 -3.74207 -3.7292 -3.7172 -3.70605 -3.69576 -3.68633 -3.67776 -3.67003 -3.66314 -3.65709 -3.65186 -3.64744 -3.64381 -3.64095 -3.63882 -3.6374 -3.63668 nan 
nan -0.60228 -0.603535 -0.605989 -0.609578 -0.614245 -0.619953 -0.626681 -0.634418 -0.643164 -0.652921 -0.663699 -0.675508 -0.688361 -0.702273 -0.717259 -0.733338 -0.750529 -0.768854 -0.788334 -0.808996 -0.830866 -0.853976 -0.878358 -0.904049 -0.931091 -0.95953 -0.989418 -1.02081 -1.05379 -1.08842 -1.1248 -1.16303 -1.20324 -1.24559 -1.29025 -1.33746 -1.38751 -1.44074 -1.49762 -1.55878 -1.62503 -1.69755 -1.77803 -1.86902 -1.97454 -2.10066 -2.25354 -2.41613 nan nan nan -3.66993 -3.82434 -3.95191 -4.03311 -4.08151 -4.10811 -4.11997 -4.12164 -4.11615 -4.10559 -4.09142 -4.07469 -4.05618 -4.03647 -4.01599 -3.99507 -3.97396 -3.95288 -3.93197 -3.91137 -3.89117 -3.87145 -3.85228 -3.83372 -3.8158 -3.79857 -3.78204 -3.76626 -3.75122 -3.73696 -3.72348 -3.71079 -3.6989 -3.68781 -3.67754 -3.66807 -3.65942 -3.65157 -3.64453 -3.6383 -3.63286 -3.6282 -3.62432 -3.62118 -3.61875 -3.617 -3.61587 -3.61531 nan 
nan -0.62295 -0.624353 -0.62707 -0.630992 -0.636037 -0.642152 -0.649309 -0.657497 -0.666717 -0.676972 -0.688273 -0.700633 -0.714065 -0.728588 -0.744218 -0.760978 -0.778888 -0.797974 -0.818263 -0.839782 -0.862566 -0.88665 -0.912073 -0.938879 -0.967119 -0.996847 -1.02813 -1.06103 -1.09564 -1.13205 -1.17038 -1.21075 -1.25333 -1.29829 -1.34587 -1.39633 -1.45004 -1.5074 -1.56899 -1.63551 -1.70791 -1.78747 -1.87593 -1.97572 -2.09015 -2.22358 -2.38112 -2.5696 -2.82198 -3.042 -3.26087 -3.50628 -3.67146 -3.79438 -3.88118 -3.93982 -3.9776 -4.00014 -4.01153 -4.0147 -4.01181 -4.00442 -3.9937 -3.98053 -3.96556 -3.94933 -3.93223 -3.91457 -3.89661 -3.87853 -3.86052 -3.84268 -3.82514 -3.80798 -3.79127 -3.77507 -3.75942 -3.74438 -3.72998 -3.71624 -3.70319 -3.69084 -3.67922 -3.66834 -3.6582 -3.64882 -3.6402 -3.63234 -3.62525 -3.61893 -3.61337 -3.60857 -3.60452 -3.6012 -3.59859 -3.59666 -3.59534 -3.59454 -3.59419 nan 
nan -0.643024 -0.644661 -0.647739 -0.65207 -0.657533 -0.664069 -0.671653 -0.680279 -0.68995 -0.700676 -0.712468 -0.725343 -0.739315 -0.754405 -0.770632 -0.78802 -0.806594 -0.82638 -0.847409 -0.869713 -0.89333 -0.918299 -0.944666 -0.972479 -1.0018 -1.03268 -1.0652 -1.09944 -1.13549 -1.17347 -1.21349 -1.25571 -1.30029 -1.34746 -1.39745 -1.45057 -1.5072 -1.56779 -1.63291 -1.7033 -1.77987 -1.86383 -1.95669 -2.06041 -2.17738 -2.31039 -2.46231 -2.63583 -2.83208 -3.02486 -3.21403 -3.3975 -3.54533 -3.66095 -3.74818 -3.81182 -3.85667 -3.88693 -3.90594 -3.91631 -3.92006 -3.91872 -3.91349 -3.90527 -3.8948 -3.88263 -3.86922 -3.85491 -3.84001 -3.82474 -3.80928 -3.79381 -3.77844 -3.76329 -3.74844 -3.73397 -3.71994 -3.7064 -3.6934 -3.68098 -3.66916 -3.65797 -3.64744 -3.63759 -3.62842 -3.61995 -3.6122 -3.60516 -3.59885 -3.59326 -3.5884 -3.58426 -3.58084 -3.57813 -3.57611 -3.57473 -3.57393 -3.57358 -3.5735 nan 
nan -0.662279 -0.664338 -0.667957 -0.672803 -0.678733 -0.685702 -0.693705 -0.70275 -0.712848 -0.724014 -0.736265 -0.749616 -0.764087 -0.779699 -0.796473 -0.814436 -0.833613 -0.854035 -0.875734 -0.898747 -0.923112 -0.948874 -0.976081 -1.00479 -1.03505 -1.06695 -1.10055 -1.13595 -1.17324 -1.21255 -1.254 -1.29775 -1.34399 -1.39293 -1.44483 -1.5 -1.55881 -1.62171 -1.68925 -1.76209 -1.84106 -1.92716 -2.02157 -2.12568 -2.24102 -2.36903 -2.51072 -2.66589 -2.83145 -2.99746 -3.15888 -3.30996 -3.43982 -3.54652 -3.63121 -3.69648 -3.74539 -3.78091 -3.80566 -3.8218 -3.83111 -3.83503 -3.83468 -3.83099 -3.82467 -3.81632 -3.80641 -3.79533 -3.78338 -3.77083 -3.7579 -3.74475 -3.73154 -3.71838 -3.70539 -3.69265 -3.68023 -3.66821 -3.65662 -3.64552 -3.63495 -3.62494 -3.61552 -3.6067 -3.59852 -3.59099 -3.58412 -3.57792 -3.5724 -3.56756 -3.56342 -3.55997 -3.55721 -3.55513 -3.55374 -3.55301 -3.55287 -3.55316 -3.55354 nan 
nan -0.680309 -0.683277 -0.687753 -0.693244 -0.699673 -0.707069 -0.715469 -0.724904 -0.735399 -0.746973 -0.759645 -0.773434 -0.788361 -0.804448 -0.821718 -0.8402 -0.85992 -0.880912 -0.903209 -0.92685 -0.951877 -0.978336 -1.00628 -1.03576 -1.06685 -1.09961 -1.13414 -1.17051 -1.20883 -1.24923 -1.29184 -1.33681 -1.38434 -1.43464 -1.48795 -1.54458 -1.60487 -1.66924 -1.73817 -1.81224 -1.89212 -1.97856 -2.07243 -2.1746 -2.28588 -2.40681 -2.53731 -2.67618 -2.82035 -2.9645 -3.10394 -3.23382 -3.34883 -3.44673 -3.52749 -3.59236 -3.64322 -3.68212 -3.711 -3.73162 -3.74549 -3.75386 -3.75778 -3.75812 -3.75559 -3.75077 -3.74415 -3.73611 -3.72699 -3.71707 -3.70658 -3.69569 -3.68459 -3.67341 -3.66225 -3.65123 -3.64042 -3.6299 -3.61973 -3.60997 -3.60065 -3.59182 -3.58351 -3.57575 -3.56857 -3.56198 -3.556 -3.55065 -3.54594 -3.54187 -3.53846 -3.53571 -3.53363 -3.53222 -3.5315 -3.53148 -3.53217 -3.53345 -3.5348 nan 
nan -0.696226 -0.701538 -0.707343 -0.71354 -0.720427 -0.728198 -0.736951 -0.74674 -0.757596 -0.769541 -0.782597 -0.796783 -0.812121 -0.828635 -0.84635 -0.865293 -0.885495 -0.906988 -0.92981 -0.953999 -0.979599 -1.00666 -1.03523 -1.06537 -1.09715 -1.13063 -1.16591 -1.20307 -1.24222 -1.28348 -1.32698 -1.37287 -1.42134 -1.47259 -1.52685 -1.58439 -1.64552 -1.71061 -1.78006 -1.85434 -1.93394 -2.01942 -2.11132 -2.21012 -2.31613 -2.42935 -2.54917 -2.67418 -2.80186 -2.92868 -3.05103 -3.16533 -3.26835 -3.35827 -3.43463 -3.49795 -3.54936 -3.59022 -3.62197 -3.64598 -3.66348 -3.67556 -3.68315 -3.68704 -3.6879 -3.6863 -3.68271 -3.67753 -3.67109 -3.66367 -3.65552 -3.64683 -3.63778 -3.62852 -3.61916 -3.60983 -3.60062 -3.59159 -3.58283 -3.57439 -3.56632 -3.55868 -3.55149 -3.54479 -3.53861 -3.53298 -3.52791 -3.52342 -3.51952 -3.51624 -3.51357 -3.51153 -3.51013 -3.50938 -3.50932 -3.51004 -3.51168 -3.51449 -3.51825 nan 
nan -0.707721 -0.720132 -0.727345 -0.733935 -0.741078 -0.749114 -0.758156 -0.768252 -0.77943 -0.79171 -0.80511 -0.819652 -0.835357 -0.85225 -0.870355 -0.889703 -0.910323 -0.932251 -0.955522 -0.980178 -1.00626 -1.03382 -1.06292 -1.0936 -1.12593 -1.16 -1.19587 -1.23364 -1.27342 -1.31531 -1.35944 -1.40597 -1.45505 -1.50687 -1.56164 -1.6196 -1.68102 -1.74619 -1.81544 -1.88912 -1.96758 -2.05117 -2.1402 -2.23486 -2.33514 -2.44073 -2.55084 -2.66412 -2.77853 -2.89153 -3.00042 -3.10259 -3.19583 -3.27871 -3.35067 -3.41186 -3.46291 -3.50474 -3.53837 -3.56487 -3.58522 -3.60033 -3.61102 -3.61799 -3.62187 -3.62317 -3.62236 -3.61982 -3.61588 -3.61083 -3.6049 -3.59832 -3.59125 -3.58385 -3.57626 -3.56858 -3.56092 -3.55337 -3.546 -3.53888 -3.53206 -3.52559 -3.51952 -3.51389 -3.50871 -3.50404 -3.49988 -3.49626 -3.49319 -3.49069 -3.48877 -3.48745 -3.48672 -3.48661 -3.48716 -3.48846 -3.49084 -3.49539 -3.50636 nan 
nan nan -0.744669 -0.748752 -0.754565 -0.761618 -0.769794 -0.779065 -0.789429 -0.800894 -0.813472 -0.827179 -0.842036 -0.858062 -0.875284 -0.893728 -0.913422 -0.934398 -0.956691 -0.980338 -1.00538 -1.03186 -1.05983 -1.08934 -1.12044 -1.15321 -1.18771 -1.22403 -1.26224 -1.30244 -1.34475 -1.38928 -1.43616 -1.48555 -1.53761 -1.59252 -1.65048 -1.7117 -1.77643 -1.84491 -1.91738 -1.99407 -2.07518 -2.16082 -2.251 -2.34552 -2.44391 -2.54536 -2.64865 -2.75216 -2.85397 -2.95204 -3.04445 -3.12957 -3.20631 -3.27409 -3.33289 -3.38304 -3.42513 -3.45991 -3.48817 -3.51071 -3.52827 -3.54155 -3.55117 -3.55768 -3.56158 -3.56328 -3.56317 -3.56155 -3.55871 -3.5549 -3.55031 -3.54514 -3.53954 -3.53365 -3.52758 -3.52145 -3.51535 -3.50935 -3.50352 -3.49793 -3.49264 -3.48768 -3.4831 -3.47893 -3.47521 -3.47197 -3.46922 -3.46698 -3.46528 -3.46412 -3.46351 -3.46345 -3.46396 -3.46501 -3.46659 -3.46859 -3.47063 nan nan 
nan nan -0.765881 -0.769217 -0.774746 -0.781818 -0.790153 -0.799644 -0.810255 -0.821979 -0.834823 -0.848801 -0.86393 -0.880234 -0.897737 -0.916465 -0.936448 -0.957718 -0.980309 -1.00426 -1.02961 -1.0564 -1.08468 -1.1145 -1.14592 -1.17899 -1.2138 -1.2504 -1.28889 -1.32934 -1.37187 -1.41657 -1.46357 -1.513 -1.56499 -1.61971 -1.6773 -1.73795 -1.80182 -1.86909 -1.93991 -2.01442 -2.09268 -2.17469 -2.26032 -2.34926 -2.44101 -2.53479 -2.62954 -2.72395 -2.81653 -2.90573 -2.99011 -3.06842 -3.13979 -3.20371 -3.26005 -3.30897 -3.35086 -3.38624 -3.41571 -3.43989 -3.45939 -3.47481 -3.48667 -3.49548 -3.50167 -3.50564 -3.50773 -3.50826 -3.50748 -3.50565 -3.50295 -3.49959 -3.4957 -3.49145 -3.48694 -3.4823 -3.4776 -3.47294 -3.46839 -3.46401 -3.45987 -3.45601 -3.45248 -3.44931 -3.44655 -3.44422 -3.44234 -3.44094 -3.44004 -3.43964 -3.43976 -3.44039 -3.44152 -3.44311 -3.44506 -3.44711 -3.44865 nan nan 
nan nan -0.784568 -0.788296 -0.794185 -0.801546 -0.810136 -0.81987 -0.830721 -0.842683 -0.855763 -0.869975 -0.885338 -0.901875 -0.919609 -0.938569 -0.958784 -0.980286 -1.00311 -1.02729 -1.05287 -1.07988 -1.10839 -1.13842 -1.17005 -1.20331 -1.23829 -1.27505 -1.31365 -1.35419 -1.39676 -1.44143 -1.48833 -1.53756 -1.58923 -1.64347 -1.7004 -1.76016 -1.82285 -1.8886 -1.95747 -2.02953 -2.10476 -2.18306 -2.26423 -2.34793 -2.43362 -2.52062 -2.60801 -2.69472 -2.77958 -2.86139 -2.93902 -3.01153 -3.0782 -3.13858 -3.19251 -3.24004 -3.28141 -3.31699 -3.34723 -3.37262 -3.39365 -3.41081 -3.42457 -3.43536 -3.44356 -3.44955 -3.45365 -3.45613 -3.45726 -3.45727 -3.45635 -3.45469 -3.45245 -3.44977 -3.44676 -3.44354 -3.44022 -3.43686 -3.43356 -3.43037 -3.42736 -3.42459 -3.42209 -3.41992 -3.4181 -3.41668 -3.41568 -3.41511 -3.41501 -3.41538 -3.41624 -3.41759 -3.4194 -3.42165 -3.42424 -3.42692 -3.42902 nan nan 
nan nan -0.800378 -0.806043 -0.81296 -0.82084 -0.829757 -0.83975 -0.850832 -0.863011 -0.876298 -0.890709 -0.906265 -0.92299 -0.940908 -0.960048 -0.98044 -1.00211 -1.0251 -1.04945 -1.07518 -1.10234 -1.13098 -1.16113 -1.19286 -1.22621 -1.26124 -1.29802 -1.33661 -1.37708 -1.41951 -1.46398 -1.51059 -1.55941 -1.61054 -1.66408 -1.72011 -1.77873 -1.84001 -1.90401 -1.97075 -2.04022 -2.11235 -2.18699 -2.26389 -2.34269 -2.4229 -2.50389 -2.58489 -2.66501 -2.74332 -2.81888 -2.89079 -2.9583 -3.02083 -3.078 -3.12961 -3.17567 -3.21632 -3.25182 -3.2825 -3.30874 -3.33095 -3.34953 -3.36487 -3.37735 -3.38732 -3.39511 -3.401 -3.40526 -3.40815 -3.40987 -3.41062 -3.41057 -3.40988 -3.40869 -3.40712 -3.40528 -3.40328 -3.40119 -3.3991 -3.39707 -3.39518 -3.39347 -3.39199 -3.3908 -3.38992 -3.3894 -3.38926 -3.38953 -3.39023 -3.39139 -3.393 -3.39508 -3.39762 -3.40063 -3.40413 -3.40815 -3.41233 nan nan 
nan nan -0.811415 -0.823372 -0.831585 -0.839896 -0.849088 -0.859315 -0.870607 -0.882977 -0.896439 -0.911014 -0.926723 -0.943591 -0.961645 -0.980914 -1.00143 -1.02322 -1.04631 -1.07075 -1.09656 -1.12379 -1.15248 -1.18267 -1.2144 -1.24773 -1.28271 -1.31939 -1.35783 -1.3981 -1.44025 -1.48437 -1.53051 -1.57875 -1.62916 -1.68182 -1.73677 -1.79408 -1.85377 -1.91588 -1.98037 -2.0472 -2.11624 -2.18733 -2.26019 -2.33448 -2.40973 -2.48538 -2.56079 -2.63522 -2.70791 -2.7781 -2.84509 -2.90826 -2.96713 -3.02137 -3.0708 -3.11538 -3.15518 -3.1904 -3.22127 -3.2481 -3.2712 -3.29091 -3.30757 -3.32149 -3.33299 -3.34236 -3.34986 -3.35575 -3.36023 -3.36354 -3.36583 -3.36729 -3.36807 -3.3683 -3.3681 -3.36759 -3.36685 -3.36599 -3.36507 -3.36418 -3.36337 -3.3627 -3.36223 -3.36199 -3.36204 -3.36241 -3.36313 -3.36423 -3.36574 -3.36767 -3.37005 -3.37288 -3.37616 -3.37992 -3.3843 -3.39003 -3.40072 nan nan 
nan nan nan -0.845223 -0.850914 -0.858869 -0.868173 -0.878591 -0.890067 -0.9026 -0.916204 -0.930904 -0.946724 -0.963692 -0.981835 -1.00118 -1.02176 -1.04361 -1.06675 -1.09122 -1.11705 -1.14428 -1.17294 -1.20307 -1.23473 -1.26794 -1.30276 -1.33924 -1.37742 -1.41736 -1.45911 -1.50273 -1.54828 -1.5958 -1.64534 -1.69696 -1.75069 -1.80656 -1.86456 -1.92469 -1.98689 -2.05107 -2.11711 -2.1848 -2.25388 -2.324 -2.39477 -2.46567 -2.53616 -2.60563 -2.67344 -2.73898 -2.80169 -2.86105 -2.91666 -2.96825 -3.01563 -3.05875 -3.09764 -3.13244 -3.16331 -3.1905 -3.21426 -3.23487 -3.25261 -3.26776 -3.28059 -3.29135 -3.30029 -3.30763 -3.31358 -3.31834 -3.32207 -3.32495 -3.3271 -3.32867 -3.32978 -3.33052 -3.33101 -3.33132 -3.33155 -3.33175 -3.33199 -3.33234 -3.33284 -3.33355 -3.33451 -3.33575 -3.33732 -3.33924 -3.34155 -3.34427 -3.34741 -3.351 -3.35501 -3.35939 -3.36391 -3.36773 nan nan nan 
nan nan nan -0.862194 -0.868797 -0.877295 -0.886935 -0.897587 -0.909238 -0.921904 -0.935615 -0.950399 -0.966287 -0.983309 -1.00149 -1.02087 -1.04147 -1.06332 -1.08645 -1.11089 -1.13667 -1.16382 -1.19239 -1.2224 -1.25389 -1.2869 -1.32147 -1.35765 -1.39547 -1.43498 -1.47622 -1.51923 -1.56406 -1.61074 -1.65931 -1.70979 -1.7622 -1.81653 -1.87277 -1.93088 -1.99078 -2.05238 -2.11551 -2.17998 -2.24553 -2.31184 -2.37854 -2.44519 -2.51132 -2.57642 -2.63996 -2.70144 -2.76039 -2.81638 -2.86909 -2.91826 -2.96373 -3.00543 -3.04339 -3.07766 -3.10841 -3.13579 -3.16002 -3.18133 -3.19996 -3.21614 -3.23011 -3.24209 -3.25231 -3.26096 -3.26825 -3.27434 -3.2794 -3.28359 -3.28703 -3.28987 -3.29221 -3.29416 -3.29581 -3.29725 -3.29857 -3.29983 -3.3011 -3.30243 -3.30389 -3.30552 -3.30736 -3.30947 -3.31186 -3.3146 -3.3177 -3.32119 -3.32511 -3.32947 -3.33428 -3.33952 -3.34504 -3.35007 nan nan nan 
nan nan nan -0.873445 -0.885615 -0.895385 -0.90548 -0.916366 -0.928161 -0.940922 -0.954696 -0.969521 -0.985432 -1.00246 -1.02064 -1.04 -1.06057 -1.08237 -1.10543 -1.12978 -1.15546 -1.18248 -1.21088 -1.24069 -1.27195 -1.30468 -1.33893 -1.37472 -1.41209 -1.45107 -1.49171 -1.53402 -1.57804 -1.6238 -1.6713 -1.72055 -1.77156 -1.82431 -1.87876 -1.93485 -1.99249 -2.05156 -2.11192 -2.17335 -2.23562 -2.29842 -2.36143 -2.42427 -2.48652 -2.54775 -2.60752 -2.66542 -2.72104 -2.77403 -2.82413 -2.87109 -2.91479 -2.95514 -2.99214 -3.02584 -3.05635 -3.0838 -3.10835 -3.1302 -3.14955 -3.16659 -3.18154 -3.19459 -3.20594 -3.21577 -3.22426 -3.23157 -3.23786 -3.24326 -3.24792 -3.25194 -3.25545 -3.25854 -3.2613 -3.26383 -3.2662 -3.26848 -3.27073 -3.27303 -3.27541 -3.27793 -3.28064 -3.28358 -3.28679 -3.29032 -3.29419 -3.29845 -3.30313 -3.30827 -3.31393 -3.32019 -3.32748 -3.33831 nan nan nan 
nan nan nan nan -0.90562 -0.913949 -0.924026 -0.935019 -0.946889 -0.959689 -0.973474 -0.988291 -1.00418 -1.02117 -1.0393 -1.0586 -1.07908 -1.10079 -1.12373 -1.14795 -1.17346 -1.20029 -1.22846 -1.25802 -1.28897 -1.32136 -1.3552 -1.39053 -1.42738 -1.46577 -1.50572 -1.54725 -1.59039 -1.63514 -1.68151 -1.72949 -1.77907 -1.8302 -1.88285 -1.93694 -1.99237 -2.04902 -2.10673 -2.16531 -2.22453 -2.28412 -2.34377 -2.40317 -2.46194 -2.51972 -2.57614 -2.63085 -2.68351 -2.73382 -2.78155 -2.8265 -2.86855 -2.90761 -2.94367 -2.97676 -3.00696 -3.03437 -3.05913 -3.08138 -3.10131 -3.11907 -3.13486 -3.14884 -3.16119 -3.17207 -3.18165 -3.19008 -3.19749 -3.20403 -3.2098 -3.21494 -3.21955 -3.22372 -3.22754 -3.2311 -3.23448 -3.23774 -3.24094 -3.24416 -3.24744 -3.25083 -3.25438 -3.25813 -3.26213 -3.26642 -3.27104 -3.27604 -3.28146 -3.28735 -3.29376 -3.30063 -3.30716 nan nan nan nan 
nan nan nan nan -0.918144 -0.931574 -0.942447 -0.953578 -0.96546 -0.978234 -0.991973 -1.00673 -1.02255 -1.03946 -1.0575 -1.07668 -1.09705 -1.11861 -1.14139 -1.16542 -1.19071 -1.2173 -1.2452 -1.27443 -1.30503 -1.337 -1.37039 -1.4052 -1.44146 -1.47918 -1.51838 -1.55908 -1.60128 -1.64498 -1.69017 -1.73683 -1.78495 -1.83447 -1.88533 -1.93746 -1.99075 -2.04508 -2.10029 -2.1562 -2.21259 -2.26921 -2.32581 -2.38208 -2.43772 -2.49241 -2.54584 -2.59769 -2.64769 -2.69559 -2.74118 -2.78428 -2.82479 -2.86263 -2.89777 -2.93024 -2.96008 -2.98737 -3.01223 -3.03478 -3.05516 -3.07353 -3.09003 -3.10482 -3.11805 -3.12988 -3.14044 -3.14988 -3.15833 -3.1659 -3.17273 -3.17891 -3.18455 -3.18973 -3.19456 -3.19911 -3.20345 -3.20765 -3.21177 -3.21588 -3.22002 -3.22425 -3.22861 -3.23315 -3.23791 -3.24294 -3.24828 -3.25398 -3.26009 -3.26669 -3.27392 -3.28222 -3.29424 nan nan nan nan 
nan nan nan nan nan -0.952522 -0.961395 -0.972167 -0.983916 -0.996582 -1.01021 -1.02486 -1.04056 -1.05734 -1.07524 -1.09428 -1.11448 -1.13586 -1.15844 -1.18224 -1.20727 -1.23356 -1.26113 -1.29 -1.32018 -1.3517 -1.38457 -1.4188 -1.45442 -1.49143 -1.52983 -1.56964 -1.61086 -1.65347 -1.69745 -1.74279 -1.78944 -1.83735 -1.88646 -1.93669 -1.98792 -2.04003 -2.09287 -2.14628 -2.20004 -2.25394 -2.30774 -2.36117 -2.41398 -2.46588 -2.51661 -2.56589 -2.6135 -2.65921 -2.70285 -2.74426 -2.78334 -2.82002 -2.85428 -2.8861 -2.91555 -2.94267 -2.96755 -2.99031 -3.01105 -3.02991 -3.04701 -3.0625 -3.07651 -3.08918 -3.10063 -3.11099 -3.12038 -3.12892 -3.13672 -3.14387 -3.15048 -3.15663 -3.16241 -3.16789 -3.17315 -3.17824 -3.18325 -3.18821 -3.19319 -3.19822 -3.20337 -3.20867 -3.21416 -3.21989 -3.22591 -3.23226 -3.23901 -3.24621 -3.25379 -3.26088 nan nan nan nan nan 
nan nan nan nan nan -0.965432 -0.979244 -0.990565 -1.00223 -1.01474 -1.0282 -1.04268 -1.05822 -1.07484 -1.09257 -1.11142 -1.13142 -1.15258 -1.17491 -1.19844 -1.22317 -1.24913 -1.27633 -1.30479 -1.33451 -1.36552 -1.39783 -1.43144 -1.46637 -1.50262 -1.54019 -1.57908 -1.61928 -1.66078 -1.70354 -1.74754 -1.79274 -1.83907 -1.88647 -1.93485 -1.9841 -2.03411 -2.08472 -2.13578 -2.1871 -2.23849 -2.28972 -2.34057 -2.3908 -2.44018 -2.48846 -2.53542 -2.58086 -2.62459 -2.66644 -2.70629 -2.74404 -2.77963 -2.81302 -2.84421 -2.87324 -2.90014 -2.92499 -2.94787 -2.96889 -2.98815 -3.00577 -3.02187 -3.03656 -3.04997 -3.06222 -3.07342 -3.08368 -3.0931 -3.1018 -3.10986 -3.11737 -3.12443 -3.13111 -3.13748 -3.14361 -3.14957 -3.15541 -3.1612 -3.16697 -3.17279 -3.17869 -3.18471 -3.19091 -3.19731 -3.20397 -3.21093 -3.21827 -3.22612 -3.23495 -3.24746 nan nan nan nan nan 
nan nan nan nan nan nan -1.00034 -1.0094 -1.0205 -1.03271 -1.04593 -1.0602 -1.07554 -1.09197 -1.10949 -1.12813 -1.14789 -1.1688 -1.19085 -1.21407 -1.23847 -1.26406 -1.29085 -1.31886 -1.34809 -1.37855 -1.41026 -1.44322 -1.47742 -1.51288 -1.54959 -1.58753 -1.6267 -1.66706 -1.7086 -1.75128 -1.79504 -1.83982 -1.88556 -1.93216 -1.97952 -2.02752 -2.07603 -2.1249 -2.17395 -2.22301 -2.27189 -2.32037 -2.36825 -2.41533 -2.46139 -2.50624 -2.5497 -2.59161 -2.63183 -2.67023 -2.70675 -2.7413 -2.77387 -2.80444 -2.83303 -2.85968 -2.88445 -2.9074 -2.92863 -2.94821 -2.96626 -2.98288 -2.99818 -3.01225 -3.02521 -3.03717 -3.04822 -3.05846 -3.06799 -3.07689 -3.08526 -3.09316 -3.10069 -3.1079 -3.11486 -3.12164 -3.12829 -3.13487 -3.14141 -3.14798 -3.1546 -3.16133 -3.16819 -3.17523 -3.18248 -3.18999 -3.19779 -3.20583 -3.2132 nan nan nan nan nan nan 
nan nan nan nan nan nan -1.01321 -1.02699 -1.03845 -1.05043 -1.0634 -1.07743 -1.09254 -1.10874 -1.12603 -1.14442 -1.16393 -1.18455 -1.2063 -1.22918 -1.25321 -1.2784 -1.30475 -1.33227 -1.36097 -1.39086 -1.42194 -1.45421 -1.48766 -1.52231 -1.55813 -1.59511 -1.63323 -1.67247 -1.71279 -1.75415 -1.7965 -1.83977 -1.8839 -1.92879 -1.97434 -2.02045 -2.06698 -2.1138 -2.16074 -2.20765 -2.25435 -2.30065 -2.34638 -2.39136 -2.43539 -2.47831 -2.51997 -2.56021 -2.59892 -2.63599 -2.67135 -2.70493 -2.73671 -2.76667 -2.79482 -2.8212 -2.84584 -2.86882 -2.89019 -2.91003 -2.92844 -2.94551 -2.96133 -2.97599 -2.9896 -3.00224 -3.01401 -3.025 -3.0353 -3.04499 -3.05415 -3.06285 -3.07117 -3.07918 -3.08694 -3.0945 -3.10192 -3.10925 -3.11654 -3.12382 -3.13115 -3.13855 -3.14606 -3.1537 -3.16152 -3.16954 -3.17787 -3.187 -3.19964 nan nan nan nan nan nan 
nan nan nan nan nan nan nan -1.04765 -1.05668 -1.06797 -1.08058 -1.09434 -1.10921 -1.12516 -1.1422 -1.16033 -1.17955 -1.19987 -1.22129 -1.24381 -1.26745 -1.2922 -1.31809 -1.3451 -1.37324 -1.40253 -1.43295 -1.4645 -1.49719 -1.531 -1.56592 -1.60193 -1.63901 -1.67712 -1.71624 -1.75631 -1.79728 -1.83908 -1.88166 -1.92491 -1.96874 -2.01305 -2.05772 -2.10261 -2.14759 -2.1925 -2.23718 -2.28149 -2.32524 -2.36828 -2.41046 -2.45162 -2.49161 -2.53033 -2.56764 -2.60347 -2.63775 -2.67041 -2.70143 -2.73079 -2.75851 -2.78459 -2.80909 -2.83204 -2.85351 -2.87356 -2.89227 -2.90972 -2.926 -2.94118 -2.95536 -2.96863 -2.98106 -2.99273 -3.00374 -3.01416 -3.02406 -3.03351 -3.04259 -3.05135 -3.05985 -3.06816 -3.07632 -3.08437 -3.09238 -3.10036 -3.10836 -3.11641 -3.12454 -3.13278 -3.14112 -3.14956 -3.15794 -3.16541 nan nan nan nan nan nan nan 
nan nan nan nan nan nan nan -1.06011 -1.07347 -1.08497 -1.09739 -1.11093 -1.12556 -1.14126 -1.15804 -1.17589 -1.19481 -1.2148 -1.23587 -1.25801 -1.28123 -1.30553 -1.33092 -1.35739 -1.38496 -1.41362 -1.44336 -1.47419 -1.5061 -1.53906 -1.57308 -1.60811 -1.64415 -1.68115 -1.71907 -1.75788 -1.7975 -1.83789 -1.87897 -1.92065 -1.96285 -2.00546 -2.04837 -2.09146 -2.13459 -2.17765 -2.22047 -2.26292 -2.30485 -2.34612 -2.38659 -2.42612 -2.46459 -2.50189 -2.53792 -2.57259 -2.60585 -2.63765 -2.66794 -2.69673 -2.72401 -2.74979 -2.77411 -2.79701 -2.81853 -2.83874 -2.8577 -2.87548 -2.89215 -2.9078 -2.9225 -2.93632 -2.94935 -2.96166 -2.97332 -2.98441 -2.995 -3.00516 -3.01494 -3.02441 -3.03363 -3.04264 -3.05151 -3.06026 -3.06895 -3.07761 -3.08626 -3.09495 -3.10369 -3.11251 -3.12143 -3.13042 -3.13973 -3.15211 nan nan nan nan nan nan nan 
nan nan nan nan nan nan nan nan -1.09291 -1.10186 -1.11387 -1.12721 -1.14161 -1.15706 -1.17355 -1.19111 -1.20972 -1.22937 -1.25007 -1.27181 -1.2946 -1.31842 -1.3433 -1.36922 -1.39619 -1.42421 -1.45326 -1.48335 -1.51446 -1.54658 -1.57968 -1.61375 -1.64875 -1.68465 -1.72141 -1.75898 -1.79731 -1.83632 -1.87596 -1.91615 -1.95679 -1.99778 -2.03904 -2.08043 -2.12185 -2.16318 -2.20427 -2.24501 -2.28525 -2.32488 -2.36377 -2.4018 -2.43886 -2.47485 -2.50968 -2.54328 -2.57558 -2.60656 -2.63617 -2.66439 -2.69124 -2.71671 -2.74084 -2.76366 -2.7852 -2.80552 -2.82468 -2.84274 -2.85977 -2.87582 -2.89098 -2.90531 -2.91888 -2.93177 -2.94404 -2.95576 -2.96699 -2.9778 -2.98824 -2.99839 -3.00828 -3.01797 -3.02751 -3.03694 -3.04629 -3.0556 -3.06489 -3.07419 -3.08353 -3.09295 -3.10245 -3.11176 -3.11923 nan nan nan nan nan nan nan nan 
nan nan nan nan nan nan nan nan -1.10426 -1.11653 -1.1298 -1.14324 -1.15741 -1.17257 -1.18878 -1.20603 -1.22432 -1.24363 -1.26395 -1.28528 -1.30761 -1.33094 -1.35529 -1.38064 -1.407 -1.43436 -1.46272 -1.49206 -1.52237 -1.55363 -1.58583 -1.61894 -1.65292 -1.68774 -1.72336 -1.75973 -1.79679 -1.83449 -1.87275 -1.9115 -1.95066 -1.99013 -2.02982 -2.06963 -2.10944 -2.14914 -2.18863 -2.22777 -2.26646 -2.30457 -2.342 -2.37863 -2.41438 -2.44915 -2.48287 -2.51546 -2.54688 -2.57707 -2.60602 -2.63371 -2.66013 -2.6853 -2.70922 -2.73193 -2.75347 -2.77387 -2.79319 -2.81149 -2.82881 -2.84523 -2.8608 -2.87559 -2.88965 -2.90307 -2.91589 -2.92819 -2.94002 -2.95144 -2.96251 -2.97328 -2.98382 -2.99415 -3.00434 -3.01442 -3.02442 -3.03437 -3.04428 -3.05417 -3.06407 -3.07408 -3.08447 -3.09576 -3.10704 nan nan nan nan nan nan nan nan 
nan nan nan nan nan nan nan nan nan -1.13101 -1.14637 -1.15934 -1.17301 -1.18781 -1.20372 -1.22068 -1.23866 -1.25762 -1.27755 -1.29845 -1.32031 -1.34314 -1.36694 -1.39171 -1.41745 -1.44414 -1.47179 -1.50038 -1.52989 -1.56031 -1.59161 -1.62377 -1.65674 -1.69051 -1.72501 -1.76021 -1.79606 -1.83248 -1.86942 -1.9068 -1.94455 -1.98258 -2.0208 -2.05911 -2.09741 -2.13561 -2.17359 -2.21125 -2.24848 -2.28518 -2.32126 -2.3566 -2.39113 -2.42477 -2.45745 -2.4891 -2.51967 -2.54913 -2.57745 -2.60462 -2.63062 -2.65547 -2.67918 -2.70177 -2.72328 -2.74373 -2.76318 -2.78168 -2.79926 -2.81599 -2.83193 -2.84713 -2.86165 -2.87555 -2.88888 -2.90171 -2.91409 -2.92609 -2.93774 -2.94911 -2.96025 -2.9712 -2.98201 -2.99272 -3.00335 -3.01393 -3.02446 -3.03492 -3.0453 -3.05562 -3.06637 -3.08062 nan nan nan nan nan nan nan nan nan 
nan nan nan nan nan nan nan nan nan nan -1.16609 -1.17554 -1.18827 -1.20272 -1.21838 -1.23509 -1.25277 -1.27138 -1.29092 -1.31138 -1.33276 -1.35507 -1.37831 -1.40249 -1.42759 -1.45361 -1.48055 -1.50838 -1.5371 -1.56668 -1.59709 -1.62831 -1.6603 -1.69303 -1.72646 -1.76053 -1.79519 -1.83039 -1.86607 -1.90214 -1.93855 -1.97521 -2.01203 -2.04894 -2.08583 -2.12261 -2.15918 -2.19546 -2.23134 -2.26673 -2.30154 -2.33568 -2.36908 -2.40166 -2.43336 -2.46413 -2.49391 -2.52267 -2.55039 -2.57706 -2.60266 -2.62719 -2.65068 -2.67314 -2.69459 -2.71507 -2.73462 -2.75327 -2.77108 -2.7881 -2.80436 -2.81993 -2.83486 -2.8492 -2.863 -2.87632 -2.88922 -2.90174 -2.91394 -2.92587 -2.93757 -2.94911 -2.96052 -2.97183 -2.98309 -2.99431 -3.00548 -3.01655 -3.02738 -3.03753 -3.04552 nan nan nan nan nan nan nan nan nan nan 
nan nan nan nan nan nan nan nan nan nan -1.17722 -1.18927 -1.20265 -1.21721 -1.23279 -1.2493 -1.2667 -1.28497 -1.3041 -1.32411 -1.345 -1.36678 -1.38945 -1.41302 -1.43748 -1.46283 -1.48905 -1.51614 -1.54407 -1.57281 -1.60235 -1.63265 -1.66368 -1.6954 -1.72777 -1.76075 -1.79428 -1.8283 -1.86276 -1.89759 -1.93273 -1.96809 -2.00359 -2.03917 -2.07473 -2.11018 -2.14544 -2.18043 -2.21504 -2.24921 -2.28284 -2.31586 -2.3482 -2.37979 -2.41058 -2.44051 -2.46954 -2.49765 -2.5248 -2.55097 -2.57618 -2.6004 -2.62366 -2.64598 -2.66736 -2.68784 -2.70746 -2.72625 -2.74425 -2.76151 -2.77807 -2.79397 -2.80927 -2.82401 -2.83825 -2.85202 -2.86539 -2.8784 -2.89111 -2.90356 -2.9158 -2.92788 -2.93986 -2.95177 -2.96364 -2.97551 -2.98738 -2.99922 -3.01095 -3.02243 -3.03352 nan nan nan nan nan nan nan nan nan nan 
nan nan nan nan nan nan nan nan nan nan nan -1.20251 -1.21665 -1.23148 -1.24706 -1.26341 -1.28054 -1.29845 -1.31717 -1.33671 -1.35709 -1.37831 -1.4004 -1.42336 -1.44718 -1.47185 -1.49736 -1.5237 -1.55084 -1.57877 -1.60745 -1.63685 -1.66694 -1.69768 -1.72903 -1.76095 -1.79338 -1.82628 -1.85958 -1.89322 -1.92714 -1.96127 -1.99553 -2.02985 -2.06416 -2.09836 -2.13239 -2.16616 -2.1996 -2.23262 -2.26515 -2.29712 -2.32847 -2.35913 -2.38906 -2.41821 -2.44653 -2.47401 -2.50061 -2.52632 -2.55113 -2.57505 -2.59809 -2.62024 -2.64154 -2.66201 -2.68168 -2.70058 -2.71875 -2.73622 -2.75303 -2.76924 -2.78487 -2.79998 -2.81461 -2.8288 -2.84261 -2.85607 -2.86924 -2.88217 -2.89491 -2.90751 -2.92002 -2.93249 -2.94497 -2.9575 -2.9701 -2.98279 -2.99559 -3.00856 nan nan nan nan nan nan nan nan nan nan nan 
nan nan nan nan nan nan nan nan nan nan nan nan -1.23077 -1.24579 -1.26135 -1.27752 -1.29436 -1.3119 -1.33018 -1.34922 -1.36906 -1.38972 -1.41121 -1.43355 -1.45672 -1.48071 -1.50552 -1.53112 -1.55749 -1.58461 -1.61245 -1.64097 -1.67015 -1.69994 -1.7303 -1.7612 -1.79257 -1.82438 -1.85657 -1.88907 -1.92184 -1.9548 -1.98788 -2.02102 -2.05414 -2.08718 -2.12005 -2.15268 -2.18501 -2.21695 -2.24845 -2.27944 -2.30986 -2.33965 -2.36877 -2.39718 -2.42483 -2.45171 -2.47778 -2.50305 -2.52749 -2.55111 -2.57391 -2.5959 -2.61711 -2.63755 -2.65724 -2.67623 -2.69453 -2.71219 -2.72923 -2.74571 -2.76165 -2.77709 -2.79208 -2.80666 -2.82087 -2.83475 -2.84835 -2.86171 -2.8749 -2.88797 -2.90097 -2.91398 -2.92704 -2.9402 -2.95353 -2.96707 -2.98088 nan nan nan nan nan nan nan nan nan nan nan nan 
nan nan nan nan nan nan nan nan nan nan nan nan nan -1.26036 -1.27581 -1.29175 -1.30826 -1.32538 -1.34318 -1.36169 -1.38097 -1.40104 -1.42192 -1.44363 -1.46614 -1.48947 -1.51358 -1.53845 -1.56407 -1.5904 -1.61741 -1.64508 -1.67336 -1.70223 -1.73164 -1.76154 -1.7919 -1.82267 -1.85379 -1.88522 -1.91688 -1.94873 -1.98069 -2.01271 -2.04472 -2.07665 -2.10843 -2.13999 -2.17128 -2.20221 -2.23274 -2.26281 -2.29235 -2.32133 -2.34968 -2.37739 -2.40441 -2.43072 -2.45629 -2.48112 -2.50519 -2.52851 -2.55108 -2.57291 -2.59401 -2.61441 -2.63411 -2.65316 -2.67158 -2.6894 -2.70666 -2.72337 -2.73959 -2.75534 -2.77067 -2.7856 -2.80017 -2.81443 -2.82842 -2.84218 -2.85577 -2.86925 -2.8827 -2.89618 -2.90977 -2.92354 -2.93754 -2.95186 nan nan nan nan nan nan nan nan nan nan nan nan nan 
nan nan nan nan nan nan nan nan nan nan nan nan nan nan -1.29057 -1.3062 -1.32232 -1.33897 -1.35624 -1.37418 -1.39285 -1.4123 -1.43255 -1.45363 -1.4755 -1.49816 -1.52158 -1.54574 -1.57062 -1.59618 -1.62239 -1.64922 -1.67664 -1.70461 -1.73309 -1.76205 -1.79143 -1.8212 -1.8513 -1.88168 -1.9123 -1.94309 -1.97399 -2.00495 -2.03591 -2.06679 -2.09754 -2.1281 -2.15841 -2.1884 -2.21802 -2.24721 -2.27593 -2.30413 -2.33177 -2.35882 -2.38523 -2.411 -2.43609 -2.4605 -2.48422 -2.50724 -2.52958 -2.55124 -2.57222 -2.59256 -2.61227 -2.63136 -2.64988 -2.66784 -2.68528 -2.70222 -2.71869 -2.73472 -2.75035 -2.7656 -2.78051 -2.79512 -2.80946 -2.82356 -2.8375 -2.85133 -2.86515 -2.87905 -2.89311 -2.90742 -2.92204 nan nan nan nan nan nan nan nan nan nan nan nan nan nan 
nan nan nan nan nan nan nan nan nan nan nan nan nan nan nan -1.32097 -1.33662 -1.35274 -1.36941 -1.38671 -1.40472 -1.42351 -1.44313 -1.46357 -1.48481 -1.50681 -1.52956 -1.55303 -1.57718 -1.60199 -1.62743 -1.65345 -1.68003 -1.70713 -1.73472 -1.76276 -1.7912 -1.82 -1.84912 -1.87852 -1.90813 -1.93792 -1.96782 -1.99777 -2.02773 -2.05762 -2.08741 -2.11702 -2.1464 -2.1755 -2.20426 -2.23264 -2.26058 -2.28806 -2.31501 -2.34143 -2.36727 -2.39251 -2.41715 -2.44115 -2.46452 -2.48726 -2.50937 -2.53084 -2.55171 -2.57198 -2.59167 -2.6108 -2.62939 -2.64748 -2.66508 -2.68222 -2.69892 -2.71522 -2.73113 -2.74668 -2.76191 -2.77683 -2.79148 -2.80589 -2.8201 -2.83421 -2.84832 -2.86255 -2.877 -2.89177 nan nan nan nan nan nan nan nan nan nan nan nan nan nan nan 
nan nan nan nan nan nan nan nan nan nan nan nan nan nan nan nan -1.35124 -1.36675 -1.38273 -1.39931 -1.41658 -1.43468 -1.45366 -1.47348 -1.4941 -1.51547 -1.53756 -1.56035 -1.58381 -1.60789 -1.63257 -1.65781 -1.68358 -1.70984 -1.73657 -1.76371 -1.79124 -1.81912 -1.84731 -1.87575 -1.90441 -1.93324 -1.96218 -1.99118 -2.02019 -2.04916 -2.07803 -2.10674 -2.13525 -2.16351 -2.19147 -2.21907 -2.24629 -2.27307 -2.29938 -2.3252 -2.3505 -2.37524 -2.39943 -2.42305 -2.44608 -2.46853 -2.49041 -2.5117 -2.53244 -2.55263 -2.57229 -2.59144 -2.6101 -2.62829 -2.64604 -2.66336 -2.68029 -2.69682 -2.713 -2.72883 -2.74435 -2.75957 -2.77451 -2.78918 -2.80359 -2.81785 -2.83214 -2.8466 -2.86136 nan nan nan nan nan nan nan nan nan nan nan nan nan nan nan nan 
nan nan nan nan nan nan nan nan nan nan nan nan nan nan nan nan nan -1.38107 -1.39627 -1.412 -1.42842 -1.44575 -1.46413 -1.48338 -1.5034 -1.52415 -1.54561 -1.56775 -1.59053 -1.61392 -1.63787 -1.66235 -1.68734 -1.71279 -1.73867 -1.76496 -1.79161 -1.8186 -1.84588 -1.87342 -1.90117 -1.92908 -1.95711 -1.98521 -2.01332 -2.0414 -2.0694 -2.09728 -2.12497 -2.15243 -2.17963 -2.20651 -2.23303 -2.25916 -2.28486 -2.31011 -2.33488 -2.35916 -2.38292 -2.40615 -2.42886 -2.45103 -2.47267 -2.49379 -2.51439 -2.53449 -2.55411 -2.57326 -2.59197 -2.61026 -2.62814 -2.64564 -2.66276 -2.67953 -2.69596 -2.71206 -2.72785 -2.74336 -2.7586 -2.77352 -2.788 -2.80227 -2.81659 -2.83115 nan nan nan nan nan nan nan nan nan nan nan nan nan nan nan nan nan 
nan nan nan nan nan nan nan nan nan nan nan nan nan nan nan nan nan nan -1.41009 -1.4248 -1.44015 -1.45658 -1.4745 -1.49328 -1.51273 -1.53289 -1.55374 -1.57526 -1.5974 -1.62011 -1.64336 -1.66712 -1.69134 -1.716 -1.74107 -1.76652 -1.79233 -1.81846 -1.84488 -1.87154 -1.89842 -1.92546 -1.95262 -1.97986 -2.00712 -2.03437 -2.06155 -2.08862 -2.11554 -2.14226 -2.16873 -2.19492 -2.22079 -2.2463 -2.27143 -2.29614 -2.32041 -2.34423 -2.36758 -2.39045 -2.41283 -2.43473 -2.45613 -2.47706 -2.49752 -2.51752 -2.53708 -2.55623 -2.57498 -2.59334 -2.61135 -2.62901 -2.64634 -2.66333 -2.68 -2.69635 -2.71241 -2.72821 -2.7438 -2.75907 -2.77344 -2.78745 -2.80157 nan nan nan nan nan nan nan nan nan nan nan nan nan nan nan nan nan nan 
nan nan nan nan nan nan nan nan nan nan nan nan nan nan nan nan nan nan nan -1.43776 -1.45163 -1.46673 -1.48482 -1.50328 -1.52215 -1.54172 -1.56198 -1.58291 -1.60444 -1.62651 -1.6491 -1.67214 -1.69563 -1.71952 -1.7438 -1.76845 -1.79343 -1.81873 -1.84432 -1.87015 -1.89619 -1.92239 -1.94873 -1.97514 -2.0016 -2.02805 -2.05446 -2.08078 -2.10696 -2.13297 -2.15877 -2.18432 -2.20957 -2.2345 -2.25907 -2.28326 -2.30706 -2.33044 -2.35339 -2.37591 -2.39798 -2.4196 -2.44077 -2.46151 -2.48181 -2.5017 -2.5212 -2.54032 -2.55909 -2.57753 -2.59565 -2.61348 -2.631 -2.64822 -2.66514 -2.68172 -2.69801 -2.71404 -2.73014 -2.74633 -2.76007 -2.77331 nan nan nan nan nan nan nan nan nan nan nan nan nan nan nan nan nan nan nan 
nan nan nan nan nan nan nan nan nan nan nan nan nan nan nan nan nan nan nan nan -1.46272 -1.47473 -1.49557 -1.51367 -1.53165 -1.55063 -1.57033 -1.59072 -1.61169 -1.63317 -1.65511 -1.67748 -1.70025 -1.72339 -1.7469 -1.77075 -1.79494 -1.81944 -1.84421 -1.86924 -1.89448 -1.9199 -1.94544 -1.97108 -1.99677 -2.02246 -2.04813 -2.07374 -2.09923 -2.12458 -2.14974 -2.17467 -2.19934 -2.22372 -2.24777 -2.27147 -2.29481 -2.31777 -2.34034 -2.36251 -2.38427 -2.40562 -2.42656 -2.44709 -2.46724 -2.487 -2.50641 -2.52549 -2.54427 -2.56277 -2.58101 -2.59899 -2.61673 -2.63419 -2.65137 -2.66818 -2.68466 -2.7006 -2.71717 -2.73689 -2.74802 nan nan nan nan nan nan nan nan nan nan nan nan nan nan nan nan nan nan nan nan 
nan nan nan nan nan nan nan nan nan nan nan nan nan nan nan nan nan nan nan nan nan nan -1.50983 -1.52497 -1.54096 -1.55962 -1.57876 -1.59874 -1.61919 -1.64013 -1.66147 -1.68318 -1.70524 -1.72765 -1.75039 -1.77347 -1.79688 -1.82059 -1.84459 -1.86884 -1.89332 -1.91798 -1.94277 -1.96767 -1.99262 -2.0176 -2.04257 -2.0675 -2.09235 -2.11707 -2.14163 -2.16599 -2.19011 -2.21396 -2.23751 -2.26075 -2.28364 -2.3062 -2.32839 -2.35023 -2.37169 -2.39278 -2.41348 -2.43381 -2.45377 -2.4734 -2.4927 -2.51172 -2.53049 -2.54903 -2.56738 -2.58553 -2.6035 -2.62123 -2.63876 -2.65577 -2.67266 -2.68732 -2.7018 nan nan nan nan nan nan nan nan nan nan nan nan nan nan nan nan nan nan nan nan nan nan 
nan nan nan nan nan nan nan nan nan nan nan nan nan nan nan nan nan nan nan nan nan nan nan -1.53624 -1.54843 -1.56894 -1.58714 -1.60707 -1.627 -1.64747 -1.66822 -1.68929 -1.71066 -1.73233 -1.75431 -1.77662 -1.79925 -1.8222 -1.84545 -1.86896 -1.89271 -1.91665 -1.94073 -1.96492 -1.98917 -2.01347 -2.03777 -2.06206 -2.0863 -2.11043 -2.13443 -2.15825 -2.18186 -2.20521 -2.22829 -2.25108 -2.27355 -2.2957 -2.31754 -2.33905 -2.36023 -2.38105 -2.40152 -2.42163 -2.4414 -2.46086 -2.48003 -2.49896 -2.51769 -2.53626 -2.55471 -2.57303 -2.5913 -2.60925 -2.62748 -2.64427 -2.66371 -2.67506 nan nan nan nan nan nan nan nan nan nan nan nan nan nan nan nan nan nan nan nan nan nan nan 
nan nan nan nan nan nan nan nan nan nan nan nan nan nan nan nan nan nan nan nan nan nan nan nan nan -1.58132 -1.59461 -1.6162 -1.63503 -1.65532 -1.67541 -1.6959 -1.71655 -1.73748 -1.75867 -1.7802 -1.80208 -1.82428 -1.84679 -1.86959 -1.89266 -1.91592 -1.93933 -1.96283 -1.98641 -2.01005 -2.03372 -2.05741 -2.08107 -2.10466 -2.12814 -2.15146 -2.17459 -2.19748 -2.22011 -2.24245 -2.2645 -2.28627 -2.30775 -2.32895 -2.34986 -2.37044 -2.39067 -2.41055 -2.43011 -2.44939 -2.46838 -2.48716 -2.50582 -2.52437 -2.54296 -2.56136 -2.5802 -2.59778 -2.61844 -2.6309 nan nan nan nan nan nan nan nan nan nan nan nan nan nan nan nan nan nan nan nan nan nan nan nan nan 
nan nan nan nan nan nan nan nan nan nan nan nan nan nan nan nan nan nan nan nan nan nan nan nan nan nan nan -1.62885 -1.6424 -1.66415 -1.68299 -1.70312 -1.72296 -1.74313 -1.76349 -1.78421 -1.80536 -1.82682 -1.8486 -1.87072 -1.89316 -1.91581 -1.93858 -1.96142 -1.98434 -2.00734 -2.0304 -2.05352 -2.07665 -2.09973 -2.12274 -2.1456 -2.16829 -2.19075 -2.21295 -2.23487 -2.2565 -2.27786 -2.29899 -2.31991 -2.34059 -2.36095 -2.38093 -2.40055 -2.41988 -2.43897 -2.45773 -2.47628 -2.49482 -2.51324 -2.53219 -2.55004 -2.57114 -2.58401 nan nan nan nan nan nan nan nan nan nan nan nan nan nan nan nan nan nan nan nan nan nan nan nan nan nan nan 
nan nan nan nan nan nan nan nan nan nan nan nan nan nan nan nan nan nan nan nan nan nan nan nan nan nan nan nan nan -1.67667 -1.69008 -1.71143 -1.72983 -1.74939 -1.76873 -1.78859 -1.80912 -1.82983 -1.85085 -1.87232 -1.89421 -1.91636 -1.93853 -1.9607 -1.98295 -2.00531 -2.0278 -2.05038 -2.07302 -2.09565 -2.11822 -2.14069 -2.16298 -2.18504 -2.20683 -2.22833 -2.24953 -2.27047 -2.29122 -2.31187 -2.33241 -2.35261 -2.37234 -2.39164 -2.41069 -2.42966 -2.44809 -2.46618 -2.48475 -2.50237 -2.52332 -2.53623 nan nan nan nan nan nan nan nan nan nan nan nan nan nan nan nan nan nan nan nan nan nan nan nan nan nan nan nan nan 
nan nan nan nan nan nan nan nan nan nan nan nan nan nan nan nan nan nan nan nan nan nan nan nan nan nan nan nan nan nan nan -1.72344 -1.73637 -1.75668 -1.77424 -1.79311 -1.8135 -1.83333 -1.85344 -1.87427 -1.89579 -1.91766 -1.93924 -1.96069 -1.98221 -2.00393 -2.02586 -2.04795 -2.07015 -2.09238 -2.11459 -2.13671 -2.15866 -2.18037 -2.20179 -2.22287 -2.2436 -2.26404 -2.28434 -2.30473 -2.32536 -2.34554 -2.36498 -2.38376 -2.40238 -2.42171 -2.43959 -2.45641 -2.47642 -2.48894 nan nan nan nan nan nan nan nan nan nan nan nan nan nan nan nan nan nan nan nan nan nan nan nan nan nan nan nan nan nan nan 
nan nan nan nan nan nan nan nan nan nan nan nan nan nan nan nan nan nan nan nan nan nan nan nan nan nan nan nan nan nan nan nan nan -1.76751 -1.77927 -1.79694 -1.81923 -1.83735 -1.85613 -1.87631 -1.8978 -1.92004 -1.94089 -1.96137 -1.98207 -2.00313 -2.02454 -2.0462 -2.06802 -2.08992 -2.11182 -2.13367 -2.15536 -2.17679 -2.19787 -2.21854 -2.23875 -2.25855 -2.27814 -2.29814 -2.31955 -2.34001 -2.35909 -2.37684 -2.39417 -2.41602 -2.43299 -2.44424 nan nan nan nan nan nan nan nan nan nan nan nan nan nan nan nan nan nan nan nan nan nan nan nan nan nan nan nan nan nan nan nan nan 
nan nan nan nan nan nan nan nan nan nan nan nan nan nan nan nan nan nan nan nan nan nan nan nan nan nan nan nan nan nan nan nan nan nan nan nan -1.82992 -1.84154 -1.85823 -1.87786 -1.89983 -1.9246 -1.94369 -1.96265 -1.98236 -2.00279 -2.02375 -2.04507 -2.0666 -2.08823 -2.10987 -2.13158 -2.15311 -2.17433 -2.19515 -2.21546 -2.23513 -2.25407 -2.27233 -2.29093 -2.31546 -2.33668 -2.35536 -2.37117 -2.38221 nan nan nan nan nan nan nan nan nan nan nan nan nan nan nan nan nan nan nan nan nan nan nan nan nan nan nan nan nan nan nan nan nan nan nan nan 
nan nan nan nan nan nan nan nan nan nan nan nan nan nan nan nan nan nan nan nan nan nan nan nan nan nan nan nan nan nan nan nan nan nan nan nan nan nan nan nan nan -1.93557 -1.94746 -1.964 -1.98275 -2.00271 -2.02339 -2.04452 -2.06588 -2.08732 -2.10863 -2.13046 -2.15195 -2.17308 -2.19375 -2.21382 -2.23308 -2.25111 -2.26702 -2.27852 nan nan nan nan nan nan nan nan nan nan nan nan nan nan nan nan nan nan nan nan nan nan nan nan nan nan nan nan nan nan nan nan nan nan nan nan nan nan nan nan nan 
nan nan nan nan nan nan nan nan nan nan nan nan nan nan nan nan nan nan nan nan nan nan nan nan nan nan nan nan nan nan nan nan nan nan nan nan nan nan nan nan nan nan nan nan nan nan nan nan nan nan -2.10765 nan nan nan nan nan nan nan nan nan nan nan nan nan nan nan nan nan nan nan nan nan nan nan nan nan nan nan nan nan nan nan nan nan nan nan nan nan nan nan nan nan nan nan nan nan nan nan nan nan nan 
