nan nan nan nan nan nan nan nan nan nan nan nan nan nan nan nan nan nan nan nan nan nan nan nan nan nan nan nan nan nan nan nan nan nan nan nan nan nan nan nan nan nan nan nan nan nan nan nan nan nan -69.7815 nan nan nan nan nan nan nan nan nan nan nan nan nan nan nan nan nan nan nan nan nan nan nan nan nan nan nan nan nan nan nan nan nan nan nan nan nan nan nan nan nan nan nan nan nan nan nan nan nan nan 
nan nan nan nan nan nan nan nan nan nan nan nan nan nan nan nan nan nan nan nan nan nan nan nan nan nan nan nan nan nan nan nan nan nan nan nan nan nan nan nan nan -69.9633 -69.954 -69.9417 -69.928 -69.9128 -69.896 -69.8772 -69.856 -69.8315 -69.8022 -69.7842 -69.7615 -69.7362 -69.7091 -69.681 -69.6529 -69.6259 -69.6021 -69.5854 nan nan nan nan nan nan nan nan nan nan nan nan nan nan nan nan nan nan nan nan nan nan nan nan nan nan nan nan nan nan nan nan nan nan nan nan nan nan nan nan nan 
nan nan nan nan nan nan nan nan nan nan nan nan nan nan nan nan nan nan nan nan nan nan nan nan nan nan nan nan nan nan nan nan nan nan nan nan -70.0667 -70.0595 -70.0495 -70.0368 -70.0195 -69.9933 -69.9776 -69.9639 -69.9501 -69.9351 -69.9187 -69.9003 -69.8797 -69.8568 -69.8321 -69.8092 -69.7848 -69.7585 -69.7305 -69.7016 -69.6722 -69.6432 -69.6156 -69.5895 -69.5612 -69.5307 -69.5008 -69.4746 -69.4565 nan nan nan nan nan nan nan nan nan nan nan nan nan nan nan nan nan nan nan nan nan nan nan nan nan nan nan nan nan nan nan nan nan nan nan nan 
nan nan nan nan nan nan nan nan nan nan nan nan nan nan nan nan nan nan nan nan nan nan nan nan nan nan nan nan nan nan nan nan nan -70.1374 -70.1291 -70.1159 -70.0947 -70.0829 -70.0729 -70.062 -70.0488 -70.0331 -70.0194 -70.0066 -69.9935 -69.9793 -69.9634 -69.9457 -69.9258 -69.9039 -69.8803 -69.8559 -69.83 -69.8024 -69.7731 -69.7426 -69.7112 -69.6795 -69.6479 -69.6162 -69.5837 -69.5504 -69.5177 -69.487 -69.4592 -69.4313 -69.4059 -69.3884 nan nan nan nan nan nan nan nan nan nan nan nan nan nan nan nan nan nan nan nan nan nan nan nan nan nan nan nan nan nan nan nan nan 
nan nan nan nan nan nan nan nan nan nan nan nan nan nan nan nan nan nan nan nan nan nan nan nan nan nan nan nan nan nan nan -70.1973 -70.1866 -70.1663 -70.1548 -70.1445 -70.1334 -70.1249 -70.1175 -70.1097 -70.1008 -70.0905 -70.0801 -70.0693 -70.0576 -70.0445 -70.0296 -70.0126 -69.9934 -69.972 -69.9486 -69.9233 -69.8962 -69.8672 -69.8363 -69.8038 -69.77 -69.7353 -69.6998 -69.6638 -69.627 -69.5897 -69.5527 -69.5168 -69.4824 -69.4493 -69.4186 -69.3917 -69.3673 -69.3497 nan nan nan nan nan nan nan nan nan nan nan nan nan nan nan nan nan nan nan nan nan nan nan nan nan nan nan nan nan nan nan 
nan nan nan nan nan nan nan nan nan nan nan nan nan nan nan nan nan nan nan nan nan nan nan nan nan nan nan nan nan -70.259 -70.249 -70.2286 -70.2169 -70.2065 -70.1995 -70.1941 -70.1894 -70.1856 -70.1821 -70.1782 -70.1733 -70.1671 -70.16 -70.1516 -70.1418 -70.1301 -70.1163 -70.1001 -70.0815 -70.0603 -70.0368 -70.0109 -69.9826 -69.9521 -69.9195 -69.8848 -69.8484 -69.8104 -69.7713 -69.731 -69.6898 -69.648 -69.6062 -69.5648 -69.5243 -69.4851 -69.4478 -69.4131 -69.3812 -69.3528 -69.3265 -69.3074 nan nan nan nan nan nan nan nan nan nan nan nan nan nan nan nan nan nan nan nan nan nan nan nan nan nan nan nan nan 
nan nan nan nan nan nan nan nan nan nan nan nan nan nan nan nan nan nan nan nan nan nan nan nan nan nan nan -70.3158 -70.3076 -70.2896 -70.2799 -70.2713 -70.2661 -70.2632 -70.2623 -70.2626 -70.2636 -70.2648 -70.2658 -70.266 -70.2651 -70.2627 -70.2587 -70.253 -70.2451 -70.235 -70.2224 -70.2071 -70.189 -70.168 -70.1442 -70.1176 -70.0882 -70.0562 -70.0216 -69.9846 -69.9454 -69.9043 -69.8614 -69.817 -69.7714 -69.7248 -69.6778 -69.6307 -69.5841 -69.5384 -69.4941 -69.4517 -69.4117 -69.3744 -69.3399 -69.309 -69.2798 -69.2589 nan nan nan nan nan nan nan nan nan nan nan nan nan nan nan nan nan nan nan nan nan nan nan nan nan nan nan 
nan nan nan nan nan nan nan nan nan nan nan nan nan nan nan nan nan nan nan nan nan nan nan nan nan -70.3658 -70.3595 -70.3447 -70.3379 -70.3322 -70.3301 -70.3302 -70.3327 -70.337 -70.3426 -70.349 -70.3556 -70.362 -70.3677 -70.3722 -70.3753 -70.3764 -70.3755 -70.3724 -70.3666 -70.3582 -70.3468 -70.3323 -70.3146 -70.2937 -70.2696 -70.2423 -70.2117 -70.1782 -70.1416 -70.1022 -70.0602 -70.0158 -69.9692 -69.9207 -69.8706 -69.8191 -69.7668 -69.714 -69.6612 -69.6088 -69.5573 -69.5073 -69.4591 -69.4132 -69.3698 -69.3295 -69.2921 -69.2588 -69.227 -69.2049 nan nan nan nan nan nan nan nan nan nan nan nan nan nan nan nan nan nan nan nan nan nan nan nan nan 
nan nan nan nan nan nan nan nan nan nan nan nan nan nan nan nan nan nan nan nan nan nan nan -70.4097 -70.4048 -70.3928 -70.3886 -70.386 -70.3872 -70.391 -70.3974 -70.4058 -70.4161 -70.4276 -70.4398 -70.4524 -70.4647 -70.4763 -70.4867 -70.4956 -70.5025 -70.5072 -70.5093 -70.5087 -70.5051 -70.4982 -70.4881 -70.4744 -70.4572 -70.4363 -70.4118 -70.3837 -70.352 -70.3168 -70.2782 -70.2364 -70.1916 -70.1439 -70.0936 -70.041 -69.9864 -69.93 -69.8723 -69.8137 -69.7546 -69.6955 -69.6369 -69.5792 -69.5229 -69.4685 -69.4163 -69.3668 -69.3204 -69.2774 -69.238 -69.2036 -69.1716 -69.1504 nan nan nan nan nan nan nan nan nan nan nan nan nan nan nan nan nan nan nan nan nan nan nan 
nan nan nan nan nan nan nan nan nan nan nan nan nan nan nan nan nan nan nan nan nan nan -70.4454 -70.4353 -70.4326 -70.4323 -70.4362 -70.4433 -70.4535 -70.4662 -70.4812 -70.4978 -70.5157 -70.5343 -70.5533 -70.572 -70.5899 -70.6067 -70.6218 -70.635 -70.6457 -70.6538 -70.6588 -70.6607 -70.6591 -70.6539 -70.6449 -70.6321 -70.6152 -70.5943 -70.5694 -70.5404 -70.5075 -70.4707 -70.4301 -70.3859 -70.3382 -70.2873 -70.2333 -70.1766 -70.1175 -70.0562 -69.9932 -69.9288 -69.8635 -69.7978 -69.7321 -69.6668 -69.6025 -69.5397 -69.4788 -69.4203 -69.3647 -69.3124 -69.264 -69.2201 -69.1813 -69.1501 -69.1275 nan nan nan nan nan nan nan nan nan nan nan nan nan nan nan nan nan nan nan nan nan nan 
nan nan nan nan nan nan nan nan nan nan nan nan nan nan nan nan nan nan nan nan -70.4919 -70.4877 -70.4761 -70.4739 -70.4784 -70.4874 -70.5004 -70.5167 -70.5359 -70.5573 -70.5806 -70.6053 -70.6307 -70.6564 -70.6819 -70.7066 -70.7301 -70.752 -70.7718 -70.7891 -70.8035 -70.8149 -70.8228 -70.827 -70.8274 -70.8238 -70.8159 -70.8038 -70.7872 -70.7663 -70.7409 -70.7111 -70.6769 -70.6385 -70.5958 -70.5492 -70.4986 -70.4445 -70.3869 -70.3262 -70.2626 -70.1965 -70.1282 -70.0581 -69.9867 -69.9144 -69.8417 -69.769 -69.6969 -69.6258 -69.5563 -69.489 -69.4242 -69.3627 -69.3049 -69.2517 -69.2036 -69.1616 -69.1256 -69.0925 -69.0711 nan nan nan nan nan nan nan nan nan nan nan nan nan nan nan nan nan nan nan nan 
nan nan nan nan nan nan nan nan nan nan nan nan nan nan nan nan nan nan nan -70.5257 -70.5168 -70.5158 -70.5178 -70.5258 -70.5395 -70.5577 -70.5799 -70.6053 -70.6334 -70.6634 -70.6949 -70.7274 -70.7601 -70.7927 -70.8245 -70.8552 -70.8841 -70.9109 -70.9352 -70.9565 -70.9746 -70.9891 -70.9998 -71.0063 -71.0086 -71.0064 -70.9997 -70.9882 -70.9719 -70.9508 -70.9249 -70.8942 -70.8588 -70.8187 -70.774 -70.7249 -70.6716 -70.6142 -70.553 -70.4883 -70.4204 -70.3495 -70.276 -70.2004 -70.123 -70.0443 -69.9647 -69.8848 -69.805 -69.7258 -69.6479 -69.5718 -69.498 -69.4273 -69.3601 -69.2972 -69.2394 -69.1872 -69.1411 -69.1013 -69.0705 -69.0495 nan nan nan nan nan nan nan nan nan nan nan nan nan nan nan nan nan nan nan 
nan nan nan nan nan nan nan nan nan nan nan nan nan nan nan nan nan nan -70.5654 -70.5552 -70.5543 -70.561 -70.5734 -70.5915 -70.6148 -70.6425 -70.6739 -70.7083 -70.7451 -70.7835 -70.823 -70.863 -70.9029 -70.9421 -70.9801 -71.0165 -71.0507 -71.0823 -71.1109 -71.1362 -71.1577 -71.1752 -71.1885 -71.1973 -71.2013 -71.2006 -71.1948 -71.1839 -71.1679 -71.1466 -71.1202 -71.0885 -71.0518 -71.01 -70.9632 -70.9117 -70.8556 -70.795 -70.7303 -70.6617 -70.5894 -70.5139 -70.4354 -70.3543 -70.271 -70.186 -70.0998 -70.0128 -69.9255 -69.8385 -69.7524 -69.6677 -69.5851 -69.5052 -69.4286 -69.3561 -69.2885 -69.2263 -69.1703 -69.1213 -69.0807 -69.0492 -69.0277 nan nan nan nan nan nan nan nan nan nan nan nan nan nan nan nan nan nan 
nan nan nan nan nan nan nan nan nan nan nan nan nan nan nan nan nan -70.6061 -70.5961 -70.5958 -70.6043 -70.6202 -70.6426 -70.6706 -70.7035 -70.7407 -70.7813 -70.8246 -70.8698 -70.9164 -70.9637 -71.011 -71.0578 -71.1034 -71.1474 -71.1893 -71.2286 -71.2648 -71.2976 -71.3266 -71.3515 -71.3719 -71.3877 -71.3986 -71.4044 -71.4049 -71.4 -71.3897 -71.3738 -71.3523 -71.3253 -71.2927 -71.2546 -71.2111 -71.1623 -71.1083 -71.0494 -70.9857 -70.9175 -70.845 -70.7685 -70.6884 -70.6049 -70.5185 -70.4295 -70.3384 -70.2457 -70.1518 -70.0573 -69.9627 -69.8686 -69.7755 -69.6842 -69.5953 -69.5094 -69.4274 -69.3499 -69.2778 -69.2118 -69.1528 -69.1018 -69.0596 -69.027 -69.0044 nan nan nan nan nan nan nan nan nan nan nan nan nan nan nan nan nan 
nan nan nan nan nan nan nan nan nan nan nan nan nan nan nan nan -70.6457 -70.6367 -70.6376 -70.6477 -70.6662 -70.6921 -70.7244 -70.7623 -70.8049 -70.8514 -70.901 -70.953 -71.0066 -71.0611 -71.1158 -71.1702 -71.2236 -71.2755 -71.3252 -71.3724 -71.4166 -71.4573 -71.4941 -71.5267 -71.5548 -71.578 -71.5962 -71.6091 -71.6165 -71.6183 -71.6142 -71.6044 -71.5886 -71.5668 -71.5391 -71.5055 -71.4661 -71.4208 -71.3699 -71.3136 -71.2519 -71.1851 -71.1134 -71.037 -70.9564 -70.8717 -70.7834 -70.6918 -70.5972 -70.5002 -70.4012 -70.3007 -70.1991 -70.0971 -69.9952 -69.8941 -69.7943 -69.6965 -69.6016 -69.5101 -69.4229 -69.3409 -69.2647 -69.1954 -69.1337 -69.0806 -69.0367 -69.0026 -68.9787 nan nan nan nan nan nan nan nan nan nan nan nan nan nan nan nan 
nan nan nan nan nan nan nan nan nan nan nan nan nan nan nan -70.6829 -70.6753 -70.6777 -70.6897 -70.7106 -70.7396 -70.7757 -70.8181 -70.8657 -70.9178 -70.9735 -71.032 -71.0924 -71.1541 -71.2163 -71.2783 -71.3395 -71.3993 -71.4571 -71.5124 -71.5647 -71.6135 -71.6585 -71.6992 -71.7353 -71.7665 -71.7925 -71.8129 -71.8277 -71.8367 -71.8396 -71.8364 -71.8269 -71.8111 -71.7891 -71.7607 -71.726 -71.6851 -71.6381 -71.5851 -71.5263 -71.4618 -71.3919 -71.3167 -71.2366 -71.1518 -71.0627 -70.9696 -70.8729 -70.7729 -70.6701 -70.565 -70.458 -70.3496 -70.2404 -70.131 -70.022 -69.914 -69.8077 -69.7038 -69.6031 -69.5064 -69.4145 -69.3282 -69.2484 -69.1761 -69.1119 -69.0568 -69.0111 -68.9755 -68.9501 nan nan nan nan nan nan nan nan nan nan nan nan nan nan nan 
nan nan nan nan nan nan nan nan nan nan nan nan nan nan -70.7171 -70.7111 -70.7152 -70.7292 -70.7524 -70.7842 -70.8238 -70.8702 -70.9225 -70.9799 -71.0413 -71.106 -71.1731 -71.2418 -71.3112 -71.3808 -71.4498 -71.5176 -71.5836 -71.6471 -71.7078 -71.765 -71.8184 -71.8675 -71.912 -71.9515 -71.9856 -72.0142 -72.0369 -72.0535 -72.0639 -72.0679 -72.0654 -72.0563 -72.0405 -72.0181 -71.9889 -71.9532 -71.9108 -71.862 -71.8069 -71.7456 -71.6783 -71.6052 -71.5266 -71.4427 -71.3538 -71.2603 -71.1625 -71.0607 -70.9554 -70.847 -70.7359 -70.6226 -70.5076 -70.3915 -70.2748 -70.1582 -70.0422 -69.9276 -69.815 -69.7053 -69.5993 -69.4977 -69.4014 -69.3114 -69.2284 -69.1533 -69.0868 -69.0297 -68.9825 -68.9454 -68.9187 nan nan nan nan nan nan nan nan nan nan nan nan nan nan 
nan nan nan nan nan nan nan nan nan nan nan nan nan -70.7483 -70.7438 -70.7496 -70.7654 -70.7908 -70.8252 -70.8679 -70.9181 -70.9747 -71.0369 -71.1038 -71.1744 -71.2478 -71.3233 -71.3999 -71.4769 -71.5537 -71.6294 -71.7035 -71.7754 -71.8446 -71.9104 -71.9724 -72.0302 -72.0833 -72.1314 -72.1742 -72.2112 -72.2423 -72.2672 -72.2856 -72.2974 -72.3025 -72.3006 -72.2918 -72.276 -72.2531 -72.2231 -72.1862 -72.1424 -72.0917 -72.0344 -71.9705 -71.9003 -71.8241 -71.742 -71.6543 -71.5614 -71.4635 -71.361 -71.2543 -71.1437 -71.0298 -70.9128 -70.7934 -70.672 -70.5492 -70.4254 -70.3014 -70.1777 -70.055 -69.9341 -69.8157 -69.7005 -69.5895 -69.4835 -69.3833 -69.2898 -69.2039 -69.1264 -69.0581 -68.9994 -68.9508 -68.9127 -68.885 nan nan nan nan nan nan nan nan nan nan nan nan nan 
nan nan nan nan nan nan nan nan nan nan nan nan -70.7768 -70.7735 -70.7807 -70.7981 -70.8254 -70.8622 -70.9077 -70.9611 -71.0216 -71.0883 -71.1602 -71.2364 -71.3159 -71.3978 -71.4814 -71.5657 -71.65 -71.7337 -71.816 -71.8962 -71.9739 -72.0484 -72.1192 -72.1859 -72.248 -72.305 -72.3567 -72.4027 -72.4426 -72.4761 -72.5031 -72.5233 -72.5365 -72.5425 -72.5413 -72.5327 -72.5167 -72.4933 -72.4625 -72.4244 -72.3789 -72.3264 -72.2668 -72.2003 -72.1272 -72.0478 -71.9621 -71.8706 -71.7736 -71.6713 -71.5642 -71.4525 -71.3368 -71.2174 -71.0947 -70.9693 -70.8417 -70.7123 -70.5817 -70.4505 -70.3193 -70.1889 -70.0599 -69.933 -69.8091 -69.6889 -69.5733 -69.4633 -69.3596 -69.2632 -69.1749 -69.0955 -69.0256 -68.9658 -68.9166 -68.8781 -68.8502 nan nan nan nan nan nan nan nan nan nan nan nan 
nan nan nan nan nan nan nan nan nan nan nan -70.8034 -70.8009 -70.8088 -70.8273 -70.8561 -70.8948 -70.9426 -70.999 -71.063 -71.1337 -71.2102 -71.2916 -71.3767 -71.4649 -71.555 -71.6464 -71.7382 -71.8296 -71.9199 -72.0085 -72.0947 -72.178 -72.2577 -72.3334 -72.4047 -72.471 -72.5319 -72.5871 -72.6362 -72.6789 -72.7149 -72.744 -72.7658 -72.7804 -72.7874 -72.7867 -72.7783 -72.7622 -72.7382 -72.7065 -72.6671 -72.62 -72.5654 -72.5034 -72.4343 -72.3583 -72.2755 -72.1863 -72.0909 -71.9897 -71.883 -71.7712 -71.6547 -71.5338 -71.4089 -71.2807 -71.1494 -71.0156 -70.8798 -70.7425 -70.6044 -70.4661 -70.3281 -70.1913 -70.0562 -69.9238 -69.7948 -69.6701 -69.5505 -69.4369 -69.3303 -69.2315 -69.1413 -69.0605 -68.9899 -68.9298 -68.8808 -68.843 -68.8163 nan nan nan nan nan nan nan nan nan nan nan 
nan nan nan nan nan nan nan nan nan nan -70.8293 -70.8268 -70.8348 -70.8537 -70.8833 -70.9232 -70.9728 -71.0316 -71.0985 -71.1728 -71.2534 -71.3394 -71.4299 -71.5238 -71.6203 -71.7184 -71.8174 -71.9163 -72.0146 -72.1114 -72.2061 -72.2981 -72.3868 -72.4717 -72.5523 -72.628 -72.6984 -72.7632 -72.8219 -72.8741 -72.9196 -72.958 -72.9892 -73.0128 -73.0286 -73.0365 -73.0365 -73.0282 -73.0119 -72.9873 -72.9546 -72.9138 -72.8649 -72.8083 -72.7439 -72.672 -72.5928 -72.5066 -72.4137 -72.3144 -72.209 -72.0978 -71.9813 -71.8598 -71.7338 -71.6036 -71.4697 -71.3326 -71.1928 -71.0507 -70.907 -70.7622 -70.6168 -70.4716 -70.3272 -70.1843 -70.0437 -69.9062 -69.7726 -69.6438 -69.5207 -69.4042 -69.2952 -69.1947 -69.1034 -69.0221 -68.9516 -68.8924 -68.8451 -68.8102 -68.7877 nan nan nan nan nan nan nan nan nan nan 
nan nan nan nan nan nan nan nan nan nan -70.8526 -70.86 -70.8781 -70.9075 -70.9478 -70.9985 -71.0589 -71.1281 -71.2053 -71.2895 -71.3798 -71.475 -71.5743 -71.6767 -71.7812 -71.887 -71.9933 -72.0992 -72.2041 -72.3072 -72.4079 -72.5056 -72.5997 -72.6897 -72.775 -72.8551 -72.9297 -72.9983 -73.0605 -73.1159 -73.1642 -73.2051 -73.2383 -73.2636 -73.2807 -73.2896 -73.2901 -73.282 -73.2653 -73.2401 -73.2063 -73.164 -73.1134 -73.0545 -72.9875 -72.9127 -72.8304 -72.7407 -72.644 -72.5406 -72.4308 -72.3151 -72.1938 -72.0673 -71.9361 -71.8005 -71.6611 -71.5182 -71.3724 -71.2243 -71.0742 -70.9228 -70.7707 -70.6184 -70.4667 -70.3163 -70.1678 -70.0221 -69.88 -69.7423 -69.6101 -69.4841 -69.3653 -69.2547 -69.1532 -69.0616 -68.9809 -68.9117 -68.8551 -68.8122 -68.786 nan nan nan nan nan nan nan nan nan nan 
nan nan nan nan nan nan nan nan nan -70.8932 -70.889 -70.9027 -70.9299 -70.9693 -71.02 -71.0812 -71.152 -71.2315 -71.3186 -71.4124 -71.5119 -71.6161 -71.7239 -71.8344 -71.9467 -72.0599 -72.1733 -72.286 -72.3974 -72.5067 -72.6133 -72.7165 -72.8159 -72.9109 -73.0009 -73.0855 -73.1643 -73.2367 -73.3024 -73.361 -73.4122 -73.4555 -73.4909 -73.5179 -73.5364 -73.5462 -73.5472 -73.5392 -73.5222 -73.4963 -73.4613 -73.4175 -73.3649 -73.3037 -73.234 -73.1562 -73.0705 -72.9771 -72.8764 -72.7688 -72.6546 -72.5342 -72.4081 -72.2765 -72.14 -71.999 -71.854 -71.7054 -71.5537 -71.3995 -71.2432 -71.0854 -70.9266 -70.7676 -70.6088 -70.4511 -70.295 -70.1415 -69.9912 -69.8451 -69.704 -69.569 -69.4408 -69.3205 -69.2091 -69.1075 -69.0167 -68.9376 -68.871 -68.8179 -68.7788 -68.7512 nan nan nan nan nan nan nan nan nan 
nan nan nan nan nan nan nan nan -70.9203 -70.9181 -70.9278 -70.9516 -70.9887 -71.0382 -71.0992 -71.1706 -71.2514 -71.3407 -71.4375 -71.5405 -71.6489 -71.7616 -71.8777 -71.996 -72.1159 -72.2363 -72.3566 -72.476 -72.5936 -72.709 -72.8213 -72.9301 -73.0348 -73.1348 -73.2296 -73.3187 -73.4016 -73.4779 -73.5472 -73.6091 -73.6632 -73.7091 -73.7466 -73.7754 -73.7953 -73.8061 -73.8076 -73.7997 -73.7823 -73.7556 -73.7194 -73.6739 -73.6192 -73.5555 -73.483 -73.402 -73.3127 -73.2155 -73.1107 -72.9987 -72.8799 -72.7547 -72.6235 -72.4868 -72.3449 -72.1985 -72.0478 -71.8935 -71.7359 -71.5757 -71.4132 -71.2491 -71.0839 -70.9182 -70.7527 -70.5879 -70.4245 -70.2635 -70.1054 -69.9512 -69.8017 -69.6579 -69.5207 -69.3911 -69.2702 -69.1589 -69.0583 -68.9693 -68.8928 -68.8297 -68.7803 -68.7444 -68.7213 nan nan nan nan nan nan nan nan 
nan nan nan nan nan nan nan nan -70.9432 -70.9517 -70.9724 -71.0065 -71.0537 -71.1133 -71.1843 -71.2656 -71.3562 -71.455 -71.561 -71.673 -71.79 -71.9109 -72.0349 -72.1608 -72.288 -72.4154 -72.5424 -72.6682 -72.7921 -72.9134 -73.0315 -73.1459 -73.2558 -73.3608 -73.4604 -73.554 -73.6413 -73.7216 -73.7945 -73.8598 -73.9169 -73.9655 -74.0053 -74.0359 -74.0572 -74.069 -74.071 -74.0631 -74.0454 -74.0178 -73.9802 -73.9329 -73.876 -73.8097 -73.7342 -73.6497 -73.5567 -73.4554 -73.3463 -73.2297 -73.1061 -72.9759 -72.8395 -72.6975 -72.5502 -72.3982 -72.2419 -72.0817 -71.9183 -71.7521 -71.5836 -71.4133 -71.2417 -71.0696 -70.8974 -70.7258 -70.5554 -70.3871 -70.2216 -70.0596 -69.9021 -69.7499 -69.6041 -69.4657 -69.3356 -69.2149 -69.1048 -69.0061 -68.9199 -68.8472 -68.7886 -68.7451 -68.719 nan nan nan nan nan nan nan nan 
nan nan nan nan nan nan nan -70.9813 -70.9781 -70.9932 -71.0232 -71.0672 -71.1243 -71.1938 -71.2745 -71.3655 -71.4655 -71.5735 -71.6884 -71.8089 -71.9342 -72.0631 -72.1946 -72.328 -72.4622 -72.5965 -72.73 -72.8622 -72.9922 -73.1194 -73.2433 -73.3631 -73.4783 -73.5885 -73.6929 -73.7912 -73.8828 -73.9672 -74.044 -74.1128 -74.173 -74.2244 -74.2665 -74.2991 -74.322 -74.3347 -74.3373 -74.3295 -74.3113 -74.2827 -74.2437 -74.1945 -74.1352 -74.066 -73.9872 -73.8992 -73.8022 -73.6966 -73.5829 -73.4615 -73.3329 -73.1975 -73.0557 -72.9082 -72.7553 -72.5976 -72.4355 -72.2696 -72.1002 -71.928 -71.7535 -71.5771 -71.3993 -71.2208 -71.0422 -70.864 -70.6869 -70.5116 -70.3389 -70.1695 -70.0043 -69.8442 -69.6902 -69.5432 -69.4044 -69.2747 -69.1553 -69.0473 -68.9516 -68.8694 -68.8015 -68.7487 -68.7114 -68.6873 nan nan nan nan nan nan nan 
nan nan nan nan nan nan nan -71.0053 -71.0151 -71.0397 -71.0792 -71.1328 -71.1997 -71.2788 -71.3691 -71.4694 -71.5785 -71.6953 -71.8187 -71.9475 -72.0807 -72.2173 -72.3562 -72.4967 -72.6378 -72.7787 -72.9188 -73.0572 -73.1932 -73.3264 -73.4559 -73.5813 -73.702 -73.8173 -73.9267 -74.0298 -74.1259 -74.2146 -74.2954 -74.3678 -74.4313 -74.4856 -74.5303 -74.565 -74.5894 -74.6032 -74.6063 -74.5986 -74.5799 -74.5503 -74.5097 -74.4584 -74.3965 -74.3243 -74.242 -74.1501 -74.0488 -73.9387 -73.8202 -73.6937 -73.5597 -73.4189 -73.2716 -73.1184 -72.9597 -72.7962 -72.6282 -72.4563 -72.2811 -72.1029 -71.9223 -71.7398 -71.556 -71.3713 -71.1864 -71.0018 -70.8182 -70.6362 -70.4566 -70.2801 -70.1076 -69.9399 -69.7781 -69.623 -69.4757 -69.3374 -69.2092 -69.0921 -68.9872 -68.8957 -68.8185 -68.7567 -68.7111 -68.6839 nan nan nan nan nan nan nan 
nan nan nan nan nan nan -71.0418 -71.0399 -71.0572 -71.0909 -71.1397 -71.2029 -71.2792 -71.3677 -71.4672 -71.5765 -71.6944 -71.8197 -71.9513 -72.088 -72.2289 -72.3728 -72.5189 -72.6663 -72.8141 -72.9616 -73.108 -73.2526 -73.3947 -73.5337 -73.6691 -73.8001 -73.9262 -74.0468 -74.1614 -74.2694 -74.3703 -74.4634 -74.5484 -74.6246 -74.6917 -74.7491 -74.7964 -74.8333 -74.8594 -74.8744 -74.8781 -74.8704 -74.8512 -74.8204 -74.7782 -74.7246 -74.6599 -74.5844 -74.4984 -74.4022 -74.2964 -74.1814 -74.0577 -73.9258 -73.7863 -73.6397 -73.4866 -73.3275 -73.1629 -72.9933 -72.8193 -72.6415 -72.4602 -72.276 -72.0894 -71.9009 -71.711 -71.5203 -71.3292 -71.1384 -70.9485 -70.7601 -70.5739 -70.3906 -70.2111 -70.0363 -69.8669 -69.7041 -69.5489 -69.4023 -69.2656 -69.1397 -69.026 -68.9254 -68.8391 -68.768 -68.7129 -68.6739 -68.6479 nan nan nan nan nan nan 
nan nan nan nan nan nan -71.0645 -71.0757 -71.1028 -71.1458 -71.204 -71.2765 -71.3621 -71.4597 -71.5681 -71.6861 -71.8124 -71.9458 -72.0853 -72.2297 -72.3779 -72.529 -72.682 -72.8362 -72.9905 -73.1444 -73.2971 -73.4478 -73.596 -73.741 -73.8821 -74.0189 -74.1506 -74.2767 -74.3966 -74.5097 -74.6155 -74.7134 -74.8027 -74.8831 -74.9539 -75.0146 -75.0648 -75.104 -75.132 -75.1482 -75.1526 -75.145 -75.1251 -75.0931 -75.049 -74.993 -74.9253 -74.8461 -74.756 -74.6554 -74.5447 -74.4244 -74.2952 -74.1576 -74.0122 -73.8596 -73.7003 -73.535 -73.3642 -73.1885 -73.0084 -72.8244 -72.637 -72.4468 -72.2542 -72.0597 -71.8638 -71.6671 -71.4701 -71.2732 -71.0772 -70.8826 -70.69 -70.5003 -70.3142 -70.1324 -69.956 -69.7859 -69.6231 -69.4686 -69.3238 -69.1896 -69.0672 -68.9579 -68.8627 -68.7826 -68.7184 -68.6712 -68.6427 nan nan nan nan nan nan 
nan nan nan nan nan -71.0964 -71.0964 -71.1156 -71.1518 -71.2041 -71.2715 -71.3531 -71.4477 -71.5541 -71.6711 -71.7974 -71.9318 -72.0731 -72.2201 -72.3718 -72.5271 -72.6851 -72.8449 -73.0056 -73.1664 -73.3266 -73.4855 -73.6424 -73.7966 -73.9476 -74.0947 -74.2372 -74.3747 -74.5064 -74.6319 -74.7504 -74.8613 -74.9642 -75.0582 -75.1429 -75.2177 -75.282 -75.3354 -75.3772 -75.4071 -75.4248 -75.4299 -75.4223 -75.4018 -75.3684 -75.3223 -75.2636 -75.1925 -75.1095 -75.0149 -74.9094 -74.7933 -74.6674 -74.5323 -74.3886 -74.2369 -74.0779 -73.9122 -73.7405 -73.5633 -73.3812 -73.1948 -73.0045 -72.811 -72.6146 -72.416 -72.2156 -72.0138 -71.8112 -71.6083 -71.4055 -71.2036 -71.003 -70.8044 -70.6085 -70.416 -70.2278 -70.0446 -69.8675 -69.6975 -69.5356 -69.383 -69.2409 -69.1103 -68.9926 -68.8887 -68.7998 -68.7267 -68.67 -68.6297 -68.6021 nan nan nan nan nan 
nan nan nan nan nan -71.1171 -71.1295 -71.1584 -71.2039 -71.2653 -71.3417 -71.4321 -71.5353 -71.6502 -71.7754 -71.9097 -72.0518 -72.2006 -72.355 -72.5137 -72.6759 -72.8406 -73.0069 -73.174 -73.3412 -73.5076 -73.6727 -73.8357 -73.996 -74.1531 -74.3062 -74.4547 -74.5981 -74.7357 -74.8669 -74.9911 -75.1075 -75.2156 -75.3146 -75.404 -75.4832 -75.5514 -75.6081 -75.6527 -75.6848 -75.704 -75.71 -75.7024 -75.6812 -75.6464 -75.598 -75.5363 -75.4616 -75.3743 -75.2749 -75.164 -75.0422 -74.9102 -74.7687 -74.6184 -74.46 -74.2943 -74.1219 -73.9434 -73.7595 -73.5708 -73.3779 -73.1813 -72.9815 -72.779 -72.5743 -72.3679 -72.1603 -71.9519 -71.7432 -71.5348 -71.3271 -71.1208 -70.9164 -70.7145 -70.516 -70.3216 -70.1321 -69.9484 -69.7716 -69.6026 -69.4427 -69.293 -69.1546 -69.0288 -68.9167 -68.8193 -68.7376 -68.6724 -68.6243 -68.5952 nan nan nan nan nan 
nan nan nan nan -71.1442 -71.1459 -71.1664 -71.2042 -71.2586 -71.3288 -71.4139 -71.5128 -71.6244 -71.7474 -71.8805 -72.0224 -72.172 -72.3279 -72.4892 -72.6548 -72.8236 -72.9948 -73.1675 -73.3409 -73.5143 -73.6869 -73.8581 -74.0273 -74.1938 -74.3569 -74.5162 -74.6709 -74.8204 -74.9641 -75.1013 -75.2314 -75.3536 -75.4673 -75.5717 -75.6662 -75.75 -75.8225 -75.8829 -75.9306 -75.9652 -75.9861 -75.993 -75.9855 -75.9636 -75.9271 -75.8763 -75.8113 -75.7325 -75.6405 -75.5357 -75.419 -75.2909 -75.1523 -75.0039 -74.8466 -74.6811 -74.5082 -74.3287 -74.1432 -73.9524 -73.7568 -73.5572 -73.3541 -73.1479 -72.9392 -72.7285 -72.5162 -72.3028 -72.0887 -71.8744 -71.6604 -71.4472 -71.2353 -71.0253 -70.8178 -70.6136 -70.4133 -70.2177 -70.0279 -69.8446 -69.669 -69.5022 -69.3453 -69.1996 -69.0661 -68.9461 -68.8407 -68.7508 -68.6771 -68.6202 -68.5797 -68.5514 nan nan nan nan 
nan nan nan nan -71.1632 -71.1763 -71.2059 -71.2525 -71.3155 -71.3942 -71.4876 -71.5947 -71.7143 -71.845 -71.9856 -72.1349 -72.2915 -72.4544 -72.6224 -72.7944 -72.9697 -73.1472 -73.3261 -73.5057 -73.6852 -73.8639 -74.0413 -74.2166 -74.3893 -74.5587 -74.7243 -74.8853 -75.0411 -75.1912 -75.3347 -75.4711 -75.5994 -75.7191 -75.8293 -75.9293 -76.0182 -76.0953 -76.1598 -76.211 -76.2484 -76.2712 -76.2791 -76.2718 -76.249 -76.2108 -76.1572 -76.0885 -76.0053 -75.908 -75.7974 -75.6742 -75.5392 -75.3934 -75.2376 -75.0727 -74.8996 -74.7191 -74.5321 -74.3392 -74.1411 -73.9386 -73.7321 -73.5223 -73.3097 -73.0948 -72.878 -72.6598 -72.4406 -72.2209 -72.0011 -71.7817 -71.5632 -71.3459 -71.1306 -70.9178 -70.7081 -70.5022 -70.301 -70.1053 -69.916 -69.7342 -69.5609 -69.3973 -69.2445 -69.1039 -68.9764 -68.8634 -68.7657 -68.6843 -68.6196 -68.5723 -68.5438 nan nan nan nan 
nan nan nan -71.1877 -71.1898 -71.2103 -71.2482 -71.303 -71.3742 -71.461 -71.5624 -71.6773 -71.8044 -71.9425 -72.0903 -72.2465 -72.4099 -72.5793 -72.7537 -72.9321 -73.1135 -73.2971 -73.4821 -73.6678 -73.8533 -74.0382 -74.2217 -74.4032 -74.5822 -74.7579 -74.9299 -75.0974 -75.2598 -75.4165 -75.5667 -75.7096 -75.8446 -75.9707 -76.0871 -76.193 -76.2876 -76.3698 -76.4388 -76.494 -76.5344 -76.5594 -76.5685 -76.5614 -76.5377 -76.4975 -76.4409 -76.3682 -76.2799 -76.1768 -76.0596 -75.9293 -75.7867 -75.633 -75.4692 -75.2962 -75.1149 -74.9264 -74.7314 -74.5308 -74.3252 -74.1154 -73.9019 -73.6854 -73.4663 -73.245 -73.0222 -72.7981 -72.5733 -72.3481 -72.123 -71.8983 -71.6746 -71.4522 -71.2318 -71.0139 -70.799 -70.5879 -70.3814 -70.1802 -69.9852 -69.7976 -69.6182 -69.4483 -69.289 -69.1416 -69.0072 -68.887 -68.7821 -68.6933 -68.6213 -68.5665 -68.5282 -68.502 nan nan nan 
nan nan nan -71.2063 -71.2185 -71.247 -71.2927 -71.3553 -71.4342 -71.5287 -71.6377 -71.76 -71.8943 -72.0394 -72.194 -72.3568 -72.5266 -72.7023 -72.8829 -73.0673 -73.2547 -73.4442 -73.6351 -73.8267 -74.0182 -74.2091 -74.3988 -74.5865 -74.7718 -74.954 -75.1326 -75.3068 -75.476 -75.6396 -75.7968 -75.9467 -76.0886 -76.2217 -76.3449 -76.4573 -76.5579 -76.6458 -76.72 -76.7795 -76.8234 -76.851 -76.8616 -76.8547 -76.8301 -76.7876 -76.7276 -76.6503 -76.5564 -76.4467 -76.3222 -76.184 -76.0331 -75.8708 -75.6981 -75.5163 -75.3264 -75.1293 -74.926 -74.7173 -74.5039 -74.2866 -74.066 -73.8426 -73.6169 -73.3894 -73.1605 -72.9307 -72.7003 -72.4697 -72.2393 -72.0096 -71.7809 -71.5536 -71.3283 -71.1055 -70.8858 -70.6698 -70.4583 -70.2519 -70.0517 -69.8586 -69.6736 -69.4978 -69.3325 -69.1787 -69.0379 -68.911 -68.7993 -68.7038 -68.6251 -68.564 -68.5209 -68.4966 nan nan nan 
nan nan nan -71.2335 -71.2511 -71.2863 -71.3391 -71.4089 -71.4952 -71.5969 -71.713 -71.8422 -71.9833 -72.1351 -72.2961 -72.4651 -72.641 -72.8227 -73.0092 -73.1994 -73.3926 -73.5879 -73.7846 -73.982 -74.1794 -74.3763 -74.572 -74.766 -74.9577 -75.1465 -75.3317 -75.5129 -75.6892 -75.86 -76.0244 -76.1818 -76.3312 -76.4717 -76.6022 -76.7217 -76.8292 -76.9234 -77.0033 -77.0677 -77.1157 -77.1462 -77.1585 -77.152 -77.1263 -77.0814 -77.0175 -76.935 -76.8348 -76.7177 -76.585 -76.4379 -76.2778 -76.106 -75.9238 -75.7325 -75.5332 -75.3271 -75.115 -74.8979 -74.6765 -74.4515 -74.2235 -73.9932 -73.7609 -73.5271 -73.2923 -73.0567 -72.8209 -72.5851 -72.3497 -72.115 -71.8816 -71.6496 -71.4198 -71.1924 -70.9681 -70.7475 -70.5312 -70.3201 -70.115 -69.9168 -69.7265 -69.5453 -69.3744 -69.2148 -69.0679 -68.9349 -68.8169 -68.7151 -68.6303 -68.5633 -68.515 -68.4875 nan nan nan 
nan nan -71.2617 -71.2634 -71.2861 -71.3275 -71.3869 -71.4635 -71.5565 -71.665 -71.7878 -71.9236 -72.0711 -72.229 -72.3961 -72.571 -72.7528 -72.9402 -73.1323 -73.3281 -73.5268 -73.7277 -73.93 -74.1331 -74.3363 -74.5391 -74.7409 -74.9412 -75.1393 -75.3348 -75.5269 -75.7151 -75.8987 -76.077 -76.2492 -76.4144 -76.5718 -76.7202 -76.8587 -76.9861 -77.101 -77.2023 -77.2887 -77.3588 -77.4114 -77.4453 -77.4597 -77.4537 -77.4269 -77.3792 -77.3109 -77.2225 -77.115 -76.9895 -76.8476 -76.6906 -76.5202 -76.3379 -76.1453 -75.9438 -75.7345 -75.5188 -75.2975 -75.0717 -74.842 -74.6092 -74.3738 -74.1365 -73.8976 -73.6576 -73.4169 -73.1758 -72.9347 -72.6938 -72.4535 -72.2142 -71.9762 -71.7398 -71.5056 -71.2739 -71.0453 -70.8204 -70.5998 -70.3843 -70.1746 -69.9717 -69.7766 -69.5904 -69.4142 -69.2493 -69.0969 -68.9582 -68.8344 -68.7268 -68.6361 -68.5633 -68.5087 -68.4716 -68.4464 nan nan 
nan nan -71.2808 -71.2928 -71.3222 -71.3699 -71.4355 -71.5184 -71.6178 -71.7326 -71.8616 -72.0035 -72.157 -72.3208 -72.4935 -72.6741 -72.8613 -73.0541 -73.2516 -73.4527 -73.6568 -73.8631 -74.0709 -74.2795 -74.4885 -74.6971 -74.905 -75.1115 -75.3161 -75.5183 -75.7174 -75.9129 -76.104 -76.2901 -76.4704 -76.6439 -76.8098 -76.9669 -77.114 -77.2499 -77.3732 -77.4825 -77.5762 -77.6528 -77.7108 -77.7488 -77.7656 -77.7604 -77.7324 -77.6816 -77.6082 -77.513 -77.3971 -77.262 -77.1095 -76.9413 -76.7595 -76.5657 -76.3618 -76.1492 -75.9293 -75.7034 -75.4726 -75.2377 -74.9996 -74.7588 -74.5161 -74.2718 -74.0264 -73.7803 -73.5338 -73.2873 -73.041 -72.7952 -72.5503 -72.3065 -72.0642 -71.8237 -71.5854 -71.3497 -71.1171 -70.8882 -70.6636 -70.444 -70.2301 -70.0229 -69.8234 -69.6326 -69.4517 -69.2818 -69.1243 -68.9804 -68.8513 -68.7383 -68.6424 -68.5644 -68.505 -68.4642 -68.4419 nan nan 
nan nan -71.3084 -71.3251 -71.3599 -71.4131 -71.4844 -71.5732 -71.6785 -71.7992 -71.934 -72.0816 -72.2407 -72.4099 -72.588 -72.7739 -72.9663 -73.1642 -73.3667 -73.573 -73.7822 -73.9937 -74.2068 -74.4209 -74.6354 -74.8498 -75.0637 -75.2764 -75.4875 -75.6964 -75.9026 -76.1055 -76.3044 -76.4987 -76.6874 -76.8697 -77.0445 -77.2109 -77.3674 -77.5127 -77.6453 -77.7636 -77.8656 -77.9497 -78.0141 -78.057 -78.077 -78.0727 -78.0435 -77.9891 -77.9098 -77.8066 -77.681 -77.5348 -77.3702 -77.1894 -76.9947 -76.7882 -76.5719 -76.3474 -76.1163 -75.8799 -75.6391 -75.395 -75.1482 -74.8995 -74.6493 -74.3982 -74.1464 -73.8943 -73.6422 -73.3905 -73.1393 -72.8889 -72.6396 -72.3916 -72.1453 -71.9009 -71.6587 -71.4193 -71.1831 -70.9505 -70.7222 -70.4988 -70.2812 -70.0701 -69.8665 -69.6715 -69.4862 -69.3119 -69.1497 -69.001 -68.8671 -68.7492 -68.6485 -68.5659 -68.5023 -68.4587 -68.4359 nan nan 
nan nan -71.3398 -71.3594 -71.3985 -71.4567 -71.5333 -71.6275 -71.7383 -71.8644 -72.0045 -72.1574 -72.3217 -72.496 -72.6791 -72.8699 -73.0672 -73.2699 -73.4773 -73.6884 -73.9026 -74.119 -74.3372 -74.5566 -74.7765 -74.9966 -75.2164 -75.4353 -75.6528 -75.8686 -76.0819 -76.2924 -76.4992 -76.7018 -76.8993 -77.0908 -77.2753 -77.4515 -77.6183 -77.7739 -77.9169 -78.0452 -78.1569 -78.2498 -78.3217 -78.3705 -78.3943 -78.3915 -78.361 -78.3024 -78.2162 -78.1037 -77.9666 -77.8074 -77.6288 -77.4337 -77.2246 -77.0041 -76.7744 -76.5372 -76.2942 -76.0467 -75.7958 -75.5423 -75.2869 -75.0302 -74.7727 -74.5148 -74.2568 -73.999 -73.7416 -73.4849 -73.2291 -72.9743 -72.7209 -72.469 -72.2189 -71.9709 -71.7253 -71.4825 -71.2428 -71.0069 -70.7752 -70.5485 -70.3273 -70.1127 -69.9055 -69.7067 -69.5175 -69.3391 -69.1728 -69.0198 -68.8815 -68.7591 -68.6539 -68.567 -68.4995 -68.4526 -68.4279 nan nan 
nan nan -71.3719 -71.3943 -71.4374 -71.5001 -71.5816 -71.6808 -71.7966 -71.9277 -72.0728 -72.2306 -72.3996 -72.5787 -72.7665 -72.9618 -73.1636 -73.371 -73.5829 -73.7986 -74.0174 -74.2387 -74.4618 -74.6862 -74.9115 -75.1371 -75.3626 -75.5876 -75.8115 -76.034 -76.2546 -76.4726 -76.6876 -76.8987 -77.1053 -77.3064 -77.501 -77.6879 -77.8657 -78.0327 -78.1872 -78.3269 -78.4497 -78.5528 -78.6338 -78.6899 -78.7185 -78.7177 -78.6859 -78.6225 -78.5281 -78.4043 -78.2535 -78.079 -77.8842 -77.6727 -77.4475 -77.2116 -76.9674 -76.7167 -76.4614 -76.2025 -75.9413 -75.6783 -75.4144 -75.1499 -74.8853 -74.6209 -74.357 -74.0937 -73.8313 -73.57 -73.3098 -73.051 -72.7937 -72.5382 -72.2847 -72.0334 -71.7846 -71.5387 -71.296 -71.0571 -70.8224 -70.5926 -70.3684 -70.1506 -69.9401 -69.7379 -69.5452 -69.3632 -69.1931 -69.0362 -68.8939 -68.7676 -68.6583 -68.5673 -68.4957 -68.4445 -68.4159 nan nan 
nan -71.3985 -71.4019 -71.4284 -71.4757 -71.5429 -71.6289 -71.7327 -71.8531 -71.9888 -72.1384 -72.3007 -72.4742 -72.6576 -72.8497 -73.0493 -73.2553 -73.4669 -73.6831 -73.9032 -74.1264 -74.3522 -74.58 -74.8093 -75.0397 -75.2706 -75.5018 -75.7327 -75.963 -76.1922 -76.4199 -76.6456 -76.8687 -77.0886 -77.3045 -77.5156 -77.7208 -77.9189 -78.1086 -78.288 -78.4553 -78.608 -78.7435 -78.8588 -78.9507 -79.0157 -79.0507 -79.0527 -79.0196 -78.9506 -78.8462 -78.7086 -78.5413 -78.3486 -78.1349 -77.9045 -77.6614 -77.4086 -77.1488 -76.8841 -76.6159 -76.3456 -76.074 -75.8017 -75.5295 -75.2575 -74.9862 -74.7156 -74.4461 -74.1778 -73.9107 -73.645 -73.3809 -73.1184 -72.8577 -72.5989 -72.3423 -72.0881 -71.8364 -71.5878 -71.3424 -71.1007 -70.8634 -70.6309 -70.4039 -70.1833 -69.9699 -69.7648 -69.569 -69.3838 -69.2103 -69.0501 -68.9042 -68.7742 -68.6613 -68.5665 -68.4907 -68.4341 -68.3957 -68.3686 nan 
nan -71.4159 -71.4292 -71.4613 -71.5133 -71.5847 -71.6749 -71.7829 -71.9074 -72.0473 -72.2011 -72.3674 -72.545 -72.7324 -72.9284 -73.1319 -73.3419 -73.5574 -73.7776 -74.0018 -74.2292 -74.4593 -74.6915 -74.9255 -75.1607 -75.3968 -75.6334 -75.87 -76.1065 -76.3423 -76.577 -76.8103 -77.0416 -77.2703 -77.4957 -77.717 -77.9333 -78.1433 -78.3457 -78.5386 -78.72 -78.8873 -79.0375 -79.1672 -79.2724 -79.3487 -79.392 -79.3981 -79.364 -79.2882 -79.1715 -79.0168 -78.8291 -78.6144 -78.3784 -78.1266 -77.8634 -77.5924 -77.3162 -77.0368 -76.7557 -76.474 -76.1922 -75.9111 -75.6309 -75.3519 -75.0742 -74.798 -74.5234 -74.2504 -73.9791 -73.7096 -73.4419 -73.1761 -72.9123 -72.6507 -72.3914 -72.1345 -71.8804 -71.6293 -71.3816 -71.1376 -70.8979 -70.6631 -70.4338 -70.2107 -69.9949 -69.7871 -69.5887 -69.4006 -69.2243 -69.061 -68.9121 -68.7789 -68.6627 -68.5646 -68.4854 -68.4255 -68.3846 -68.3621 nan 
nan -71.4407 -71.458 -71.4942 -71.55 -71.6253 -71.7192 -71.831 -71.9593 -72.103 -72.2605 -72.4305 -72.6117 -72.8027 -73.0023 -73.2095 -73.4231 -73.6422 -73.8661 -74.094 -74.3253 -74.5595 -74.7959 -75.0343 -75.2741 -75.515 -75.7568 -75.999 -76.2414 -76.4836 -76.7253 -76.966 -77.2053 -77.4428 -77.6778 -77.9096 -78.1372 -78.3596 -78.5754 -78.7828 -78.9797 -79.1635 -79.3307 -79.4774 -79.5988 -79.6896 -79.7439 -79.756 -79.7215 -79.6376 -79.5051 -79.3286 -79.1153 -78.8737 -78.6115 -78.3353 -78.0501 -77.7597 -77.4665 -77.1724 -76.8785 -76.5857 -76.2944 -76.0049 -75.7173 -75.4318 -75.1485 -74.8672 -74.588 -74.311 -74.036 -73.7631 -73.4923 -73.2237 -72.9573 -72.6932 -72.4316 -72.1725 -71.9163 -71.6631 -71.4134 -71.1675 -70.9258 -70.689 -70.4577 -70.2326 -70.0146 -69.8046 -69.6039 -69.4134 -69.2346 -69.0687 -68.9172 -68.7813 -68.6624 -68.5616 -68.4798 -68.4177 -68.3756 -68.3539 nan 
nan -71.4687 -71.488 -71.527 -71.586 -71.6644 -71.7617 -71.8768 -72.0085 -72.1555 -72.3163 -72.4897 -72.6741 -72.8684 -73.0713 -73.2816 -73.4985 -73.721 -73.9483 -74.1797 -74.4146 -74.6524 -74.8928 -75.1352 -75.3794 -75.6249 -75.8716 -76.1191 -76.3671 -76.6155 -76.8637 -77.1117 -77.3589 -77.6051 -77.8495 -78.0918 -78.3309 -78.566 -78.7958 -79.0187 -79.2325 -79.4345 -79.6211 -79.788 -79.9294 -80.0387 -80.1081 -80.1295 -80.0955 -80.0017 -79.8485 -79.6432 -79.3972 -79.1225 -78.8295 -78.5259 -78.217 -77.9064 -77.5962 -77.2877 -76.9818 -76.6787 -76.3786 -76.0815 -75.7875 -75.4964 -75.208 -74.9224 -74.6394 -74.3589 -74.0808 -73.8051 -73.5318 -73.2608 -72.9923 -72.7261 -72.4626 -72.2018 -71.9438 -71.689 -71.4376 -71.1901 -70.9468 -70.7084 -70.4754 -70.2486 -70.0288 -69.8171 -69.6144 -69.422 -69.2411 -69.0731 -68.9194 -68.7813 -68.6601 -68.5571 -68.4733 -68.4096 -68.3665 -68.3446 nan 
nan -71.4978 -71.5183 -71.5595 -71.6209 -71.702 -71.8021 -71.9201 -72.0547 -72.2046 -72.3684 -72.5446 -72.732 -72.9291 -73.1349 -73.3482 -73.568 -73.7935 -74.0238 -74.2584 -74.4965 -74.7378 -74.9817 -75.228 -75.4761 -75.726 -75.9772 -76.2297 -76.483 -76.7371 -76.9917 -77.2466 -77.5014 -77.7559 -78.0096 -78.2621 -78.5127 -78.7607 -79.0048 -79.2438 -79.4756 -79.6976 -79.9063 -80.0968 -80.2629 -80.3962 -80.4865 -80.5221 -80.4912 -80.3851 -80.2033 -79.9585 -79.6696 -79.3543 -79.0256 -78.692 -78.3585 -78.0279 -77.7014 -77.3797 -77.0628 -76.7506 -76.443 -76.1396 -75.8402 -75.5444 -75.252 -74.9629 -74.6768 -74.3936 -74.1131 -73.8352 -73.5599 -73.2871 -73.0169 -72.7492 -72.4842 -72.222 -71.9627 -71.7067 -71.454 -71.2053 -70.9608 -70.7211 -70.4868 -70.2587 -70.0375 -69.8244 -69.6202 -69.4262 -69.2437 -69.0739 -68.9184 -68.7785 -68.6556 -68.5508 -68.4655 -68.4004 -68.3565 -68.3343 nan 
nan -71.5268 -71.5482 -71.5909 -71.6544 -71.7378 -71.8402 -71.9607 -72.0977 -72.2501 -72.4164 -72.5952 -72.785 -72.9847 -73.193 -73.4089 -73.6313 -73.8594 -74.0925 -74.3299 -74.571 -74.8153 -75.0625 -75.3122 -75.564 -75.8178 -76.0732 -76.3302 -76.5885 -76.848 -77.1084 -77.3697 -77.6317 -77.8941 -78.1566 -78.419 -78.6808 -78.9414 -79.2 -79.4553 -79.7059 -79.9494 -80.1825 -80.4004 -80.5965 -80.7609 -80.8807 -80.9389 -80.9163 -80.7954 -80.5712 -80.2695 -79.9236 -79.5587 -79.1901 -78.8253 -78.4678 -78.1186 -77.7778 -77.4447 -77.1189 -76.7995 -76.486 -76.1777 -75.8742 -75.575 -75.2797 -74.9881 -74.6998 -74.4146 -74.1324 -73.853 -73.5763 -73.3023 -73.031 -72.7623 -72.4963 -72.2331 -71.973 -71.716 -71.4625 -71.2129 -70.9675 -70.7269 -70.4917 -70.2627 -70.0405 -69.8263 -69.621 -69.4258 -69.242 -69.071 -68.9141 -68.7728 -68.6485 -68.5424 -68.4558 -68.3897 -68.3451 -68.3225 nan 
nan -71.5547 -71.577 -71.621 -71.6861 -71.7714 -71.8758 -71.9983 -72.1374 -72.2919 -72.4603 -72.6411 -72.8331 -73.035 -73.2454 -73.4635 -73.6882 -73.9186 -74.1541 -74.394 -74.6377 -74.8848 -75.1348 -75.3875 -75.6427 -75.8999 -76.1592 -76.4202 -76.683 -76.9473 -77.2131 -77.4803 -77.7488 -78.0185 -78.2893 -78.561 -78.8333 -79.106 -79.3785 -79.6501 -79.9196 -80.1853 -80.4446 -80.6934 -80.9251 -81.1296 -81.2909 -81.3859 -81.3828 -81.2457 -80.9523 -80.5644 -80.1427 -79.7201 -79.3099 -78.9157 -78.5372 -78.173 -77.821 -77.4797 -77.1476 -76.8233 -76.5059 -76.1946 -75.8886 -75.5873 -75.2903 -74.9973 -74.7078 -74.4216 -74.1385 -73.8583 -73.5809 -73.3063 -73.0343 -72.7651 -72.4986 -72.2349 -71.9743 -71.7169 -71.4629 -71.2128 -70.9669 -70.7258 -70.4901 -70.2604 -70.0377 -69.8227 -69.6167 -69.4208 -69.2361 -69.0642 -68.9064 -68.7641 -68.6388 -68.5317 -68.4442 -68.3772 -68.3318 -68.3088 nan 
nan -71.5807 -71.604 -71.6494 -71.7159 -71.8027 -71.9087 -72.0327 -72.1735 -72.3297 -72.4998 -72.6824 -72.8761 -73.0797 -73.292 -73.5119 -73.7385 -73.9709 -74.2084 -74.4504 -74.6964 -74.9458 -75.1984 -75.4538 -75.7117 -75.972 -76.2346 -76.4992 -76.7659 -77.0345 -77.3051 -77.5775 -77.8519 -78.1282 -78.4063 -78.6864 -78.9684 -79.2522 -79.5377 -79.8245 -80.1123 -80.4001 -80.6863 -80.968 -81.2404 -81.4944 -81.7135 -81.8686 -81.9103 -81.7641 -81.3386 -80.8151 -80.2977 -79.815 -79.3681 -78.9513 -78.5586 -78.1852 -77.8272 -77.4818 -77.1467 -76.8205 -76.5017 -76.1894 -75.8826 -75.5809 -75.2835 -74.9902 -74.7005 -74.4142 -74.131 -73.8508 -73.5734 -73.2987 -73.0268 -72.7575 -72.491 -72.2273 -71.9667 -71.7092 -71.4552 -71.205 -70.959 -70.7178 -70.4818 -70.2519 -70.0289 -69.8137 -69.6073 -69.4109 -69.2258 -69.0534 -68.8951 -68.7522 -68.6263 -68.5186 -68.4304 -68.3627 -68.3164 -68.2927 nan 
nan -71.6039 -71.6291 -71.676 -71.7437 -71.8316 -71.9388 -72.064 -72.206 -72.3635 -72.5349 -72.7188 -72.9139 -73.1189 -73.3326 -73.554 -73.7822 -74.0162 -74.2554 -74.4991 -74.7469 -74.9983 -75.253 -75.5106 -75.7709 -76.0339 -76.2992 -76.5669 -76.8369 -77.1092 -77.3838 -77.6607 -77.9401 -78.222 -78.5066 -78.7939 -79.0843 -79.3778 -79.6747 -79.9753 -80.2796 -80.5877 -80.8995 -81.214 -81.5293 -81.8404 -82.1352 -82.3859 -82.5275 -82.4181 -81.6875 -80.9567 -80.3395 -79.812 -79.3454 -78.9204 -78.5247 -78.1506 -77.7931 -77.4487 -77.115 -76.79 -76.4725 -76.1614 -75.8559 -75.5552 -75.259 -74.9666 -74.6778 -74.3923 -74.1099 -73.8304 -73.5537 -73.2796 -73.0082 -72.7395 -72.4735 -72.2103 -71.95 -71.6929 -71.4393 -71.1894 -70.9436 -70.7026 -70.4669 -70.2371 -70.0142 -69.799 -69.5927 -69.3963 -69.2111 -69.0386 -68.8801 -68.7371 -68.6109 -68.503 -68.4144 -68.3461 -68.2988 -68.2735 nan 
-71.6018 -71.6225 -71.6525 -71.7009 -71.7695 -71.8581 -71.966 -72.092 -72.2348 -72.3931 -72.5654 -72.7503 -72.9463 -73.1524 -73.3672 -73.5897 -73.819 -74.0542 -74.2947 -74.5398 -74.7891 -75.0421 -75.2984 -75.5578 -75.8201 -76.0851 -76.3527 -76.6229 -76.8956 -77.1709 -77.4488 -77.7293 -78.0128 -78.2993 -78.589 -78.8823 -79.1795 -79.481 -79.7873 -80.0991 -80.4172 -80.7424 -81.076 -81.4193 -81.7742 -82.1421 -82.5231 -82.9094 -83.2583 -83.3899 -88.1023 -87.1305 -86.4765 -85.9581 -85.5077 -85.0975 -84.714 -84.3499 -84.0005 -83.6629 -83.3348 -83.0147 -82.7013 -82.3938 -82.0914 -81.7936 -81.4998 -81.2096 -80.9228 -80.6391 -80.3584 -80.0804 -79.805 -79.5322 -79.262 -78.9943 -78.7293 -78.467 -78.2076 -77.9513 -77.6983 -77.4491 -77.204 -76.9636 -76.7284 -76.4991 -76.2767 -76.0619 -75.856 -75.66 -75.4752 -75.3029 -75.1447 -75.0019 -74.8759 -74.7681 -74.6795 -74.611 -74.5626 -74.5326 -74.5119 
nan -71.6522 -71.6776 -71.7249 -71.7933 -71.8821 -71.9902 -72.1166 -72.2598 -72.4185 -72.5913 -72.7767 -72.9734 -73.1801 -73.3956 -73.6188 -73.8489 -74.085 -74.3264 -74.5726 -74.8229 -75.077 -75.3346 -75.5953 -75.8591 -76.1256 -76.395 -76.667 -76.9417 -77.2192 -77.4996 -77.7829 -78.0694 -78.3593 -78.6529 -78.9506 -79.2529 -79.5602 -79.8735 -80.1935 -80.5215 -80.8591 -81.2084 -81.5725 -81.956 -82.3662 -82.8165 -83.3349 -83.9889 -84.9607 -86.5315 -86.3999 -86.051 -85.6647 -85.2836 -84.9157 -84.5608 -84.2174 -83.8838 -83.5585 -83.2404 -82.9285 -82.6221 -82.3205 -82.0232 -81.7297 -81.4398 -81.153 -80.8693 -80.5884 -80.3101 -80.0343 -79.761 -79.4901 -79.2216 -78.9555 -78.692 -78.4311 -78.173 -77.9178 -77.666 -77.4179 -77.1738 -76.9343 -76.7 -76.4717 -76.25 -76.0361 -75.8309 -75.6356 -75.4515 -75.28 -75.1224 -74.9803 -74.8549 -74.7477 -74.6597 -74.5919 -74.545 -74.5198 nan 
nan -71.6769 -71.7007 -71.7471 -71.815 -71.9035 -72.0115 -72.1378 -72.281 -72.4398 -72.6126 -72.7982 -72.9951 -73.202 -73.4178 -73.6414 -73.8719 -74.1085 -74.3505 -74.5972 -74.8482 -75.103 -75.3614 -75.623 -75.8877 -76.1553 -76.4257 -76.699 -76.9751 -77.2541 -77.536 -77.8212 -78.1096 -78.4017 -78.6978 -78.9983 -79.3037 -79.6146 -79.932 -80.2569 -80.5906 -80.9349 -81.2923 -81.6664 -82.0621 -82.4871 -82.9536 -83.4811 -84.0983 -84.8291 -85.5597 -85.6691 -85.5275 -85.2768 -84.9819 -84.6709 -84.3555 -84.0409 -83.7291 -83.421 -83.1166 -82.816 -82.5189 -82.2253 -81.9348 -81.6473 -81.3625 -81.0804 -80.8008 -80.5235 -80.2485 -79.9757 -79.7051 -79.4367 -79.1705 -78.9065 -78.6449 -78.3859 -78.1294 -77.8759 -77.6257 -77.3789 -77.1362 -76.8981 -76.665 -76.4379 -76.2175 -76.0047 -75.8006 -75.6065 -75.4235 -75.2531 -75.0966 -74.9555 -74.8312 -74.7249 -74.638 -74.5713 -74.5258 -74.5024 nan 
nan -71.6983 -71.7215 -71.7671 -71.8344 -71.9223 -72.0298 -72.1556 -72.2984 -72.4568 -72.6294 -72.8146 -73.0113 -73.2181 -73.4338 -73.6574 -73.888 -74.1247 -74.3668 -74.6137 -74.8649 -75.1201 -75.3788 -75.6408 -75.9059 -76.174 -76.445 -76.7189 -76.9956 -77.2753 -77.558 -77.8439 -78.1333 -78.4264 -78.7235 -79.025 -79.3316 -79.6438 -79.9625 -80.2887 -80.6236 -80.969 -81.3269 -81.7003 -82.093 -82.5097 -82.9567 -83.4394 -83.9567 -84.4802 -84.9057 -85.0518 -85.0101 -84.8551 -84.6359 -84.382 -84.1095 -83.8277 -83.5415 -83.2537 -82.9658 -82.6789 -82.3933 -82.1094 -81.8273 -81.5471 -81.2687 -80.9922 -80.7176 -80.4448 -80.1739 -79.9048 -79.6375 -79.3722 -79.1088 -78.8474 -78.5883 -78.3314 -78.0772 -77.8257 -77.5773 -77.3324 -77.0914 -76.8549 -76.6235 -76.398 -76.1791 -75.9678 -75.7653 -75.5726 -75.3911 -75.2222 -75.0672 -74.9276 -74.8047 -74.6998 -74.6142 -74.5489 -74.5046 -74.4822 nan 
nan -71.7172 -71.7399 -71.7849 -71.8514 -71.9385 -72.0451 -72.1701 -72.3121 -72.4697 -72.6415 -72.8261 -73.0222 -73.2285 -73.4437 -73.6669 -73.8971 -74.1335 -74.3754 -74.6221 -74.8732 -75.1282 -75.3868 -75.6487 -75.9138 -76.1818 -76.4528 -76.7266 -77.0033 -77.2829 -77.5655 -77.8513 -78.1405 -78.4333 -78.73 -79.031 -79.3369 -79.6481 -79.9654 -80.2895 -80.6216 -80.9629 -81.3147 -81.679 -82.0574 -82.4515 -82.8617 -83.2843 -83.706 -84.0939 -84.3873 -84.5244 -84.5274 -84.4325 -84.2711 -84.0666 -83.8349 -83.5861 -83.3267 -83.0609 -82.7914 -82.5197 -82.2472 -81.9744 -81.7019 -81.4301 -81.1591 -80.8892 -80.6204 -80.3528 -80.0866 -79.8218 -79.5585 -79.2968 -79.0367 -78.7785 -78.5222 -78.268 -78.0163 -77.7672 -77.521 -77.2783 -77.0394 -76.805 -76.5755 -76.3519 -76.1349 -75.9256 -75.7249 -75.5341 -75.3545 -75.1875 -75.0344 -74.8966 -74.7756 -74.6725 -74.5886 -74.5248 -74.4818 -74.4601 nan 
nan -71.7339 -71.7563 -71.8006 -71.8662 -71.9522 -72.0576 -72.1813 -72.3221 -72.4785 -72.6492 -72.8327 -73.0278 -73.2331 -73.4475 -73.6699 -73.8994 -74.1351 -74.3763 -74.6225 -74.873 -75.1274 -75.3855 -75.6469 -75.9114 -76.1788 -76.4492 -76.7223 -76.9982 -77.277 -77.5587 -77.8434 -78.1314 -78.4227 -78.7177 -79.0167 -79.32 -79.6282 -79.9416 -80.2609 -80.5867 -80.9196 -81.2604 -81.6096 -81.967 -82.3317 -82.7004 -83.0652 -83.4111 -83.7128 -83.9369 -84.0578 -84.0805 -84.0223 -83.9025 -83.738 -83.5419 -83.3239 -83.0908 -82.8473 -82.5966 -82.3412 -82.0826 -81.8219 -81.56 -81.2974 -81.0347 -80.772 -80.5098 -80.2482 -79.9873 -79.7274 -79.4686 -79.2109 -78.9547 -78.6999 -78.4469 -78.1958 -77.947 -77.7006 -77.4571 -77.2169 -76.9805 -76.7484 -76.5212 -76.2999 -76.0852 -75.8781 -75.6797 -75.4912 -75.3138 -75.1491 -74.9982 -74.8628 -74.744 -74.6431 -74.5613 -74.4993 -74.4578 -74.437 nan 
nan -71.7489 -71.7711 -71.8147 -71.8791 -71.9636 -72.0675 -72.1895 -72.3286 -72.4834 -72.6525 -72.8345 -73.0282 -73.2322 -73.4453 -73.6666 -73.8949 -74.1296 -74.3698 -74.6149 -74.8644 -75.1179 -75.3749 -75.6353 -75.8988 -76.1651 -76.4342 -76.7061 -76.9806 -77.2579 -77.5378 -77.8206 -78.1063 -78.3952 -78.6872 -78.9828 -79.282 -79.5853 -79.8928 -80.2048 -80.5216 -80.8433 -81.1697 -81.5003 -81.8337 -82.1673 -82.4959 -82.8112 -83.1001 -83.3449 -83.5267 -83.6328 -83.6637 -83.6281 -83.5377 -83.4044 -83.2383 -83.0477 -82.839 -82.617 -82.3851 -82.1461 -81.9018 -81.6538 -81.403 -81.1504 -80.8965 -80.6418 -80.3867 -80.1315 -79.8765 -79.622 -79.3681 -79.115 -78.8629 -78.6121 -78.3627 -78.1151 -77.8695 -77.6263 -77.3858 -77.1484 -76.9147 -76.6853 -76.4608 -76.2421 -76.03 -75.8255 -75.6297 -75.4439 -75.2692 -75.1071 -74.959 -74.8262 -74.7101 -74.6119 -74.5326 -74.4729 -74.4333 -74.4136 nan 
nan -71.7624 -71.7847 -71.8275 -71.8904 -71.9731 -72.0749 -72.1948 -72.3318 -72.4845 -72.6516 -72.8317 -73.0235 -73.2258 -73.4373 -73.6569 -73.8838 -74.117 -74.3557 -74.5995 -74.8476 -75.0997 -75.3553 -75.6142 -75.8762 -76.1409 -76.4083 -76.6783 -76.9508 -77.2258 -77.5033 -77.7834 -78.066 -78.3513 -78.6393 -78.9302 -79.2241 -79.5209 -79.8209 -80.1239 -80.4297 -80.7381 -81.0483 -81.3588 -81.6677 -81.9712 -82.2642 -82.5388 -82.7848 -82.9901 -83.1433 -83.2371 -83.271 -83.2497 -83.1803 -83.0709 -82.9295 -82.7626 -82.5759 -82.3738 -82.16 -81.9371 -81.7072 -81.472 -81.2327 -80.9903 -80.7457 -80.4993 -80.2518 -80.0036 -79.7549 -79.5061 -79.2575 -79.0093 -78.7619 -78.5153 -78.27 -78.0262 -77.7842 -77.5444 -77.3071 -77.073 -76.8424 -76.616 -76.3945 -76.1787 -75.9696 -75.768 -75.5752 -75.3924 -75.2208 -75.0618 -74.9168 -74.7872 -74.6743 -74.5792 -74.5029 -74.4461 -74.409 -74.391 nan 
nan -71.7744 -71.798 -71.8399 -71.9008 -71.981 -72.0801 -72.1974 -72.3318 -72.482 -72.6466 -72.8244 -73.014 -73.2141 -73.4235 -73.6412 -73.8662 -74.0975 -74.3345 -74.5764 -74.8228 -75.073 -75.3269 -75.5839 -75.8438 -76.1064 -76.3716 -76.6392 -76.9091 -77.1813 -77.4556 -77.7322 -78.0109 -78.2918 -78.5749 -78.8602 -79.1475 -79.4368 -79.728 -80.0207 -80.3144 -80.6085 -80.9016 -81.192 -81.4771 -81.7533 -82.0154 -82.257 -82.4702 -82.6467 -82.7792 -82.8631 -82.8976 -82.8854 -82.8311 -82.7403 -82.6189 -82.4721 -82.3049 -82.1211 -81.9241 -81.7166 -81.5008 -81.2783 -81.0505 -80.8186 -80.5834 -80.3457 -80.1061 -79.8651 -79.623 -79.3804 -79.1375 -78.8946 -78.652 -78.4101 -78.1691 -77.9294 -77.6913 -77.4552 -77.2215 -76.9909 -76.7637 -76.5406 -76.3224 -76.11 -75.9041 -75.7059 -75.5165 -75.337 -75.1689 -75.0134 -74.872 -74.7459 -74.6366 -74.5451 -74.4724 -74.4192 -74.3858 -74.3711 nan 
nan -71.7835 -71.8132 -71.853 -71.9106 -71.9875 -72.0834 -72.1976 -72.3289 -72.4761 -72.6379 -72.8129 -72.9998 -73.1973 -73.4043 -73.6196 -73.8422 -74.0714 -74.3061 -74.5459 -74.7901 -75.0382 -75.2897 -75.5444 -75.8019 -76.062 -76.3245 -76.5892 -76.8559 -77.1247 -77.3953 -77.6678 -77.9419 -78.2177 -78.4951 -78.7739 -79.0538 -79.3348 -79.6163 -79.898 -80.179 -80.4582 -80.7343 -81.0053 -81.2684 -81.5202 -81.7561 -81.9708 -82.1585 -82.3131 -82.4299 -82.5056 -82.5397 -82.5335 -82.4903 -82.4139 -82.3087 -82.179 -82.0287 -81.8614 -81.6799 -81.4869 -81.2845 -81.0744 -80.858 -80.6365 -80.4109 -80.182 -79.9504 -79.7168 -79.4817 -79.2454 -79.0084 -78.7711 -78.5337 -78.2967 -78.0603 -77.825 -77.5911 -77.359 -77.1293 -76.9024 -76.6789 -76.4595 -76.245 -76.0361 -75.8339 -75.6394 -75.4536 -75.278 -75.1137 -74.9622 -74.8247 -74.7027 -74.5973 -74.5099 -74.4413 -74.3925 -74.3642 -74.3572 nan 
nan nan -71.8387 -71.8681 -71.9202 -71.9929 -72.085 -72.1956 -72.3233 -72.4671 -72.6255 -72.7973 -72.9811 -73.1756 -73.3797 -73.5923 -73.8123 -74.0388 -74.271 -74.5082 -74.7498 -74.9953 -75.2442 -75.4962 -75.7509 -76.008 -76.2673 -76.5287 -76.7918 -77.0567 -77.323 -77.5908 -77.8598 -78.1299 -78.4009 -78.6726 -78.9446 -79.2166 -79.4881 -79.7582 -80.0263 -80.2909 -80.5506 -80.8033 -81.0464 -81.2767 -81.4904 -81.6831 -81.8503 -81.9879 -82.0923 -82.1613 -82.1943 -82.1923 -82.1573 -82.0922 -82.0003 -81.8849 -81.7494 -81.5967 -81.4294 -81.2498 -81.0601 -80.8619 -80.6565 -80.4453 -80.2292 -80.0091 -79.7857 -79.5597 -79.3316 -79.1019 -78.8711 -78.6395 -78.4076 -78.1757 -77.9442 -77.7135 -77.484 -77.2563 -77.0307 -76.8078 -76.5883 -76.3729 -76.1623 -75.9574 -75.7592 -75.5687 -75.3871 -75.2156 -75.0556 -74.9084 -74.7753 -74.6577 -74.5568 -74.4737 -74.4095 -74.3651 -74.3417 nan nan 
nan nan -71.8553 -71.8805 -71.9284 -71.997 -72.0851 -72.1916 -72.3154 -72.4552 -72.6099 -72.778 -72.9582 -73.1494 -73.3502 -73.5596 -73.7765 -74 -74.2292 -74.4635 -74.7022 -74.9448 -75.1907 -75.4396 -75.691 -75.9448 -76.2006 -76.4581 -76.7172 -76.9777 -77.2394 -77.502 -77.7654 -78.0294 -78.2936 -78.5577 -78.8214 -79.0841 -79.3452 -79.6038 -79.8591 -80.1096 -80.3537 -80.5896 -80.8146 -81.0261 -81.2208 -81.3953 -81.546 -81.6698 -81.7642 -81.8275 -81.8593 -81.8602 -81.8315 -81.7754 -81.6944 -81.5912 -81.4684 -81.3286 -81.1741 -81.0069 -80.8291 -80.6421 -80.4474 -80.2461 -80.0394 -79.828 -79.6128 -79.3944 -79.1735 -78.9505 -78.7259 -78.5003 -78.274 -78.0474 -77.821 -77.5952 -77.3704 -77.1472 -76.926 -76.7075 -76.4923 -76.2811 -76.0748 -75.8742 -75.6802 -75.4941 -75.317 -75.1501 -74.9948 -74.8523 -74.724 -74.6113 -74.5152 -74.4368 -74.3771 -74.3367 -74.3163 nan nan 
nan nan -71.8672 -71.8906 -71.9352 -71.9999 -72.0838 -72.186 -72.3054 -72.4409 -72.5913 -72.7552 -72.9315 -73.1188 -73.3159 -73.5217 -73.7352 -73.9553 -74.1812 -74.4122 -74.6477 -74.8869 -75.1295 -75.3749 -75.6228 -75.8728 -76.1246 -76.3781 -76.6328 -76.8885 -77.1451 -77.4022 -77.6596 -77.917 -78.1741 -78.4304 -78.6855 -78.9388 -79.1895 -79.4368 -79.6797 -79.9167 -80.1463 -80.3667 -80.5757 -80.7708 -80.9493 -81.1084 -81.2455 -81.358 -81.4442 -81.5027 -81.5331 -81.536 -81.5121 -81.4633 -81.3913 -81.2984 -81.1867 -81.0583 -80.9153 -80.7596 -80.5927 -80.4164 -80.2318 -80.0401 -79.8424 -79.6396 -79.4325 -79.2217 -79.008 -78.7918 -78.5736 -78.3541 -78.1335 -77.9125 -77.6913 -77.4706 -77.2507 -77.0323 -76.8158 -76.6019 -76.3912 -76.1845 -75.9827 -75.7867 -75.5975 -75.4161 -75.2439 -75.082 -74.9317 -74.7944 -74.6714 -74.5639 -74.473 -74.3997 -74.3448 -74.3086 -74.291 nan nan 
nan nan -71.8765 -71.8998 -71.9417 -72.0024 -72.0817 -72.1791 -72.2936 -72.4244 -72.57 -72.7294 -72.9013 -73.0843 -73.2773 -73.4791 -73.6887 -73.905 -74.1273 -74.3546 -74.5864 -74.822 -75.0609 -75.3025 -75.5465 -75.7925 -76.0401 -76.289 -76.539 -76.7897 -77.0409 -77.2922 -77.5433 -77.794 -78.0437 -78.292 -78.5385 -78.7823 -79.0228 -79.2591 -79.49 -79.7144 -79.9306 -80.1369 -80.3315 -80.5122 -80.6768 -80.8229 -80.9485 -81.0517 -81.1309 -81.1853 -81.2144 -81.2187 -81.1987 -81.1557 -81.0913 -81.0072 -80.9051 -80.7868 -80.6541 -80.5087 -80.3521 -80.1857 -80.0106 -79.8282 -79.6393 -79.4449 -79.2457 -79.0424 -78.8358 -78.6264 -78.4148 -78.2013 -77.9867 -77.7713 -77.5556 -77.3401 -77.1253 -76.9118 -76.7002 -76.4912 -76.2853 -76.0835 -75.8866 -75.6955 -75.5112 -75.335 -75.168 -75.0115 -74.8667 -74.735 -74.6177 -74.5159 -74.4307 -74.363 -74.3134 -74.2822 -74.2685 nan nan 
nan nan -71.8832 -71.9106 -71.9491 -72.0051 -72.0793 -72.1714 -72.2807 -72.4061 -72.5466 -72.701 -72.8679 -73.0462 -73.2346 -73.4321 -73.6374 -73.8496 -74.0678 -74.2911 -74.5189 -74.7505 -74.9854 -75.2229 -75.4627 -75.7043 -75.9474 -76.1915 -76.4365 -76.6819 -76.9274 -77.1727 -77.4174 -77.6611 -77.9034 -78.1437 -78.3815 -78.6161 -78.8466 -79.0723 -79.2919 -79.5044 -79.7082 -79.9018 -80.0836 -80.2516 -80.4041 -80.5391 -80.655 -80.7501 -80.8235 -80.8743 -80.9022 -80.9074 -80.8905 -80.8524 -80.7944 -80.7178 -80.624 -80.5147 -80.3913 -80.2553 -80.1081 -79.9509 -79.785 -79.6113 -79.4308 -79.2445 -79.053 -78.8572 -78.6577 -78.4551 -78.2499 -78.0427 -77.834 -77.6243 -77.4142 -77.2041 -76.9946 -76.7864 -76.5799 -76.3759 -76.1751 -75.9784 -75.7866 -75.6008 -75.4219 -75.2512 -75.0898 -74.9391 -74.8002 -74.6746 -74.5633 -74.4677 -74.3887 -74.3271 -74.2835 -74.2585 -74.2531 nan nan 
nan nan nan -71.9307 -71.9591 -72.0086 -72.077 -72.1634 -72.2669 -72.3866 -72.5214 -72.6702 -72.8318 -73.0049 -73.1884 -73.381 -73.5816 -73.7893 -74.0031 -74.2221 -74.4456 -74.6729 -74.9033 -75.1365 -75.3718 -75.6087 -75.847 -76.0862 -76.3259 -76.5658 -76.8054 -77.0445 -77.2827 -77.5193 -77.7541 -77.9865 -78.2157 -78.4413 -78.6622 -78.8777 -79.0867 -79.2881 -79.4806 -79.6627 -79.833 -79.9899 -80.1318 -80.2571 -80.3646 -80.4529 -80.5212 -80.5688 -80.5956 -80.6015 -80.5871 -80.5531 -80.5005 -80.4304 -80.344 -80.2426 -80.1276 -80.0001 -79.8616 -79.713 -79.5555 -79.3901 -79.2177 -79.0392 -78.8553 -78.6667 -78.4742 -78.2783 -78.0796 -77.8786 -77.676 -77.4721 -77.2677 -77.0632 -76.8591 -76.6562 -76.4551 -76.2564 -76.061 -75.8697 -75.6834 -75.5031 -75.3299 -75.1651 -75.0097 -74.8652 -74.7327 -74.6135 -74.5089 -74.4199 -74.3475 -74.2923 -74.2549 -74.2357 nan nan nan 
nan nan nan -71.9429 -71.9682 -72.0127 -72.0753 -72.1555 -72.2527 -72.3662 -72.4949 -72.6377 -72.7934 -72.9609 -73.139 -73.3263 -73.5219 -73.7246 -73.9336 -74.1479 -74.3668 -74.5894 -74.8153 -75.0437 -75.2743 -75.5064 -75.7396 -75.9736 -76.2078 -76.442 -76.6757 -76.9085 -77.1399 -77.3696 -77.5969 -77.8214 -78.0423 -78.2591 -78.4708 -78.6767 -78.8757 -79.0668 -79.2488 -79.4205 -79.5805 -79.7275 -79.8601 -79.977 -80.0772 -80.1596 -80.2235 -80.2683 -80.2939 -80.3004 -80.2881 -80.2575 -80.2095 -80.145 -80.0651 -79.9708 -79.8633 -79.7437 -79.613 -79.4725 -79.3229 -79.1654 -79.0007 -78.8297 -78.6531 -78.4716 -78.286 -78.0967 -77.9044 -77.7097 -77.5131 -77.3152 -77.1166 -76.9177 -76.7193 -76.5219 -76.3263 -76.1332 -75.9434 -75.7577 -75.5772 -75.4029 -75.2358 -75.0772 -74.9282 -74.7903 -74.6646 -74.5524 -74.4548 -74.3729 -74.3076 -74.2594 -74.2284 -74.2143 nan nan nan 
nan nan nan -71.9504 -71.9786 -72.0184 -72.0747 -72.1483 -72.2388 -72.3455 -72.4675 -72.6038 -72.7533 -72.9147 -73.0868 -73.2685 -73.4586 -73.6561 -73.8599 -74.0691 -74.283 -74.5008 -74.7217 -74.9452 -75.1707 -75.3977 -75.6257 -75.8542 -76.0829 -76.3112 -76.5388 -76.7653 -76.99 -77.2127 -77.4326 -77.6493 -77.8622 -78.0705 -78.2734 -78.4702 -78.6599 -78.8415 -79.0139 -79.176 -79.3268 -79.4649 -79.5893 -79.6989 -79.7926 -79.8699 -79.9298 -79.9722 -79.9968 -80.0036 -79.993 -79.9654 -79.9214 -79.8618 -79.7876 -79.6997 -79.5989 -79.4864 -79.3631 -79.23 -79.0879 -78.9378 -78.7804 -78.6166 -78.4471 -78.2725 -78.0936 -77.9108 -77.725 -77.5365 -77.346 -77.1541 -76.9613 -76.7682 -76.5756 -76.3839 -76.1941 -76.0067 -75.8228 -75.6431 -75.4686 -75.3005 -75.1399 -74.9879 -74.8458 -74.7149 -74.5964 -74.4916 -74.4015 -74.3273 -74.2695 -74.2289 -74.2055 -74.1995 nan nan nan 
nan nan nan nan -71.9975 -72.0274 -72.0762 -72.1424 -72.2255 -72.3249 -72.4398 -72.5691 -72.7118 -72.8667 -73.0325 -73.2081 -73.3923 -73.5841 -73.7824 -73.9862 -74.1948 -74.4073 -74.623 -74.8413 -75.0616 -75.2832 -75.5058 -75.7288 -75.9517 -76.1741 -76.3956 -76.6156 -76.8337 -77.0494 -77.2621 -77.4712 -77.6762 -77.8764 -78.071 -78.2591 -78.4401 -78.6128 -78.7765 -78.93 -79.0723 -79.2025 -79.3196 -79.4226 -79.5107 -79.5833 -79.6399 -79.6801 -79.7037 -79.7108 -79.7016 -79.6765 -79.636 -79.5808 -79.5117 -79.4294 -79.3348 -79.2288 -79.1123 -78.986 -78.8509 -78.7078 -78.5575 -78.4005 -78.2378 -78.0699 -77.8976 -77.7213 -77.5417 -77.3595 -77.1751 -76.9892 -76.8023 -76.6152 -76.4284 -76.2427 -76.0588 -75.8775 -75.6997 -75.5262 -75.3582 -75.1967 -75.0428 -74.8978 -74.763 -74.6395 -74.5286 -74.4316 -74.3496 -74.2834 -74.2338 -74.2012 -74.1856 nan nan nan nan 
nan nan nan nan -72.0073 -72.0376 -72.0797 -72.1382 -72.2135 -72.3051 -72.4123 -72.5342 -72.6697 -72.8175 -72.9766 -73.1456 -73.3236 -73.5092 -73.7016 -73.8997 -74.1027 -74.3096 -74.5199 -74.7327 -74.9475 -75.1636 -75.3805 -75.5978 -75.8149 -76.0313 -76.2465 -76.4601 -76.6716 -76.8804 -77.086 -77.2879 -77.4853 -77.6776 -77.8642 -78.0443 -78.217 -78.3816 -78.5372 -78.6828 -78.8175 -78.9406 -79.0511 -79.1482 -79.2314 -79.2999 -79.3534 -79.3915 -79.4142 -79.4215 -79.4135 -79.3906 -79.3532 -79.3019 -79.2374 -79.1602 -79.0712 -78.9712 -78.8609 -78.741 -78.6125 -78.476 -78.3323 -78.182 -78.0258 -77.8644 -77.6985 -77.5286 -77.3552 -77.1792 -77.0009 -76.8211 -76.6403 -76.4592 -76.2785 -76.0988 -75.9211 -75.746 -75.5746 -75.4077 -75.2464 -75.0918 -74.9451 -74.8075 -74.6802 -74.5646 -74.4618 -74.3731 -74.2994 -74.2417 -74.2007 -74.1768 -74.1708 nan nan nan nan 
nan nan nan nan nan -72.0563 -72.0867 -72.1363 -72.2031 -72.2865 -72.3856 -72.4996 -72.6273 -72.7677 -72.9196 -73.0817 -73.2529 -73.4321 -73.6182 -73.8102 -74.0071 -74.2083 -74.4127 -74.6198 -74.8289 -75.0393 -75.2505 -75.4619 -75.6731 -75.8834 -76.0924 -76.2996 -76.5045 -76.7066 -76.9052 -77.0999 -77.29 -77.4749 -77.654 -77.8264 -77.9915 -78.1484 -78.2965 -78.4349 -78.5627 -78.6793 -78.7839 -78.8758 -78.9544 -79.0193 -79.07 -79.1064 -79.1282 -79.1356 -79.1287 -79.1077 -79.0731 -79.0252 -78.9647 -78.8922 -78.8083 -78.7138 -78.6092 -78.4954 -78.3731 -78.2428 -78.1054 -77.9614 -77.8116 -77.6565 -77.4969 -77.3332 -77.1661 -76.9961 -76.824 -76.6503 -76.4756 -76.3007 -76.1261 -75.9528 -75.7814 -75.6129 -75.4481 -75.2881 -75.1338 -74.9865 -74.8473 -74.7175 -74.5982 -74.4908 -74.3965 -74.3163 -74.2514 -74.2025 -74.1704 -74.1552 nan nan nan nan nan 
nan nan nan nan nan -72.0652 -72.0947 -72.1366 -72.1948 -72.2695 -72.3601 -72.4657 -72.5854 -72.7179 -72.8621 -73.0168 -73.1809 -73.3532 -73.5326 -73.7182 -73.9089 -74.1038 -74.3023 -74.5034 -74.7065 -74.911 -75.1163 -75.3218 -75.5268 -75.731 -75.9338 -76.1346 -76.333 -76.5284 -76.7203 -76.9081 -77.0912 -77.2689 -77.4408 -77.606 -77.7639 -77.9138 -78.0549 -78.1866 -78.3082 -78.4189 -78.5181 -78.6052 -78.6798 -78.7413 -78.7896 -78.8243 -78.8454 -78.8529 -78.8469 -78.8276 -78.7954 -78.7507 -78.6939 -78.6256 -78.5464 -78.4569 -78.3577 -78.2495 -78.133 -78.0086 -77.8772 -77.7394 -77.5957 -77.4467 -77.2932 -77.1357 -76.9747 -76.8109 -76.6449 -76.4774 -76.3089 -76.1402 -75.9721 -75.8052 -75.6404 -75.4786 -75.3208 -75.1679 -75.0211 -74.8814 -74.7501 -74.6284 -74.5175 -74.4187 -74.3331 -74.2618 -74.2059 -74.1662 -74.1435 -74.1389 nan nan nan nan nan 
nan nan nan nan nan nan -72.1107 -72.1404 -72.189 -72.2546 -72.3364 -72.4333 -72.5444 -72.6687 -72.8048 -72.9518 -73.1083 -73.2733 -73.4457 -73.6244 -73.8084 -73.9969 -74.189 -74.384 -74.5809 -74.7794 -74.9785 -75.1779 -75.3768 -75.5748 -75.7714 -75.9659 -76.1578 -76.3467 -76.5319 -76.713 -76.8893 -77.0603 -77.2253 -77.3837 -77.5348 -77.6781 -77.8128 -77.9384 -78.0541 -78.1594 -78.2537 -78.3366 -78.4075 -78.466 -78.512 -78.5453 -78.5656 -78.5732 -78.568 -78.5502 -78.5202 -78.4783 -78.4249 -78.3605 -78.2856 -78.2008 -78.1066 -78.0037 -77.8926 -77.7739 -77.6483 -77.5163 -77.3785 -77.2355 -77.088 -76.9365 -76.7816 -76.624 -76.4642 -76.3028 -76.1407 -75.9784 -75.8168 -75.6566 -75.4987 -75.3439 -75.1933 -75.0479 -74.9088 -74.7772 -74.6541 -74.5409 -74.4387 -74.3488 -74.2722 -74.2101 -74.1634 -74.1329 -74.1188 nan nan nan nan nan nan 
nan nan nan nan nan nan -72.1177 -72.1454 -72.1858 -72.2423 -72.315 -72.4029 -72.5052 -72.6207 -72.7484 -72.8872 -73.0358 -73.1931 -73.358 -73.5295 -73.7066 -73.8883 -74.0737 -74.2622 -74.4528 -74.6449 -74.8378 -75.031 -75.2237 -75.4155 -75.6057 -75.7939 -75.9795 -76.162 -76.3407 -76.5153 -76.6851 -76.8495 -77.0079 -77.1599 -77.3047 -77.4418 -77.5706 -77.6904 -77.8008 -77.9012 -77.991 -78.0699 -78.1374 -78.1933 -78.2372 -78.2691 -78.2888 -78.2964 -78.2919 -78.2755 -78.2475 -78.2082 -78.1579 -78.0971 -78.0262 -77.9457 -77.8562 -77.7583 -77.6523 -77.539 -77.4189 -77.2925 -77.1605 -77.0234 -76.8818 -76.7363 -76.5874 -76.4359 -76.2823 -76.1273 -75.9716 -75.8159 -75.661 -75.5077 -75.3568 -75.2094 -75.0664 -74.9288 -74.7978 -74.6745 -74.56 -74.4556 -74.3625 -74.2818 -74.2145 -74.1617 -74.1244 -74.1034 -74.1007 nan nan nan nan nan nan 
nan nan nan nan nan nan nan -72.1579 -72.1863 -72.2331 -72.2964 -72.3751 -72.4682 -72.5748 -72.6937 -72.8238 -72.964 -73.1132 -73.2703 -73.4342 -73.6039 -73.7785 -73.9571 -74.1387 -74.3228 -74.5084 -74.6949 -74.8817 -75.0681 -75.2536 -75.4375 -75.6194 -75.7987 -75.9748 -76.1473 -76.3155 -76.479 -76.6371 -76.7894 -76.9352 -77.074 -77.2053 -77.3285 -77.443 -77.5485 -77.6443 -77.73 -77.8052 -77.8697 -77.9231 -77.9651 -77.9957 -78.0148 -78.0224 -78.0186 -78.0034 -77.9773 -77.9403 -77.8929 -77.8354 -77.7682 -77.6919 -77.6068 -77.5135 -77.4125 -77.3043 -77.1895 -77.0686 -76.9422 -76.8108 -76.6751 -76.5355 -76.3927 -76.2473 -76.1 -75.9514 -75.8022 -75.6532 -75.5052 -75.3591 -75.2156 -75.0758 -74.9406 -74.8112 -74.6886 -74.574 -74.4685 -74.3733 -74.2895 -74.2182 -74.1604 -74.117 -74.0888 -74.0761 nan nan nan nan nan nan nan 
nan nan nan nan nan nan nan -72.1629 -72.1885 -72.227 -72.2811 -72.3505 -72.4343 -72.5315 -72.6412 -72.7624 -72.8938 -73.0345 -73.1834 -73.3393 -73.5013 -73.6685 -73.8398 -74.0144 -74.1915 -74.3704 -74.5503 -74.7306 -74.9106 -75.0898 -75.2674 -75.443 -75.6161 -75.786 -75.9522 -76.1143 -76.2716 -76.4237 -76.57 -76.71 -76.8431 -76.9689 -77.0869 -77.1965 -77.2973 -77.3889 -77.4708 -77.5427 -77.6043 -77.6554 -77.6957 -77.7252 -77.7437 -77.7513 -77.748 -77.7341 -77.7096 -77.6748 -77.63 -77.5756 -77.512 -77.4395 -77.3586 -77.2698 -77.1735 -77.0703 -76.9606 -76.845 -76.7241 -76.5983 -76.4683 -76.3347 -76.1979 -76.0587 -75.9178 -75.7757 -75.6332 -75.4912 -75.3503 -75.2115 -75.0757 -74.9438 -74.8169 -74.696 -74.5822 -74.4766 -74.3804 -74.2947 -74.2205 -74.1589 -74.1107 -74.0768 -74.058 -74.0566 nan nan nan nan nan nan nan 
nan nan nan nan nan nan nan nan -72.1983 -72.2252 -72.2699 -72.3298 -72.404 -72.4917 -72.5919 -72.7037 -72.8261 -72.9579 -73.0981 -73.2456 -73.3996 -73.5589 -73.7226 -73.8899 -74.0599 -74.2318 -74.405 -74.5786 -74.7521 -74.9247 -75.096 -75.2654 -75.4322 -75.5959 -75.7561 -75.9121 -76.0635 -76.2097 -76.3503 -76.4847 -76.6125 -76.7331 -76.8461 -76.9511 -77.0476 -77.1352 -77.2135 -77.2824 -77.3414 -77.3903 -77.429 -77.4574 -77.4754 -77.483 -77.4803 -77.4674 -77.4445 -77.4118 -77.3695 -77.3181 -77.2577 -77.1889 -77.112 -77.0274 -76.9357 -76.8372 -76.7326 -76.6222 -76.5066 -76.3864 -76.2622 -76.1344 -76.0037 -75.8708 -75.7363 -75.6009 -75.4653 -75.3304 -75.1969 -75.0657 -74.9379 -74.8142 -74.6959 -74.5838 -74.4792 -74.383 -74.2964 -74.2205 -74.1561 -74.1044 -74.066 -74.0415 -74.03 nan nan nan nan nan nan nan nan 
nan nan nan nan nan nan nan nan -72.2018 -72.226 -72.2632 -72.3138 -72.3783 -72.4561 -72.5466 -72.6487 -72.7615 -72.8841 -73.0152 -73.154 -73.2995 -73.4506 -73.6064 -73.766 -73.9286 -74.0934 -74.2595 -74.4263 -74.5931 -74.7592 -74.9241 -75.0871 -75.2477 -75.4054 -75.5595 -75.7096 -75.8552 -75.9958 -76.1308 -76.2599 -76.3825 -76.4982 -76.6065 -76.7071 -76.7995 -76.8834 -76.9585 -77.0244 -77.081 -77.1279 -77.1652 -77.1926 -77.2101 -77.2177 -77.2156 -77.2037 -77.1822 -77.1515 -77.1116 -77.0629 -77.0057 -76.9403 -76.8672 -76.7868 -76.6994 -76.6056 -76.5059 -76.4006 -76.2904 -76.1757 -76.0572 -75.9353 -75.8108 -75.6842 -75.5563 -75.4277 -75.2992 -75.1716 -75.0458 -74.9226 -74.803 -74.6879 -74.5785 -74.4757 -74.3805 -74.2941 -74.2174 -74.1515 -74.0972 -74.0555 -74.0273 -74.0133 -74.0112 nan nan nan nan nan nan nan nan 
nan nan nan nan nan nan nan nan nan -72.2342 -72.2632 -72.3035 -72.3577 -72.4255 -72.506 -72.5982 -72.7012 -72.814 -72.9358 -73.0654 -73.202 -73.3445 -73.4921 -73.6437 -73.7986 -73.9559 -74.1148 -74.2746 -74.4345 -74.594 -74.7524 -74.909 -75.0634 -75.2149 -75.3631 -75.5074 -75.6473 -75.7823 -75.912 -76.0359 -76.1536 -76.2646 -76.3685 -76.4649 -76.5535 -76.6339 -76.7058 -76.7691 -76.8233 -76.8685 -76.9043 -76.9308 -76.9479 -76.9556 -76.9539 -76.943 -76.9229 -76.894 -76.8563 -76.8103 -76.7561 -76.6941 -76.6247 -76.5483 -76.4652 -76.376 -76.281 -76.1808 -76.0759 -75.9667 -75.8539 -75.7381 -75.6198 -75.4997 -75.3785 -75.2569 -75.1357 -75.0157 -74.8978 -74.7828 -74.6718 -74.5657 -74.4656 -74.3724 -74.2871 -74.2107 -74.1443 -74.0885 -74.0444 -74.0126 -73.9946 -73.9936 nan nan nan nan nan nan nan nan nan 
nan nan nan nan nan nan nan nan nan nan -72.2721 -72.299 -72.3429 -72.4006 -72.471 -72.553 -72.6458 -72.7487 -72.8606 -72.9807 -73.108 -73.2416 -73.3805 -73.5238 -73.6707 -73.8202 -73.9716 -74.1242 -74.2771 -74.4298 -74.5815 -74.7318 -74.8799 -75.0253 -75.1676 -75.3061 -75.4404 -75.57 -75.6945 -75.8134 -75.9263 -76.0327 -76.1323 -76.2248 -76.3097 -76.3868 -76.4558 -76.5165 -76.5686 -76.612 -76.6466 -76.6723 -76.6889 -76.6967 -76.6955 -76.6855 -76.6668 -76.6396 -76.6042 -76.5607 -76.5094 -76.4507 -76.3849 -76.3124 -76.2335 -76.1487 -76.0585 -75.9634 -75.8637 -75.7601 -75.6531 -75.5433 -75.4314 -75.3179 -75.2036 -75.0892 -74.9756 -74.8635 -74.7538 -74.6474 -74.5454 -74.4486 -74.3581 -74.2748 -74.1997 -74.1338 -74.0777 -74.0324 -73.9983 -73.976 -73.9654 nan nan nan nan nan nan nan nan nan nan 
nan nan nan nan nan nan nan nan nan nan -72.2747 -72.298 -72.3339 -72.3822 -72.4424 -72.5141 -72.5965 -72.689 -72.7907 -72.9009 -73.0185 -73.1428 -73.2727 -73.4073 -73.5458 -73.6873 -73.831 -73.9761 -74.1218 -74.2675 -74.4125 -74.5562 -74.698 -74.8373 -74.9736 -75.1064 -75.2351 -75.3594 -75.4788 -75.5928 -75.701 -75.8031 -75.8986 -75.9872 -76.0687 -76.1426 -76.2089 -76.2671 -76.3172 -76.359 -76.3924 -76.4172 -76.4335 -76.4413 -76.4406 -76.4315 -76.4142 -76.3887 -76.3554 -76.3144 -76.2659 -76.2104 -76.1482 -76.0795 -76.0048 -75.9245 -75.839 -75.7489 -75.6546 -75.5566 -75.4555 -75.3519 -75.2464 -75.1398 -75.0326 -74.9257 -74.8198 -74.7159 -74.6147 -74.5173 -74.4245 -74.3373 -74.2568 -74.1838 -74.1193 -74.0641 -74.0188 -73.9841 -73.9604 -73.9479 -73.9463 nan nan nan nan nan nan nan nan nan nan 
nan nan nan nan nan nan nan nan nan nan nan -72.305 -72.3326 -72.3714 -72.4214 -72.4824 -72.5541 -72.6358 -72.727 -72.8269 -72.9345 -73.049 -73.1696 -73.2952 -73.425 -73.5582 -73.6938 -73.8312 -73.9694 -74.108 -74.2461 -74.3831 -74.5185 -74.6516 -74.7819 -74.909 -75.0322 -75.1512 -75.2655 -75.3747 -75.4784 -75.5762 -75.6677 -75.7527 -75.8308 -75.9017 -75.9653 -76.0212 -76.0694 -76.1096 -76.1419 -76.166 -76.182 -76.1899 -76.1897 -76.1815 -76.1654 -76.1417 -76.1104 -76.0718 -76.0262 -75.9739 -75.9151 -75.8502 -75.7797 -75.7039 -75.6232 -75.5381 -75.4492 -75.3569 -75.2619 -75.1646 -75.0658 -74.9661 -74.8663 -74.7671 -74.6693 -74.5738 -74.4815 -74.3933 -74.3101 -74.2329 -74.1627 -74.1004 -74.0467 -74.0025 -73.9683 -73.9446 -73.9317 -73.9294 nan nan nan nan nan nan nan nan nan nan nan 
nan nan nan nan nan nan nan nan nan nan nan nan -72.3407 -72.3694 -72.4087 -72.4588 -72.5195 -72.5902 -72.6705 -72.7597 -72.8569 -72.9614 -73.0722 -73.1885 -73.3093 -73.4338 -73.5611 -73.6905 -73.8211 -73.9522 -74.0832 -74.2134 -74.3423 -74.4691 -74.5934 -74.7147 -74.8324 -74.9461 -75.0554 -75.1599 -75.2591 -75.3527 -75.4404 -75.5217 -75.5966 -75.6646 -75.7256 -75.7793 -75.8256 -75.8644 -75.8956 -75.919 -75.9347 -75.9427 -75.943 -75.9358 -75.921 -75.8989 -75.8697 -75.8336 -75.7907 -75.7415 -75.6863 -75.6252 -75.5589 -75.4876 -75.4117 -75.3318 -75.2484 -75.1619 -75.073 -74.9823 -74.8904 -74.7979 -74.7057 -74.6144 -74.525 -74.4383 -74.3551 -74.2764 -74.2031 -74.1362 -74.0766 -74.0252 -73.9827 -73.9498 -73.927 -73.9146 -73.9128 nan nan nan nan nan nan nan nan nan nan nan nan 
nan nan nan nan nan nan nan nan nan nan nan nan nan -72.3771 -72.4054 -72.4442 -72.4935 -72.5529 -72.622 -72.7002 -72.7867 -72.8809 -72.9817 -73.0883 -73.1998 -73.3153 -73.434 -73.5551 -73.6777 -73.8013 -73.925 -74.0482 -74.1703 -74.2907 -74.4089 -74.5243 -74.6365 -74.745 -74.8493 -74.949 -75.0438 -75.1333 -75.2171 -75.295 -75.3666 -75.4318 -75.4903 -75.5419 -75.5865 -75.6238 -75.654 -75.6768 -75.6923 -75.7004 -75.7012 -75.6949 -75.6814 -75.661 -75.6339 -75.6002 -75.5602 -75.5141 -75.4624 -75.4052 -75.3431 -75.2763 -75.2054 -75.1308 -75.053 -74.9725 -74.89 -74.8059 -74.7211 -74.6361 -74.5518 -74.4688 -74.388 -74.3103 -74.2365 -74.1676 -74.1045 -74.0481 -73.9994 -73.9591 -73.928 -73.9067 -73.8955 -73.8947 nan nan nan nan nan nan nan nan nan nan nan nan nan 
nan nan nan nan nan nan nan nan nan nan nan nan nan nan -72.412 -72.4393 -72.4769 -72.5247 -72.5823 -72.6493 -72.7249 -72.8084 -72.8989 -72.9956 -73.0975 -73.2037 -73.3135 -73.4261 -73.5405 -73.6562 -73.7724 -73.8884 -74.0036 -74.1175 -74.2294 -74.3389 -74.4455 -74.5486 -74.6478 -74.7429 -74.8332 -74.9186 -74.9986 -75.0731 -75.1416 -75.204 -75.2601 -75.3096 -75.3524 -75.3885 -75.4177 -75.4399 -75.4552 -75.4635 -75.4649 -75.4595 -75.4474 -75.4287 -75.4036 -75.3724 -75.3352 -75.2923 -75.2442 -75.191 -75.1331 -75.071 -75.0052 -74.936 -74.864 -74.7897 -74.7137 -74.6366 -74.5591 -74.4818 -74.4056 -74.3311 -74.2593 -74.1908 -74.1267 -74.0678 -74.0151 -73.9694 -73.9317 -73.9027 -73.8831 -73.8735 -73.8741 nan nan nan nan nan nan nan nan nan nan nan nan nan nan 
nan nan nan nan nan nan nan nan nan nan nan nan nan nan nan -72.4443 -72.4701 -72.5061 -72.5522 -72.6077 -72.6722 -72.7449 -72.8249 -72.9114 -73.0035 -73.1003 -73.2009 -73.3046 -73.4106 -73.5182 -73.6266 -73.7352 -73.8434 -73.9505 -74.056 -74.1594 -74.2602 -74.3579 -74.4521 -74.5424 -74.6283 -74.7096 -74.7859 -74.8569 -74.9223 -74.982 -75.0357 -75.0832 -75.1244 -75.1591 -75.1874 -75.209 -75.2241 -75.2327 -75.2347 -75.2303 -75.2195 -75.2026 -75.1796 -75.1509 -75.1166 -75.0771 -75.0325 -74.9834 -74.9299 -74.8727 -74.812 -74.7484 -74.6823 -74.6144 -74.5452 -74.4753 -74.4054 -74.3362 -74.2683 -74.2026 -74.1399 -74.081 -74.0267 -73.9779 -73.9356 -73.9007 -73.874 -73.8564 -73.8484 -73.8506 nan nan nan nan nan nan nan nan nan nan nan nan nan nan nan 
nan nan nan nan nan nan nan nan nan nan nan nan nan nan nan nan -72.4735 -72.4977 -72.532 -72.5761 -72.6294 -72.6912 -72.7607 -72.8369 -72.919 -73.006 -73.0973 -73.1919 -73.2892 -73.3884 -73.4888 -73.5898 -73.6906 -73.7908 -73.8898 -73.987 -74.0819 -74.1741 -74.2631 -74.3486 -74.4301 -74.5072 -74.5797 -74.6473 -74.7097 -74.7666 -74.8179 -74.8634 -74.903 -74.9365 -74.9639 -74.9851 -75 -75.0088 -75.0115 -75.0081 -74.9988 -74.9836 -74.9629 -74.9367 -74.9054 -74.8692 -74.8284 -74.7834 -74.7345 -74.6822 -74.6269 -74.5691 -74.5092 -74.4479 -74.3857 -74.3233 -74.2612 -74.2002 -74.141 -74.0843 -74.031 -73.9817 -73.9374 -73.8988 -73.8669 -73.8426 -73.8268 -73.8205 -73.8241 nan nan nan nan nan nan nan nan nan nan nan nan nan nan nan nan 
nan nan nan nan nan nan nan nan nan nan nan nan nan nan nan nan nan -72.4996 -72.5222 -72.5549 -72.5971 -72.6481 -72.7071 -72.773 -72.845 -72.9222 -73.0038 -73.0892 -73.1775 -73.2681 -73.3603 -73.4533 -73.5467 -73.6397 -73.7319 -73.8227 -73.9117 -73.9982 -74.082 -74.1626 -74.2395 -74.3125 -74.3812 -74.4453 -74.5046 -74.5589 -74.6078 -74.6514 -74.6893 -74.7216 -74.7481 -74.7689 -74.7838 -74.7929 -74.7962 -74.7939 -74.786 -74.7728 -74.7543 -74.7308 -74.7025 -74.6698 -74.6329 -74.5921 -74.548 -74.5008 -74.451 -74.3992 -74.3458 -74.2913 -74.2364 -74.1817 -74.1277 -74.0752 -74.0248 -73.9774 -73.9335 -73.894 -73.8597 -73.8313 -73.8095 -73.7955 -73.7904 -73.7951 nan nan nan nan nan nan nan nan nan nan nan nan nan nan nan nan nan 
nan nan nan nan nan nan nan nan nan nan nan nan nan nan nan nan nan nan -72.5229 -72.5443 -72.5756 -72.6161 -72.6649 -72.7207 -72.7825 -72.8497 -72.9217 -72.9976 -73.0768 -73.1586 -73.2422 -73.3271 -73.4128 -73.4985 -73.5837 -73.668 -73.7507 -73.8315 -73.9099 -73.9855 -74.0578 -74.1266 -74.1914 -74.2521 -74.3083 -74.3598 -74.4065 -74.448 -74.4844 -74.5155 -74.5412 -74.5615 -74.5764 -74.5858 -74.5899 -74.5888 -74.5824 -74.5711 -74.555 -74.5342 -74.5091 -74.48 -74.4471 -74.4108 -74.3715 -74.3296 -74.2856 -74.2399 -74.1932 -74.1458 -74.0984 -74.0516 -74.006 -73.9622 -73.9209 -73.8828 -73.8485 -73.8189 -73.7946 -73.7762 -73.7639 -73.7596 -73.7646 nan nan nan nan nan nan nan nan nan nan nan nan nan nan nan nan nan nan 
nan nan nan nan nan nan nan nan nan nan nan nan nan nan nan nan nan nan nan -72.5443 -72.5651 -72.5957 -72.6351 -72.6808 -72.7325 -72.7898 -72.852 -72.9183 -72.9882 -73.061 -73.1359 -73.2125 -73.2902 -73.3683 -73.4464 -73.5239 -73.6004 -73.6752 -73.7481 -73.8186 -73.8862 -73.9507 -74.0117 -74.0688 -74.1219 -74.1707 -74.215 -74.2546 -74.2894 -74.3194 -74.3443 -74.3642 -74.3791 -74.3889 -74.3938 -74.3939 -74.3891 -74.3798 -74.3661 -74.3483 -74.3264 -74.301 -74.2722 -74.2405 -74.2062 -74.1698 -74.1318 -74.0925 -74.0526 -74.0126 -73.973 -73.9344 -73.8974 -73.8625 -73.8303 -73.8016 -73.7769 -73.757 -73.7429 -73.7347 -73.7307 -73.7348 nan nan nan nan nan nan nan nan nan nan nan nan nan nan nan nan nan nan nan 
nan nan nan nan nan nan nan nan nan nan nan nan nan nan nan nan nan nan nan nan -72.5654 -72.5865 -72.619 -72.6544 -72.6958 -72.7432 -72.7956 -72.8525 -72.913 -72.9766 -73.0427 -73.1107 -73.1802 -73.2506 -73.3213 -73.3919 -73.4619 -73.5307 -73.598 -73.6632 -73.7261 -73.7862 -73.8432 -73.8968 -73.9467 -73.9928 -74.0347 -74.0724 -74.1057 -74.1345 -74.1586 -74.1782 -74.1931 -74.2034 -74.2092 -74.2105 -74.2074 -74.2002 -74.1891 -74.1741 -74.1557 -74.1341 -74.1096 -74.0826 -74.0535 -74.0228 -73.9909 -73.9582 -73.9254 -73.8929 -73.8613 -73.8311 -73.8028 -73.7769 -73.754 -73.7346 -73.7195 -73.709 -73.7051 -73.7096 -73.7098 nan nan nan nan nan nan nan nan nan nan nan nan nan nan nan nan nan nan nan nan 
nan nan nan nan nan nan nan nan nan nan nan nan nan nan nan nan nan nan nan nan nan nan -72.6202 -72.6422 -72.6728 -72.7108 -72.7537 -72.801 -72.8521 -72.9065 -72.9635 -73.0229 -73.084 -73.1464 -73.2097 -73.2732 -73.3366 -73.3992 -73.4608 -73.5208 -73.5788 -73.6344 -73.6874 -73.7374 -73.7842 -73.8275 -73.8671 -73.9028 -73.9345 -73.9622 -73.9856 -74.0048 -74.0198 -74.0307 -74.0373 -74.0399 -74.0387 -74.0336 -74.0251 -74.0132 -73.9983 -73.9806 -73.9605 -73.9384 -73.9146 -73.8897 -73.864 -73.8381 -73.8126 -73.7878 -73.7644 -73.7427 -73.7233 -73.7066 -73.6931 -73.6829 -73.6771 -73.6745 -73.6794 nan nan nan nan nan nan nan nan nan nan nan nan nan nan nan nan nan nan nan nan nan nan 
nan nan nan nan nan nan nan nan nan nan nan nan nan nan nan nan nan nan nan nan nan nan nan -72.642 -72.6625 -72.6934 -72.7267 -72.765 -72.8066 -72.8517 -72.8996 -72.9501 -73.0027 -73.0571 -73.1127 -73.169 -73.2257 -73.2821 -73.3379 -73.3925 -73.4456 -73.4968 -73.5457 -73.5921 -73.6356 -73.6761 -73.7134 -73.7471 -73.7774 -73.8039 -73.8266 -73.8456 -73.8607 -73.8721 -73.8797 -73.8837 -73.8842 -73.8814 -73.8756 -73.8668 -73.8555 -73.8419 -73.8263 -73.8091 -73.7907 -73.7716 -73.7523 -73.7333 -73.7152 -73.6983 -73.6832 -73.6702 -73.6599 -73.6523 -73.6484 -73.6467 -73.652 -73.6528 nan nan nan nan nan nan nan nan nan nan nan nan nan nan nan nan nan nan nan nan nan nan nan 
nan nan nan nan nan nan nan nan nan nan nan nan nan nan nan nan nan nan nan nan nan nan nan nan nan -72.6939 -72.7151 -72.7453 -72.7772 -72.8131 -72.8518 -72.8933 -72.9373 -72.9835 -73.0314 -73.0805 -73.1304 -73.1806 -73.2305 -73.2798 -73.3279 -73.3746 -73.4194 -73.4621 -73.5025 -73.5402 -73.5751 -73.6069 -73.6356 -73.6611 -73.6832 -73.7019 -73.7172 -73.7291 -73.7377 -73.7431 -73.7455 -73.745 -73.7418 -73.7363 -73.7287 -73.7192 -73.7081 -73.6958 -73.6829 -73.6698 -73.6569 -73.6448 -73.634 -73.6251 -73.6185 -73.6143 -73.6135 -73.6142 -73.622 -73.624 nan nan nan nan nan nan nan nan nan nan nan nan nan nan nan nan nan nan nan nan nan nan nan nan nan 
nan nan nan nan nan nan nan nan nan nan nan nan nan nan nan nan nan nan nan nan nan nan nan nan nan nan nan -72.7444 -72.7642 -72.7915 -72.8206 -72.8532 -72.8885 -72.9265 -72.9666 -73.0086 -73.0517 -73.0956 -73.1398 -73.1837 -73.227 -73.2692 -73.3099 -73.3489 -73.386 -73.421 -73.4536 -73.4836 -73.5108 -73.5351 -73.5566 -73.5751 -73.5906 -73.6032 -73.6128 -73.6196 -73.6237 -73.6255 -73.6252 -73.623 -73.6191 -73.6137 -73.6071 -73.5998 -73.5922 -73.585 -73.5784 -73.5731 -73.5698 -73.5687 -73.571 -73.5747 -73.5857 -73.5896 nan nan nan nan nan nan nan nan nan nan nan nan nan nan nan nan nan nan nan nan nan nan nan nan nan nan nan 
nan nan nan nan nan nan nan nan nan nan nan nan nan nan nan nan nan nan nan nan nan nan nan nan nan nan nan nan nan -72.7885 -72.8063 -72.8304 -72.8568 -72.8865 -72.919 -72.9539 -72.9905 -73.0282 -73.0667 -73.1055 -73.1439 -73.1816 -73.2182 -73.2536 -73.2876 -73.3198 -73.3501 -73.3783 -73.4041 -73.4274 -73.4483 -73.4666 -73.4824 -73.4956 -73.5062 -73.5143 -73.5203 -73.5243 -73.5267 -73.5278 -73.5278 -73.5266 -73.5244 -73.5218 -73.5195 -73.5181 -73.5175 -73.5186 -73.5229 -73.5288 -73.5425 -73.5483 nan nan nan nan nan nan nan nan nan nan nan nan nan nan nan nan nan nan nan nan nan nan nan nan nan nan nan nan nan 
nan nan nan nan nan nan nan nan nan nan nan nan nan nan nan nan nan nan nan nan nan nan nan nan nan nan nan nan nan nan nan -72.8258 -72.8419 -72.8639 -72.8886 -72.9169 -72.9473 -72.979 -73.012 -73.0459 -73.0798 -73.113 -73.1455 -73.1772 -73.208 -73.2377 -73.2659 -73.2923 -73.3167 -73.339 -73.3593 -73.3776 -73.3937 -73.4076 -73.4192 -73.4286 -73.4361 -73.4422 -73.4472 -73.4518 -73.456 -73.4589 -73.4608 -73.4624 -73.465 -73.4701 -73.4747 -73.4808 -73.4949 -73.5015 nan nan nan nan nan nan nan nan nan nan nan nan nan nan nan nan nan nan nan nan nan nan nan nan nan nan nan nan nan nan nan 
nan nan nan nan nan nan nan nan nan nan nan nan nan nan nan nan nan nan nan nan nan nan nan nan nan nan nan nan nan nan nan nan nan -72.8591 -72.8751 -72.8981 -72.9229 -72.9481 -72.976 -73.0056 -73.0355 -73.0643 -73.0923 -73.1203 -73.1482 -73.1756 -73.2019 -73.2267 -73.2498 -73.2709 -73.2904 -73.309 -73.3257 -73.3403 -73.3528 -73.3632 -73.3721 -73.3798 -73.3871 -73.3951 -73.4047 -73.4119 -73.4171 -73.4217 -73.4282 -73.4428 -73.4507 -73.4554 nan nan nan nan nan nan nan nan nan nan nan nan nan nan nan nan nan nan nan nan nan nan nan nan nan nan nan nan nan nan nan nan nan 
nan nan nan nan nan nan nan nan nan nan nan nan nan nan nan nan nan nan nan nan nan nan nan nan nan nan nan nan nan nan nan nan nan nan nan nan -72.9184 -72.9348 -72.9585 -72.9853 -73.0122 -73.0362 -73.059 -73.0832 -73.1085 -73.1339 -73.1587 -73.1823 -73.2041 -73.2238 -73.2418 -73.2615 -73.2793 -73.2947 -73.3079 -73.3191 -73.3288 -73.3376 -73.3462 -73.3567 -73.376 -73.3872 -73.3944 -73.3997 -73.4035 nan nan nan nan nan nan nan nan nan nan nan nan nan nan nan nan nan nan nan nan nan nan nan nan nan nan nan nan nan nan nan nan nan nan nan nan 
nan nan nan nan nan nan nan nan nan nan nan nan nan nan nan nan nan nan nan nan nan nan nan nan nan nan nan nan nan nan nan nan nan nan nan nan nan nan nan nan nan -73.03 -73.0445 -73.0653 -73.0888 -73.1131 -73.137 -73.1598 -73.1806 -73.1985 -73.2117 -73.236 -73.2554 -73.2716 -73.2852 -73.2969 -73.3069 -73.3158 -73.3237 -73.3299 nan nan nan nan nan nan nan nan nan nan nan nan nan nan nan nan nan nan nan nan nan nan nan nan nan nan nan nan nan nan nan nan nan nan nan nan nan nan nan nan nan 
nan nan nan nan nan nan nan nan nan nan nan nan nan nan nan nan nan nan nan nan nan nan nan nan nan nan nan nan nan nan nan nan nan nan nan nan nan nan nan nan nan nan nan nan nan nan nan nan nan nan -73.191 nan nan nan nan nan nan nan nan nan nan nan nan nan nan nan nan nan nan nan nan nan nan nan nan nan nan nan nan nan nan nan nan nan nan nan nan nan nan nan nan nan nan nan nan nan nan nan nan nan nan 
