nan nan nan nan nan nan nan nan nan nan nan nan nan nan nan nan nan nan nan nan nan nan nan nan nan nan nan nan nan nan nan nan nan nan nan nan nan nan nan nan nan nan nan nan nan nan nan nan nan nan -1.28939 nan nan nan nan nan nan nan nan nan nan nan nan nan nan nan nan nan nan nan nan nan nan nan nan nan nan nan nan nan nan nan nan nan nan nan nan nan nan nan nan nan nan nan nan nan nan nan nan nan nan 
nan nan nan nan nan nan nan nan nan nan nan nan nan nan nan nan nan nan nan nan nan nan nan nan nan nan nan nan nan nan nan nan nan nan nan nan nan nan nan nan nan -1.45975 -1.4484 -1.43271 -1.41494 -1.39593 -1.37608 -1.35558 -1.33455 -1.31305 -1.29105 -1.26994 -1.24854 -1.2271 -1.20583 -1.18493 -1.16474 -1.14574 -1.12897 -1.11694 nan nan nan nan nan nan nan nan nan nan nan nan nan nan nan nan nan nan nan nan nan nan nan nan nan nan nan nan nan nan nan nan nan nan nan nan nan nan nan nan nan 
nan nan nan nan nan nan nan nan nan nan nan nan nan nan nan nan nan nan nan nan nan nan nan nan nan nan nan nan nan nan nan nan nan nan nan nan -1.56276 -1.55193 -1.53643 -1.51808 -1.49714 -1.4727 -1.45433 -1.43634 -1.41769 -1.39829 -1.37823 -1.3576 -1.3365 -1.31502 -1.2933 -1.2717 -1.25005 -1.22842 -1.20692 -1.18573 -1.16504 -1.14505 -1.12582 -1.10651 -1.08166 -1.05941 -1.03945 -1.02244 -1.01061 nan nan nan nan nan nan nan nan nan nan nan nan nan nan nan nan nan nan nan nan nan nan nan nan nan nan nan nan nan nan nan nan nan nan nan nan 
nan nan nan nan nan nan nan nan nan nan nan nan nan nan nan nan nan nan nan nan nan nan nan nan nan nan nan nan nan nan nan nan nan -1.62468 -1.61361 -1.59688 -1.5752 -1.55818 -1.54083 -1.52216 -1.50209 -1.48102 -1.46137 -1.44214 -1.4227 -1.40281 -1.38242 -1.36157 -1.34031 -1.31871 -1.29688 -1.27498 -1.25302 -1.23106 -1.20919 -1.18752 -1.16614 -1.14509 -1.12425 -1.10306 -1.08049 -1.05861 -1.03801 -1.01883 -1.0004 -0.977923 -0.960002 -0.948056 nan nan nan nan nan nan nan nan nan nan nan nan nan nan nan nan nan nan nan nan nan nan nan nan nan nan nan nan nan nan nan nan nan 
nan nan nan nan nan nan nan nan nan nan nan nan nan nan nan nan nan nan nan nan nan nan nan nan nan nan nan nan nan nan nan -1.6696 -1.65723 -1.63735 -1.62083 -1.60334 -1.58443 -1.56629 -1.54805 -1.52915 -1.50951 -1.48938 -1.46947 -1.44965 -1.42964 -1.40931 -1.38857 -1.36743 -1.34591 -1.32408 -1.30201 -1.27978 -1.25745 -1.23508 -1.21273 -1.19048 -1.16838 -1.14642 -1.12451 -1.10245 -1.08008 -1.05803 -1.03665 -1.016 -0.995678 -0.974864 -0.955591 -0.93772 -0.917279 -0.904197 nan nan nan nan nan nan nan nan nan nan nan nan nan nan nan nan nan nan nan nan nan nan nan nan nan nan nan nan nan nan nan 
nan nan nan nan nan nan nan nan nan nan nan nan nan nan nan nan nan nan nan nan nan nan nan nan nan nan nan nan nan -1.71707 -1.70435 -1.68357 -1.66627 -1.64812 -1.63055 -1.61271 -1.59438 -1.576 -1.55741 -1.53838 -1.51887 -1.49899 -1.47897 -1.4588 -1.4384 -1.41767 -1.39658 -1.37511 -1.35329 -1.33115 -1.30874 -1.28613 -1.26337 -1.24052 -1.21763 -1.19476 -1.17193 -1.14916 -1.1264 -1.10362 -1.08081 -1.05823 -1.03605 -1.01433 -0.992935 -0.971761 -0.951294 -0.931434 -0.911457 -0.892714 -0.871207 -0.857597 nan nan nan nan nan nan nan nan nan nan nan nan nan nan nan nan nan nan nan nan nan nan nan nan nan nan nan nan nan 
nan nan nan nan nan nan nan nan nan nan nan nan nan nan nan nan nan nan nan nan nan nan nan nan nan nan nan -1.76484 -1.75222 -1.73138 -1.71394 -1.69549 -1.67766 -1.6598 -1.64202 -1.62407 -1.60585 -1.5874 -1.56867 -1.54957 -1.53007 -1.51021 -1.49006 -1.46965 -1.44892 -1.42786 -1.40642 -1.3846 -1.36242 -1.33991 -1.31711 -1.29406 -1.27082 -1.24744 -1.22396 -1.20043 -1.17688 -1.15332 -1.12978 -1.10625 -1.08277 -1.05948 -1.03647 -1.0138 -0.991449 -0.969433 -0.947879 -0.926755 -0.905897 -0.885456 -0.864832 -0.845582 -0.823573 -0.809768 nan nan nan nan nan nan nan nan nan nan nan nan nan nan nan nan nan nan nan nan nan nan nan nan nan nan nan 
nan nan nan nan nan nan nan nan nan nan nan nan nan nan nan nan nan nan nan nan nan nan nan nan nan -1.81151 -1.79935 -1.77905 -1.76196 -1.74372 -1.72603 -1.70824 -1.69057 -1.67287 -1.65512 -1.63719 -1.619 -1.60054 -1.58176 -1.56261 -1.54307 -1.52315 -1.50287 -1.48223 -1.46123 -1.43984 -1.41806 -1.39587 -1.37331 -1.35038 -1.32713 -1.3036 -1.27983 -1.25587 -1.23175 -1.20753 -1.18324 -1.15891 -1.13457 -1.11025 -1.086 -1.06189 -1.03801 -1.0144 -0.991091 -0.968111 -0.94551 -0.923286 -0.901398 -0.879855 -0.858567 -0.837772 -0.816886 -0.797554 -0.775611 -0.762013 nan nan nan nan nan nan nan nan nan nan nan nan nan nan nan nan nan nan nan nan nan nan nan nan nan 
nan nan nan nan nan nan nan nan nan nan nan nan nan nan nan nan nan nan nan nan nan nan nan -1.85534 -1.8443 -1.82526 -1.80903 -1.79148 -1.77434 -1.75699 -1.73969 -1.72234 -1.70495 -1.68747 -1.66984 -1.652 -1.63388 -1.61545 -1.59666 -1.57748 -1.55788 -1.53787 -1.51744 -1.4966 -1.47533 -1.45363 -1.43149 -1.40893 -1.38595 -1.36257 -1.33883 -1.31477 -1.29042 -1.26584 -1.24105 -1.21611 -1.19106 -1.16593 -1.14076 -1.1156 -1.09049 -1.06551 -1.04071 -1.01614 -0.991847 -0.967863 -0.944222 -0.920941 -0.89802 -0.875466 -0.85328 -0.831517 -0.810127 -0.789397 -0.768784 -0.750009 -0.729102 -0.7166 nan nan nan nan nan nan nan nan nan nan nan nan nan nan nan nan nan nan nan nan nan nan nan 
nan nan nan nan nan nan nan nan nan nan nan nan nan nan nan nan nan nan nan nan nan nan -1.88221 -1.86799 -1.85385 -1.83766 -1.82152 -1.80499 -1.78839 -1.77166 -1.75485 -1.73792 -1.72087 -1.70365 -1.68622 -1.66852 -1.6505 -1.63213 -1.61336 -1.59416 -1.57452 -1.55441 -1.53383 -1.51278 -1.49125 -1.46923 -1.44674 -1.42377 -1.40035 -1.37649 -1.35223 -1.32759 -1.30263 -1.27737 -1.25187 -1.22618 -1.20032 -1.17435 -1.14832 -1.12228 -1.09627 -1.07035 -1.04459 -1.01903 -0.99372 -0.968703 -0.944014 -0.91968 -0.895723 -0.872164 -0.849026 -0.826351 -0.804172 -0.782589 -0.761603 -0.741597 -0.722229 -0.705703 -0.690301 nan nan nan nan nan nan nan nan nan nan nan nan nan nan nan nan nan nan nan nan nan nan 
nan nan nan nan nan nan nan nan nan nan nan nan nan nan nan nan nan nan nan nan -1.92812 -1.91731 -1.89801 -1.88206 -1.86696 -1.8515 -1.83588 -1.82003 -1.80403 -1.78787 -1.77156 -1.75508 -1.73839 -1.72148 -1.70428 -1.68677 -1.66889 -1.65061 -1.63188 -1.61268 -1.59299 -1.57278 -1.55205 -1.5308 -1.509 -1.48667 -1.46381 -1.44042 -1.41653 -1.39216 -1.36733 -1.34209 -1.31646 -1.2905 -1.26424 -1.23774 -1.21105 -1.18421 -1.15727 -1.13029 -1.10332 -1.07642 -1.04965 -1.02306 -0.996704 -0.970626 -0.944869 -0.91947 -0.894461 -0.869877 -0.845755 -0.822138 -0.799078 -0.776646 -0.754915 -0.734027 -0.71402 -0.695195 -0.676472 -0.655198 -0.642864 nan nan nan nan nan nan nan nan nan nan nan nan nan nan nan nan nan nan nan nan 
nan nan nan nan nan nan nan nan nan nan nan nan nan nan nan nan nan nan nan -1.95354 -1.94054 -1.92734 -1.9119 -1.89677 -1.88191 -1.86698 -1.85192 -1.83669 -1.82128 -1.80568 -1.78988 -1.77385 -1.75756 -1.74098 -1.72406 -1.70677 -1.68906 -1.6709 -1.65224 -1.63305 -1.61332 -1.59303 -1.57215 -1.55068 -1.52862 -1.50596 -1.48271 -1.45889 -1.43451 -1.40959 -1.38416 -1.35826 -1.33194 -1.30522 -1.27817 -1.25082 -1.22324 -1.19548 -1.16759 -1.13962 -1.11164 -1.08371 -1.05589 -1.02823 -1.00079 -0.973618 -0.946765 -0.920274 -0.894188 -0.868551 -0.843406 -0.818804 -0.794799 -0.771456 -0.748845 -0.727047 -0.706111 -0.686066 -0.666636 -0.647785 -0.632137 -0.618018 nan nan nan nan nan nan nan nan nan nan nan nan nan nan nan nan nan nan nan 
nan nan nan nan nan nan nan nan nan nan nan nan nan nan nan nan nan nan -1.98202 -1.96812 -1.95467 -1.94114 -1.92696 -1.91267 -1.8984 -1.88406 -1.8696 -1.85497 -1.84015 -1.82511 -1.80983 -1.79427 -1.77841 -1.76219 -1.74559 -1.72855 -1.71104 -1.69302 -1.67445 -1.6553 -1.63554 -1.61516 -1.59413 -1.57245 -1.55012 -1.52712 -1.50348 -1.4792 -1.45429 -1.42879 -1.40273 -1.37614 -1.34907 -1.32156 -1.29366 -1.26542 -1.23691 -1.20817 -1.17927 -1.15027 -1.12124 -1.09223 -1.0633 -1.03453 -1.00596 -0.977655 -0.94967 -0.922055 -0.894859 -0.868133 -0.841926 -0.816292 -0.791287 -0.766973 -0.743411 -0.720664 -0.698781 -0.677793 -0.657699 -0.638684 -0.621405 -0.605488 -0.590542 nan nan nan nan nan nan nan nan nan nan nan nan nan nan nan nan nan nan 
nan nan nan nan nan nan nan nan nan nan nan nan nan nan nan nan nan -2.0118 -1.99749 -1.98376 -1.97038 -1.95707 -1.9436 -1.93003 -1.91641 -1.90271 -1.88887 -1.87487 -1.86065 -1.84619 -1.83145 -1.81639 -1.80098 -1.78516 -1.76889 -1.75214 -1.73486 -1.71701 -1.69855 -1.67945 -1.65967 -1.63921 -1.61804 -1.59615 -1.57353 -1.55019 -1.52612 -1.50136 -1.47591 -1.4498 -1.42306 -1.39574 -1.36788 -1.33952 -1.31072 -1.28155 -1.25204 -1.22228 -1.19233 -1.16224 -1.13209 -1.10194 -1.07186 -1.04193 -1.01219 -0.982708 -0.953551 -0.924773 -0.896429 -0.868575 -0.841264 -0.814552 -0.788498 -0.76316 -0.738596 -0.714863 -0.692013 -0.670093 -0.649159 -0.629338 -0.610816 -0.593491 -0.577175 -0.561713 nan nan nan nan nan nan nan nan nan nan nan nan nan nan nan nan nan 
nan nan nan nan nan nan nan nan nan nan nan nan nan nan nan nan -2.04215 -2.02768 -2.01385 -2.00052 -1.98751 -1.97465 -1.96179 -1.94891 -1.93596 -1.92292 -1.90974 -1.89638 -1.88279 -1.86893 -1.85476 -1.84023 -1.82529 -1.80989 -1.794 -1.77757 -1.76054 -1.74289 -1.72456 -1.70552 -1.68574 -1.66521 -1.64389 -1.62178 -1.59887 -1.57517 -1.55067 -1.5254 -1.49937 -1.47261 -1.44516 -1.41706 -1.38836 -1.35911 -1.32937 -1.29919 -1.26865 -1.2378 -1.20673 -1.1755 -1.14418 -1.11284 -1.08156 -1.0504 -1.01944 -0.988744 -0.958371 -0.928387 -0.898853 -0.869827 -0.841369 -0.813537 -0.786387 -0.759979 -0.734369 -0.709611 -0.685757 -0.662859 -0.640973 -0.620172 -0.600519 -0.581975 -0.564444 -0.547825 -0.532025 nan nan nan nan nan nan nan nan nan nan nan nan nan nan nan nan 
nan nan nan nan nan nan nan nan nan nan nan nan nan nan nan -2.0726 -2.05818 -2.04441 -2.03119 -2.01842 -2.00596 -1.99368 -1.98147 -1.96927 -1.95703 -1.94469 -1.9322 -1.91951 -1.90658 -1.89335 -1.87977 -1.86579 -1.85136 -1.83643 -1.82094 -1.80486 -1.78811 -1.77068 -1.7525 -1.73354 -1.71378 -1.69318 -1.67172 -1.64939 -1.62618 -1.6021 -1.57715 -1.55134 -1.5247 -1.49726 -1.46906 -1.44013 -1.41054 -1.38034 -1.34959 -1.31836 -1.28671 -1.25473 -1.22248 -1.19004 -1.15748 -1.1249 -1.09235 -1.05993 -1.02769 -0.995723 -0.964086 -0.932851 -0.902081 -0.871841 -0.842192 -0.813195 -0.784907 -0.757386 -0.730689 -0.704867 -0.679972 -0.656051 -0.633154 -0.611323 -0.590586 -0.570924 -0.552284 -0.534598 -0.517795 -0.501804 nan nan nan nan nan nan nan nan nan nan nan nan nan nan nan 
nan nan nan nan nan nan nan nan nan nan nan nan nan nan -2.10282 -2.08859 -2.07502 -2.06204 -2.04955 -2.03747 -2.02568 -2.01408 -2.00258 -1.99111 -1.9796 -1.96799 -1.95623 -1.94426 -1.93202 -1.91945 -1.9065 -1.89311 -1.87922 -1.86478 -1.84974 -1.83403 -1.8176 -1.80041 -1.7824 -1.76355 -1.74381 -1.72315 -1.70155 -1.679 -1.65549 -1.63101 -1.60558 -1.57921 -1.55192 -1.52376 -1.49475 -1.46496 -1.43442 -1.40322 -1.3714 -1.33905 -1.30623 -1.27304 -1.23954 -1.20583 -1.17198 -1.13808 -1.10422 -1.07046 -1.0369 -1.0036 -0.97065 -0.938114 -0.906063 -0.874563 -0.84368 -0.813474 -0.784006 -0.755334 -0.727512 -0.700591 -0.674621 -0.649645 -0.625704 -0.602828 -0.581036 -0.560316 -0.54064 -0.521962 -0.504228 -0.487379 -0.471349 nan nan nan nan nan nan nan nan nan nan nan nan nan nan 
nan nan nan nan nan nan nan nan nan nan nan nan nan -2.13251 -2.11862 -2.10539 -2.09276 -2.08064 -2.06897 -2.05767 -2.04665 -2.03581 -2.02508 -2.01439 -2.00366 -1.99283 -1.98183 -1.97061 -1.9591 -1.94723 -1.93495 -1.92219 -1.90889 -1.89498 -1.8804 -1.86511 -1.84903 -1.83211 -1.8143 -1.79557 -1.77587 -1.75516 -1.73343 -1.71065 -1.68682 -1.66193 -1.63599 -1.60903 -1.58106 -1.55213 -1.52227 -1.49155 -1.46001 -1.42773 -1.39479 -1.36124 -1.32719 -1.29272 -1.25791 -1.22286 -1.18764 -1.15236 -1.11711 -1.08196 -1.04701 -1.01233 -0.97801 -0.944123 -0.910741 -0.877936 -0.845774 -0.814319 -0.783633 -0.753772 -0.72479 -0.696739 -0.669665 -0.643609 -0.618607 -0.594684 -0.571856 -0.55012 -0.52946 -0.509847 -0.491245 -0.473609 -0.456886 -0.441004 nan nan nan nan nan nan nan nan nan nan nan nan nan 
nan nan nan nan nan nan nan nan nan nan nan nan -2.16134 -2.14797 -2.13524 -2.12308 -2.11144 -2.10026 -2.08948 -2.07903 -2.06885 -2.05884 -2.04895 -2.03909 -2.02919 -2.01918 -2.00899 -1.99857 -1.98783 -1.97671 -1.96514 -1.95304 -1.94036 -1.92703 -1.91297 -1.89812 -1.88242 -1.86581 -1.84823 -1.82964 -1.80999 -1.78924 -1.76737 -1.74436 -1.7202 -1.69488 -1.66842 -1.64083 -1.61214 -1.58239 -1.55163 -1.51992 -1.48732 -1.4539 -1.41975 -1.38494 -1.34958 -1.31375 -1.27755 -1.24108 -1.20443 -1.1677 -1.13098 -1.09438 -1.05797 -1.02185 -0.986108 -0.950816 -0.916055 -0.881898 -0.848415 -0.81567 -0.783726 -0.752642 -0.72247 -0.693261 -0.66506 -0.637905 -0.611831 -0.586861 -0.563012 -0.540287 -0.518681 -0.498178 -0.478758 -0.460395 -0.443055 -0.42669 -0.411221 nan nan nan nan nan nan nan nan nan nan nan nan 
nan nan nan nan nan nan nan nan nan nan nan -2.18881 -2.17628 -2.16429 -2.15277 -2.14172 -2.13111 -2.12092 -2.11108 -2.10156 -2.09228 -2.08317 -2.07416 -2.06518 -2.05616 -2.04703 -2.03771 -2.02812 -2.0182 -2.00787 -1.99706 -1.98568 -1.97367 -1.96095 -1.94745 -1.93309 -1.91781 -1.90153 -1.88421 -1.86578 -1.8462 -1.82543 -1.80343 -1.78019 -1.75568 -1.72992 -1.7029 -1.67464 -1.64519 -1.61457 -1.58285 -1.55008 -1.51634 -1.48171 -1.44628 -1.41013 -1.37338 -1.33611 -1.29844 -1.26046 -1.22229 -1.18403 -1.14579 -1.10765 -1.06973 -1.03211 -0.994879 -0.958129 -0.921938 -0.886383 -0.851534 -0.81746 -0.784224 -0.751884 -0.720493 -0.690102 -0.660753 -0.632486 -0.605332 -0.579316 -0.554456 -0.530762 -0.508236 -0.486874 -0.466672 -0.447623 -0.42972 -0.41296 -0.397326 -0.382742 nan nan nan nan nan nan nan nan nan nan nan 
nan nan nan nan nan nan nan nan nan nan -2.21366 -2.20293 -2.1922 -2.18161 -2.17132 -2.16138 -2.15183 -2.14265 -2.13381 -2.12525 -2.11693 -2.10877 -2.1007 -2.09267 -2.08458 -2.07637 -2.06795 -2.05926 -2.05021 -2.04073 -2.03072 -2.02011 -2.00882 -1.99677 -1.98387 -1.97004 -1.95521 -1.93932 -1.92228 -1.90404 -1.88455 -1.86377 -1.84164 -1.81816 -1.7933 -1.76706 -1.73945 -1.7105 -1.68023 -1.64869 -1.61594 -1.58205 -1.54709 -1.51117 -1.47437 -1.43679 -1.39855 -1.35976 -1.32052 -1.28096 -1.24119 -1.20132 -1.16146 -1.12173 -1.08221 -1.04302 -1.00425 -0.965988 -0.928316 -0.891315 -0.855059 -0.819618 -0.785055 -0.751429 -0.718794 -0.687199 -0.656686 -0.627294 -0.599055 -0.571994 -0.546131 -0.52148 -0.49805 -0.475849 -0.454882 -0.435162 -0.416714 -0.399586 -0.383874 -0.369741 -0.357324 nan nan nan nan nan nan nan nan nan nan 
nan nan nan nan nan nan nan nan nan nan -2.22599 -2.21858 -2.20948 -2.20013 -2.19097 -2.18212 -2.17362 -2.16548 -2.15766 -2.15011 -2.14279 -2.13563 -2.12856 -2.12151 -2.11441 -2.10718 -2.09973 -2.09198 -2.08386 -2.07527 -2.06613 -2.05634 -2.04582 -2.03448 -2.02224 -2.00899 -1.99467 -1.97919 -1.96247 -1.94446 -1.92508 -1.90429 -1.88205 -1.85832 -1.8331 -1.80636 -1.77813 -1.74843 -1.71729 -1.68477 -1.65092 -1.61583 -1.57958 -1.54227 -1.504 -1.4649 -1.42508 -1.38466 -1.34377 -1.30252 -1.26106 -1.21949 -1.17794 -1.13652 -1.09535 -1.05452 -1.01415 -0.974312 -0.935108 -0.896615 -0.858911 -0.822066 -0.786144 -0.751205 -0.717302 -0.684484 -0.652793 -0.622268 -0.592938 -0.564832 -0.537971 -0.512372 -0.488048 -0.465014 -0.443284 -0.422883 -0.403853 -0.386276 -0.37034 -0.356544 -0.346513 nan nan nan nan nan nan nan nan nan nan 
nan nan nan nan nan nan nan nan nan -2.2611 -2.24727 -2.23743 -2.2285 -2.21996 -2.21177 -2.20395 -2.1965 -2.1894 -2.18263 -2.17613 -2.16985 -2.16373 -2.15771 -2.1517 -2.14564 -2.13944 -2.13301 -2.12627 -2.11913 -2.1115 -2.10328 -2.09437 -2.08468 -2.07412 -2.06258 -2.04997 -2.0362 -2.02118 -2.00482 -1.98706 -1.96782 -1.94705 -1.9247 -1.90073 -1.87512 -1.84787 -1.81898 -1.78849 -1.75642 -1.72284 -1.68782 -1.65143 -1.61379 -1.575 -1.53517 -1.49444 -1.45293 -1.41077 -1.36812 -1.32509 -1.28183 -1.23847 -1.19514 -1.15196 -1.10905 -1.06652 -1.02448 -0.983013 -0.942224 -0.902195 -0.863002 -0.824718 -0.787408 -0.751131 -0.71594 -0.681883 -0.649003 -0.617336 -0.586914 -0.557764 -0.529908 -0.503365 -0.478152 -0.454287 -0.431787 -0.410678 -0.390998 -0.372802 -0.35616 -0.341101 -0.327213 -0.311419 nan nan nan nan nan nan nan nan nan 
nan nan nan nan nan nan nan nan -2.2874 -2.2765 -2.26599 -2.25686 -2.24859 -2.24089 -2.23365 -2.22685 -2.22044 -2.21441 -2.2087 -2.20328 -2.19809 -2.19306 -2.18813 -2.18322 -2.17825 -2.17313 -2.16778 -2.16211 -2.15601 -2.1494 -2.14216 -2.1342 -2.12541 -2.11568 -2.10491 -2.09299 -2.07983 -2.06532 -2.04937 -2.0319 -2.01283 -1.9921 -1.96964 -1.94542 -1.91942 -1.89162 -1.86204 -1.8307 -1.79764 -1.76293 -1.72665 -1.68888 -1.64974 -1.60936 -1.56785 -1.52537 -1.48205 -1.43805 -1.39351 -1.3486 -1.30344 -1.25819 -1.21298 -1.16796 -1.12323 -1.07892 -1.03514 -0.991991 -0.949568 -0.907957 -0.867238 -0.827482 -0.788756 -0.751119 -0.714623 -0.679315 -0.645237 -0.612425 -0.580909 -0.550716 -0.521869 -0.494388 -0.46829 -0.443593 -0.420315 -0.398478 -0.37811 -0.359238 -0.341875 -0.325969 -0.311264 -0.297194 -0.284549 nan nan nan nan nan nan nan nan 
nan nan nan nan nan nan nan nan -2.2999 -2.29302 -2.28482 -2.27691 -2.26958 -2.26281 -2.25655 -2.25077 -2.24542 -2.24046 -2.23586 -2.23155 -2.22748 -2.22359 -2.2198 -2.21603 -2.21221 -2.20824 -2.20403 -2.19948 -2.19449 -2.18896 -2.18278 -2.17583 -2.168 -2.15917 -2.14924 -2.13808 -2.12559 -2.11165 -2.09616 -2.07902 -2.06016 -2.03948 -2.01694 -1.99247 -1.96606 -1.93769 -1.90737 -1.87513 -1.84101 -1.80508 -1.76743 -1.72818 -1.68743 -1.64532 -1.60201 -1.55765 -1.5124 -1.46642 -1.41989 -1.37296 -1.32579 -1.27854 -1.23136 -1.1844 -1.13777 -1.09161 -1.04603 -1.00114 -0.957032 -0.913797 -0.871515 -0.830258 -0.790093 -0.751077 -0.713262 -0.676694 -0.641413 -0.607453 -0.574845 -0.543614 -0.513781 -0.485368 -0.458389 -0.432863 -0.408805 -0.386232 -0.365165 -0.345618 -0.327602 -0.311111 -0.296161 -0.283052 -0.273507 nan nan nan nan nan nan nan nan 
nan nan nan nan nan nan nan -2.33281 -2.32081 -2.31239 -2.30482 -2.29784 -2.29146 -2.28566 -2.28041 -2.27566 -2.27139 -2.26754 -2.26406 -2.2609 -2.258 -2.25528 -2.25268 -2.25011 -2.24749 -2.24472 -2.24171 -2.23836 -2.23455 -2.23017 -2.22511 -2.21925 -2.21246 -2.20462 -2.19559 -2.18527 -2.17351 -2.1602 -2.14523 -2.12848 -2.10985 -2.08927 -2.06665 -2.04194 -2.01511 -1.98613 -1.95503 -1.92182 -1.88655 -1.84932 -1.8102 -1.76933 -1.72685 -1.68289 -1.63763 -1.59125 -1.54392 -1.49583 -1.44715 -1.39808 -1.34878 -1.29942 -1.25017 -1.20117 -1.15256 -1.10447 -1.05703 -1.01034 -0.964499 -0.919599 -0.875722 -0.832938 -0.791313 -0.750904 -0.711761 -0.673927 -0.637441 -0.602337 -0.568641 -0.536379 -0.50557 -0.476232 -0.448382 -0.422032 -0.397197 -0.373891 -0.352125 -0.331913 -0.313263 -0.296185 -0.280703 -0.266863 -0.254462 -0.240713 nan nan nan nan nan nan nan 
nan nan nan nan nan nan nan -2.34641 -2.33958 -2.3324 -2.32571 -2.31964 -2.31421 -2.30939 -2.30516 -2.30148 -2.29831 -2.29559 -2.29327 -2.29129 -2.28959 -2.2881 -2.28674 -2.28542 -2.28406 -2.28256 -2.28081 -2.27872 -2.27616 -2.27301 -2.26915 -2.26446 -2.25879 -2.25201 -2.24398 -2.23456 -2.22362 -2.21102 -2.19663 -2.18032 -2.16198 -2.14152 -2.11885 -2.0939 -2.06663 -2.03702 -2.00508 -1.97083 -1.93434 -1.89569 -1.85498 -1.81237 -1.76799 -1.72203 -1.67467 -1.62611 -1.57654 -1.52618 -1.47522 -1.42386 -1.3723 -1.32071 -1.26927 -1.21814 -1.16746 -1.11738 -1.068 -1.01946 -0.971839 -0.925239 -0.879737 -0.835405 -0.792305 -0.750493 -0.710016 -0.670917 -0.63323 -0.596987 -0.562214 -0.528931 -0.497158 -0.466909 -0.438199 -0.411037 -0.385436 -0.361403 -0.338948 -0.318078 -0.2988 -0.281126 -0.265079 -0.250722 -0.238232 -0.228556 nan nan nan nan nan nan nan 
nan nan nan nan nan nan -2.38056 -2.36835 -2.36019 -2.35339 -2.34744 -2.34225 -2.33777 -2.33396 -2.33078 -2.32818 -2.32613 -2.32457 -2.32344 -2.32268 -2.32223 -2.322 -2.32193 -2.32192 -2.32187 -2.3217 -2.32129 -2.32053 -2.31929 -2.31745 -2.31488 -2.31144 -2.30698 -2.30135 -2.29441 -2.28599 -2.27595 -2.26414 -2.2504 -2.2346 -2.21661 -2.19631 -2.17361 -2.14843 -2.12072 -2.09044 -2.05761 -2.02224 -1.98442 -1.94423 -1.90181 -1.85729 -1.81086 -1.76272 -1.71308 -1.66216 -1.61018 -1.55738 -1.50397 -1.45018 -1.39621 -1.34227 -1.28853 -1.23517 -1.18233 -1.13017 -1.0788 -1.02835 -0.978915 -0.930581 -0.883431 -0.837533 -0.792949 -0.74973 -0.707921 -0.667561 -0.628682 -0.591313 -0.555475 -0.521188 -0.488467 -0.457325 -0.427771 -0.399815 -0.373462 -0.348718 -0.325587 -0.304071 -0.284172 -0.265893 -0.249235 -0.234192 -0.220686 -0.20825 -0.194042 nan nan nan nan nan nan 
nan nan nan nan nan nan -2.39437 -2.38768 -2.38092 -2.37497 -2.36987 -2.3656 -2.36208 -2.35929 -2.35718 -2.3557 -2.3548 -2.35443 -2.35452 -2.35502 -2.35585 -2.35694 -2.3582 -2.35955 -2.36089 -2.36211 -2.3631 -2.36375 -2.36391 -2.36347 -2.36228 -2.36018 -2.35702 -2.35265 -2.34689 -2.33957 -2.33053 -2.31959 -2.3066 -2.29139 -2.27381 -2.25373 -2.23104 -2.20564 -2.17746 -2.14648 -2.1127 -2.07613 -2.03687 -1.99501 -1.9507 -1.90411 -1.85545 -1.80493 -1.75281 -1.69933 -1.64474 -1.58931 -1.53328 -1.47689 -1.42037 -1.36394 -1.30778 -1.25208 -1.197 -1.14269 -1.08927 -1.03687 -0.985572 -0.935479 -0.886662 -0.839189 -0.793117 -0.748493 -0.705359 -0.663751 -0.623695 -0.585217 -0.548335 -0.513065 -0.479419 -0.447405 -0.417031 -0.388302 -0.36122 -0.335785 -0.311998 -0.289855 -0.269353 -0.250483 -0.233235 -0.217593 -0.20354 -0.191164 -0.181423 nan nan nan nan nan nan 
nan nan nan nan nan -2.42839 -2.41638 -2.40857 -2.40231 -2.39715 -2.39293 -2.3896 -2.38709 -2.38535 -2.38433 -2.38399 -2.38427 -2.38512 -2.38647 -2.38826 -2.39041 -2.39286 -2.39551 -2.39828 -2.40105 -2.40373 -2.4062 -2.40833 -2.40999 -2.41103 -2.4113 -2.41065 -2.4089 -2.40589 -2.40142 -2.39531 -2.38738 -2.37743 -2.36528 -2.35074 -2.33366 -2.31386 -2.29121 -2.26561 -2.23698 -2.20526 -2.17045 -2.1326 -2.09176 -2.04808 -2.00171 -1.95285 -1.90173 -1.84862 -1.79379 -1.73752 -1.68011 -1.62184 -1.56299 -1.50383 -1.4446 -1.38553 -1.32683 -1.26869 -1.21128 -1.15475 -1.09923 -1.04483 -0.991646 -0.939773 -0.889281 -0.84023 -0.792674 -0.746656 -0.702213 -0.659374 -0.618164 -0.578601 -0.540701 -0.504475 -0.469932 -0.437076 -0.40591 -0.376436 -0.348652 -0.322554 -0.298138 -0.275395 -0.254315 -0.234883 -0.217077 -0.200865 -0.18619 -0.172926 -0.160583 -0.146277 nan nan nan nan nan 
nan nan nan nan nan -2.442 -2.43563 -2.42936 -2.42408 -2.41982 -2.41655 -2.4142 -2.41272 -2.41206 -2.41217 -2.41299 -2.41448 -2.41657 -2.41921 -2.42233 -2.42586 -2.42971 -2.4338 -2.43803 -2.44231 -2.44652 -2.45053 -2.45423 -2.45746 -2.46008 -2.46192 -2.46282 -2.4626 -2.46106 -2.458 -2.45323 -2.44653 -2.43769 -2.4265 -2.41275 -2.39624 -2.3768 -2.35426 -2.32849 -2.29938 -2.26689 -2.231 -2.19174 -2.14919 -2.10351 -2.05487 -2.00351 -1.9497 -1.89374 -1.83594 -1.77663 -1.71615 -1.65481 -1.59293 -1.5308 -1.46869 -1.40684 -1.34548 -1.2848 -1.22497 -1.16616 -1.10848 -1.05204 -0.996958 -0.943295 -0.891126 -0.840505 -0.791479 -0.744086 -0.698356 -0.654315 -0.611979 -0.571364 -0.532479 -0.495332 -0.459926 -0.426262 -0.394339 -0.364154 -0.335701 -0.308974 -0.283963 -0.260655 -0.239034 -0.21908 -0.200764 -0.184051 -0.16889 -0.155235 -0.143145 -0.133557 nan nan nan nan nan 
nan nan nan nan -2.47499 -2.46351 -2.45625 -2.45065 -2.44626 -2.44296 -2.44067 -2.43935 -2.43893 -2.43937 -2.44062 -2.44264 -2.44536 -2.44873 -2.45269 -2.45718 -2.46211 -2.46741 -2.47299 -2.47875 -2.48459 -2.4904 -2.49604 -2.50138 -2.50627 -2.51057 -2.51409 -2.51666 -2.51808 -2.51814 -2.51664 -2.51334 -2.50801 -2.50042 -2.49032 -2.47747 -2.46166 -2.44267 -2.4203 -2.39439 -2.36483 -2.33153 -2.29447 -2.25368 -2.20926 -2.16138 -2.11024 -2.05611 -1.99932 -1.94021 -1.87915 -1.81651 -1.75269 -1.68803 -1.62289 -1.55759 -1.49241 -1.42763 -1.36348 -1.30016 -1.23784 -1.17668 -1.1168 -1.05832 -1.00131 -0.945863 -0.892026 -0.839853 -0.789381 -0.740643 -0.69366 -0.648451 -0.605029 -0.563401 -0.523573 -0.485546 -0.449318 -0.414887 -0.382248 -0.351393 -0.322312 -0.294995 -0.269429 -0.245596 -0.223478 -0.203049 -0.184279 -0.167127 -0.151541 -0.137444 -0.12469 -0.112772 -0.098808 nan nan nan nan 
nan nan nan nan -2.48808 -2.48225 -2.47669 -2.47219 -2.46882 -2.46652 -2.46526 -2.46498 -2.46566 -2.46723 -2.46965 -2.47288 -2.47686 -2.48154 -2.48685 -2.49273 -2.49911 -2.5059 -2.51302 -2.52036 -2.52783 -2.53529 -2.54264 -2.54971 -2.55637 -2.56244 -2.56775 -2.57211 -2.5753 -2.57711 -2.57731 -2.57563 -2.57183 -2.56564 -2.55679 -2.545 -2.53002 -2.51158 -2.48947 -2.46349 -2.43348 -2.39934 -2.36103 -2.31858 -2.2721 -2.22178 -2.16786 -2.11066 -2.05056 -1.98796 -1.92329 -1.85701 -1.78952 -1.72126 -1.65261 -1.58391 -1.51549 -1.44763 -1.38057 -1.31451 -1.24963 -1.18608 -1.12398 -1.06343 -1.00451 -0.947282 -0.891802 -0.838106 -0.786226 -0.736182 -0.687991 -0.641662 -0.5972 -0.554609 -0.513886 -0.475027 -0.438027 -0.402877 -0.369569 -0.338089 -0.308426 -0.280565 -0.254489 -0.230179 -0.207612 -0.186761 -0.167596 -0.150076 -0.134154 -0.119771 -0.106868 -0.0954771 -0.0864346 nan nan nan nan 
nan nan nan -2.51885 -2.50852 -2.50223 -2.49755 -2.49408 -2.49174 -2.49048 -2.49027 -2.49107 -2.49285 -2.49557 -2.49918 -2.50365 -2.50891 -2.51492 -2.52161 -2.52893 -2.53678 -2.54511 -2.55381 -2.56279 -2.57194 -2.58114 -2.59025 -2.59915 -2.60766 -2.61562 -2.62284 -2.62912 -2.63422 -2.63793 -2.63998 -2.6401 -2.63801 -2.6334 -2.62598 -2.61542 -2.60142 -2.58369 -2.56195 -2.53596 -2.50553 -2.47052 -2.43087 -2.38662 -2.33786 -2.28482 -2.2278 -2.16716 -2.10336 -2.03687 -1.96822 -1.8979 -1.82641 -1.75423 -1.68179 -1.60948 -1.53762 -1.46652 -1.39643 -1.32755 -1.26005 -1.19408 -1.12975 -1.06714 -1.00632 -0.947347 -0.890262 -0.83509 -0.78185 -0.730555 -0.681211 -0.633819 -0.588378 -0.544881 -0.50332 -0.463688 -0.425971 -0.390157 -0.356232 -0.324182 -0.293988 -0.265633 -0.239098 -0.214361 -0.191398 -0.170181 -0.150679 -0.132857 -0.116673 -0.102078 -0.0890054 -0.0773262 -0.0665513 -0.0538796 nan nan nan 
nan nan nan -2.5308 -2.52639 -2.52209 -2.51868 -2.51631 -2.51502 -2.51481 -2.51567 -2.51756 -2.52047 -2.52435 -2.52917 -2.53488 -2.54145 -2.54881 -2.5569 -2.56568 -2.57505 -2.58494 -2.59527 -2.60594 -2.61683 -2.62783 -2.6388 -2.6496 -2.66007 -2.67002 -2.67927 -2.6876 -2.69478 -2.70054 -2.70463 -2.70673 -2.70654 -2.70373 -2.69793 -2.68881 -2.676 -2.65914 -2.63792 -2.61202 -2.58121 -2.54531 -2.50424 -2.458 -2.40672 -2.35064 -2.29012 -2.22562 -2.15766 -2.08682 -2.01371 -1.93893 -1.86305 -1.78661 -1.71009 -1.63391 -1.55842 -1.48394 -1.41072 -1.33895 -1.2688 -1.20039 -1.13383 -1.06918 -1.00651 -0.945843 -0.887208 -0.830622 -0.776089 -0.723611 -0.673183 -0.624798 -0.578445 -0.534111 -0.49178 -0.451439 -0.413069 -0.376653 -0.342172 -0.309608 -0.27894 -0.250148 -0.223208 -0.198099 -0.174793 -0.153266 -0.133486 -0.115424 -0.0990457 -0.0843197 -0.0712209 -0.0597528 -0.0500359 -0.0428109 nan nan nan 
nan nan nan -2.54872 -2.54566 -2.54256 -2.54023 -2.53891 -2.53866 -2.5395 -2.54142 -2.54441 -2.54845 -2.5535 -2.55954 -2.56652 -2.5744 -2.58313 -2.59265 -2.6029 -2.61382 -2.62532 -2.63732 -2.64972 -2.66241 -2.67527 -2.68817 -2.70097 -2.71348 -2.72555 -2.73695 -2.74748 -2.75688 -2.76488 -2.77119 -2.77548 -2.77742 -2.77663 -2.77271 -2.76527 -2.75387 -2.7381 -2.71757 -2.69191 -2.66079 -2.624 -2.5814 -2.53298 -2.47888 -2.41939 -2.35492 -2.28602 -2.21335 -2.1376 -2.0595 -1.97977 -1.89906 -1.81798 -1.73707 -1.65678 -1.57748 -1.49949 -1.42304 -1.34833 -1.27551 -1.20469 -1.13593 -1.0693 -1.00483 -0.942543 -0.882437 -0.824516 -0.768773 -0.715196 -0.663768 -0.614472 -0.567288 -0.522195 -0.479171 -0.438194 -0.399243 -0.362293 -0.327323 -0.29431 -0.263229 -0.234059 -0.206773 -0.181348 -0.157757 -0.135975 -0.115973 -0.0977242 -0.081203 -0.0663887 -0.0532773 -0.0419173 -0.032543 -0.0260856 nan nan nan 
nan nan -2.58141 -2.57119 -2.56647 -2.56373 -2.56225 -2.56189 -2.56264 -2.56452 -2.5675 -2.57159 -2.57675 -2.58298 -2.59024 -2.59849 -2.60769 -2.6178 -2.62877 -2.64052 -2.65301 -2.66615 -2.67985 -2.69402 -2.70857 -2.72336 -2.73826 -2.75313 -2.7678 -2.78208 -2.79577 -2.80864 -2.82043 -2.83085 -2.83959 -2.84631 -2.85062 -2.85212 -2.85036 -2.84487 -2.83517 -2.82076 -2.80115 -2.7759 -2.74459 -2.70692 -2.6627 -2.61189 -2.55463 -2.49125 -2.42226 -2.34834 -2.27029 -2.18898 -2.10526 -2.02001 -1.93397 -1.84785 -1.76223 -1.67758 -1.59429 -1.51268 -1.43295 -1.3553 -1.27983 -1.20663 -1.13575 -1.06721 -1.00104 -0.937214 -0.875737 -0.816584 -0.759732 -0.705156 -0.652826 -0.602715 -0.554793 -0.509031 -0.4654 -0.423871 -0.384417 -0.347009 -0.311622 -0.278229 -0.246803 -0.217318 -0.189748 -0.164067 -0.140248 -0.118266 -0.098094 -0.0797081 -0.0630854 -0.048206 -0.0350509 -0.0235815 -0.0136341 -0.00440325 0.00803258 nan nan 
nan nan -2.59324 -2.58963 -2.5868 -2.58513 -2.5846 -2.5852 -2.58694 -2.58982 -2.59386 -2.59903 -2.60532 -2.61272 -2.6212 -2.63072 -2.64126 -2.65276 -2.66517 -2.67845 -2.69252 -2.70732 -2.72276 -2.73875 -2.75519 -2.77196 -2.78894 -2.80596 -2.82288 -2.83949 -2.8556 -2.87096 -2.8853 -2.89834 -2.90974 -2.91913 -2.92609 -2.93018 -2.93089 -2.92769 -2.92003 -2.9073 -2.88892 -2.86431 -2.83298 -2.79449 -2.74856 -2.69512 -2.63428 -2.56645 -2.49226 -2.41254 -2.3283 -2.24061 -2.15055 -2.05911 -1.96721 -1.87561 -1.78494 -1.69571 -1.60829 -1.52298 -1.43996 -1.35938 -1.28132 -1.20583 -1.13293 -1.0626 -0.994844 -0.92962 -0.866896 -0.806635 -0.748797 -0.69334 -0.640224 -0.589408 -0.540853 -0.494522 -0.450379 -0.408389 -0.368519 -0.330736 -0.295011 -0.261312 -0.229611 -0.199879 -0.172089 -0.146214 -0.122226 -0.100099 -0.0798094 -0.0613334 -0.044651 -0.0297456 -0.0166029 -0.00520251 0.00450569 0.0126137 0.0188631 nan nan 
nan nan -2.61024 -2.60881 -2.60745 -2.60685 -2.60727 -2.60881 -2.61151 -2.61538 -2.62045 -2.62669 -2.6341 -2.64266 -2.65235 -2.66315 -2.67501 -2.6879 -2.70178 -2.71658 -2.73226 -2.74874 -2.76594 -2.78378 -2.80216 -2.82097 -2.84007 -2.85933 -2.87858 -2.89763 -2.91628 -2.93428 -2.95136 -2.96723 -2.98151 -2.99384 -3.00375 -3.01076 -3.01431 -3.0138 -3.00857 -2.99792 -2.98115 -2.95753 -2.9264 -2.88719 -2.8395 -2.78315 -2.71826 -2.64529 -2.56502 -2.47853 -2.38709 -2.29205 -2.19476 -2.0964 -1.99803 -1.9005 -1.80448 -1.71046 -1.61882 -1.52978 -1.44351 -1.36009 -1.27956 -1.20192 -1.12714 -1.05518 -0.985991 -0.919519 -0.855703 -0.794484 -0.735802 -0.679602 -0.62583 -0.574433 -0.525363 -0.478575 -0.434026 -0.391675 -0.351483 -0.313414 -0.277433 -0.243509 -0.211608 -0.181701 -0.153759 -0.127753 -0.103655 -0.08144 -0.0610833 -0.042563 -0.0258607 -0.0109646 0.00212633 0.0133906 0.0227504 0.0299689 0.034363 nan nan 
nan nan -2.63021 -2.62941 -2.62882 -2.62902 -2.63028 -2.63269 -2.63631 -2.64115 -2.64722 -2.65451 -2.66302 -2.67274 -2.68364 -2.69569 -2.70888 -2.72316 -2.73849 -2.75483 -2.77212 -2.79029 -2.80927 -2.82899 -2.84934 -2.87022 -2.89151 -2.91307 -2.93473 -2.95633 -2.97764 -2.99843 -3.01843 -3.03732 -3.05474 -3.07028 -3.08347 -3.09377 -3.10058 -3.1032 -3.1009 -3.09284 -3.07816 -3.05596 -3.02537 -2.98564 -2.93615 -2.87661 -2.80708 -2.7281 -2.64066 -2.54615 -2.44624 -2.34267 -2.2371 -2.13097 -2.02549 -1.92159 -1.81993 -1.721 -1.6251 -1.53241 -1.443 -1.3569 -1.27407 -1.19447 -1.11801 -1.04462 -0.974205 -0.906677 -0.841952 -0.779949 -0.72059 -0.663803 -0.609521 -0.557682 -0.508228 -0.461105 -0.416265 -0.373659 -0.333247 -0.294986 -0.258841 -0.224775 -0.192754 -0.162746 -0.134722 -0.10865 -0.0845043 -0.0622576 -0.0418855 -0.0233657 -0.00667975 0.00818431 0.0212254 0.0324128 0.0416427 0.0486331 0.0527172 nan nan 
nan nan -2.65245 -2.65128 -2.65087 -2.65161 -2.65357 -2.65679 -2.66129 -2.66706 -2.67411 -2.68244 -2.69203 -2.70288 -2.71497 -2.72828 -2.74278 -2.75844 -2.77522 -2.79309 -2.81198 -2.83185 -2.85263 -2.87424 -2.89658 -2.91958 -2.9431 -2.96701 -2.99117 -3.0154 -3.03949 -3.06321 -3.08629 -3.10842 -3.12922 -3.14828 -3.16509 -3.17909 -3.18961 -3.1959 -3.19709 -3.19223 -3.18026 -3.16006 -3.13052 -3.09057 -3.03935 -2.97632 -2.90145 -2.81536 -2.7193 -2.61517 -2.50517 -2.39158 -2.2765 -2.16166 -2.04842 -1.93773 -1.83025 -1.72637 -1.6263 -1.5301 -1.43777 -1.34923 -1.26437 -1.18307 -1.1052 -1.03063 -0.959221 -0.890865 -0.825446 -0.762859 -0.703011 -0.645813 -0.591186 -0.539057 -0.489361 -0.442035 -0.397027 -0.354283 -0.313757 -0.275407 -0.239191 -0.205071 -0.173013 -0.142982 -0.114947 -0.0888786 -0.0647476 -0.0425273 -0.0221923 -0.00371916 0.0129136 0.0277244 0.0407266 0.0519235 0.0612904 0.0687075 0.0736548 nan nan 
nan -2.68773 -2.6773 -2.67385 -2.67325 -2.67441 -2.67704 -2.68105 -2.68639 -2.69307 -2.70108 -2.71042 -2.72107 -2.73303 -2.74629 -2.76083 -2.77663 -2.79365 -2.81187 -2.83126 -2.85176 -2.87332 -2.89589 -2.91939 -2.94375 -2.96888 -2.99466 -3.02098 -3.04769 -3.07463 -3.1016 -3.12838 -3.15471 -3.18027 -3.2047 -3.22758 -3.24838 -3.26651 -3.28126 -3.2918 -3.29717 -3.29624 -3.28777 -3.27036 -3.24255 -3.2029 -3.15013 -3.08334 -3.0023 -2.90765 -2.80108 -2.68516 -2.56296 -2.43752 -2.31148 -2.18692 -2.06528 -1.94752 -1.83416 -1.72545 -1.62143 -1.52204 -1.42713 -1.3365 -1.24996 -1.16731 -1.08835 -1.0129 -0.940788 -0.87187 -0.806002 -0.74306 -0.682932 -0.625517 -0.570724 -0.518471 -0.468685 -0.4213 -0.376254 -0.333494 -0.29297 -0.254634 -0.218446 -0.184365 -0.152355 -0.122381 -0.0944113 -0.0684152 -0.0443639 -0.0222299 -0.0019871 0.0163896 0.0329253 0.0476466 0.0605873 0.0718025 0.081415 0.0897775 0.0980929 0.111042 nan 
nan -2.69977 -2.69661 -2.69505 -2.69531 -2.6972 -2.70058 -2.70537 -2.71155 -2.71912 -2.72806 -2.73838 -2.75007 -2.76312 -2.77753 -2.79327 -2.81034 -2.82871 -2.84835 -2.86923 -2.89132 -2.91456 -2.93891 -2.96431 -2.99068 -3.01795 -3.04601 -3.07477 -3.10408 -3.13379 -3.16373 -3.19368 -3.2234 -3.25259 -3.28089 -3.30787 -3.33303 -3.35574 -3.37527 -3.39073 -3.40105 -3.40495 -3.40097 -3.38738 -3.3623 -3.32375 -3.26986 -3.19913 -3.1109 -3.00581 -2.88609 -2.75542 -2.61821 -2.47861 -2.33998 -2.20468 -2.07417 -1.94923 -1.83017 -1.71697 -1.60946 -1.50736 -1.41035 -1.31812 -1.23036 -1.14678 -1.06712 -0.991157 -0.918678 -0.8495 -0.783461 -0.720416 -0.66024 -0.602818 -0.548051 -0.495852 -0.446139 -0.398843 -0.3539 -0.311252 -0.270847 -0.232637 -0.196579 -0.162631 -0.130758 -0.100923 -0.0730952 -0.047243 -0.0233376 -0.00135161 0.0187414 0.0369674 0.053353 0.0679283 0.0807326 0.0918271 0.101323 0.109428 0.116471 0.122392 nan 
nan -2.71654 -2.71584 -2.71589 -2.71722 -2.71995 -2.72412 -2.72971 -2.73672 -2.74515 -2.755 -2.76627 -2.77897 -2.79308 -2.8086 -2.82552 -2.84384 -2.86352 -2.88455 -2.9069 -2.93055 -2.95546 -2.98157 -3.00885 -3.03722 -3.06662 -3.09697 -3.12817 -3.16011 -3.19264 -3.22561 -3.25882 -3.29206 -3.32503 -3.35741 -3.38878 -3.41865 -3.44641 -3.47129 -3.49238 -3.50853 -3.51831 -3.52003 -3.51161 -3.49065 -3.45446 -3.40029 -3.32566 -3.22911 -3.11099 -2.97434 -2.82472 -2.66871 -2.51212 -2.35911 -2.21221 -2.07265 -1.94081 -1.81658 -1.69956 -1.58927 -1.48516 -1.38673 -1.29352 -1.2051 -1.12111 -1.04122 -0.965167 -0.892693 -0.823595 -0.757689 -0.694817 -0.63484 -0.577637 -0.523103 -0.471144 -0.421676 -0.374627 -0.32993 -0.287527 -0.247363 -0.209392 -0.173569 -0.139852 -0.108206 -0.0785947 -0.0509863 -0.0253505 -0.00165858 0.0201165 0.0400007 0.0580193 0.074198 0.0885641 0.10115 0.111995 0.12115 0.128657 0.134459 0.138085 nan 
nan -2.73553 -2.73584 -2.73693 -2.73917 -2.74273 -2.74767 -2.75404 -2.76185 -2.77112 -2.78184 -2.79404 -2.80771 -2.82284 -2.83944 -2.85751 -2.87703 -2.89799 -2.92038 -2.94417 -2.96935 -2.99588 -3.02372 -3.05285 -3.0832 -3.11472 -3.14734 -3.18098 -3.21554 -3.25091 -3.28694 -3.32348 -3.36032 -3.39721 -3.43385 -3.46986 -3.50477 -3.53801 -3.56883 -3.59629 -3.61921 -3.63608 -3.64496 -3.64344 -3.62852 -3.59662 -3.5437 -3.46573 -3.35965 -3.22496 -3.06569 -2.89082 -2.71081 -2.53385 -2.3648 -2.20592 -2.05773 -1.91985 -1.7915 -1.67176 -1.55972 -1.45458 -1.3556 -1.26218 -1.17379 -1.09 -1.01042 -0.934733 -0.862681 -0.794031 -0.728587 -0.666181 -0.606668 -0.549922 -0.495835 -0.444311 -0.395266 -0.348625 -0.304323 -0.2623 -0.222504 -0.184887 -0.149405 -0.116019 -0.0846912 -0.0553883 -0.0280785 -0.00273223 0.0206782 0.042179 0.061795 0.07955 0.0954666 0.109567 -6.16131 -6.15079 -6.14203 -6.13509 -6.13008 -6.12733 nan 
nan -2.75573 -2.75653 -2.75831 -2.76128 -2.76555 -2.77122 -2.77833 -2.78691 -2.79697 -2.80854 -2.82162 -2.83622 -2.85234 -2.86999 -2.88916 -2.90984 -2.93204 -2.95574 -2.98093 -3.00759 -3.0357 -3.06523 -3.09616 -3.12845 -3.16205 -3.1969 -3.23295 -3.27012 -3.30832 -3.34743 -3.38731 -3.4278 -3.46869 -3.50972 -3.55056 -3.5908 -3.62991 -3.6672 -3.70177 -3.73246 -3.75771 -3.77547 -3.78301 -3.77672 -3.75196 -3.70301 -3.62332 -3.5068 -3.35054 -3.15952 -2.94949 -2.73836 -2.53738 -2.35136 -2.18117 -2.02582 -1.88367 -1.75296 -1.63211 -1.51977 -1.41484 -1.31639 -1.22369 -1.13613 -1.05321 -0.974517 -0.899723 -0.82854 -0.760731 -0.696095 -0.634463 -0.575688 -0.519646 -0.466227 -0.415338 -0.366896 -0.320828 -0.277071 -0.235568 -0.196266 -0.15912 -0.124087 -0.0911304 -0.0602136 -0.0313043 -0.0043721 -6.26257 -6.23951 -6.21835 -6.19906 -6.18162 -6.16602 -6.15223 -6.14025 -6.13006 -6.1217 -6.1152 -6.11068 -6.10832 nan 
nan -2.77662 -2.77772 -2.77999 -2.78353 -2.78843 -2.79475 -2.80255 -2.81185 -2.82267 -2.83504 -2.84896 -2.86446 -2.88152 -2.90016 -2.92039 -2.9422 -2.96558 -2.99054 -3.01707 -3.04516 -3.0748 -3.10597 -3.13865 -3.17281 -3.20843 -3.24547 -3.28388 -3.32361 -3.36459 -3.40673 -3.44994 -3.49409 -3.53901 -3.5845 -3.6303 -3.67606 -3.72134 -3.76555 -3.8079 -3.8473 -3.88228 -3.91078 -3.92991 -3.9356 -3.92215 -3.88172 -3.8041 -3.67756 -3.49284 -3.25402 -2.99214 -2.74054 -2.51282 -2.31093 -2.13221 -1.97291 -1.82949 -1.69906 -1.57933 -1.46855 -1.36535 -1.2687 -1.17777 -1.09191 -1.0106 -0.933441 -0.860077 -0.790231 -0.72367 -0.660201 -0.599658 -0.5419 -0.48681 -0.434283 -0.38423 -0.336574 -0.291246 -0.248185 -6.49052 -6.45184 -6.41528 -6.38081 -6.34838 -6.31797 -6.28954 -6.26306 -6.23851 -6.21587 -6.1951 -6.1762 -6.15913 -6.14388 -6.13044 -6.11881 -6.10897 -6.10096 -6.09481 -6.09062 -6.08847 nan 
nan -2.7979 -2.79921 -2.80186 -2.80588 -2.81132 -2.81823 -2.82666 -2.83663 -2.84817 -2.86129 -2.87602 -2.89236 -2.91032 -2.92991 -2.95114 -2.97401 -2.99853 -3.0247 -3.05251 -3.08197 -3.11306 -3.1458 -3.18015 -3.21612 -3.25369 -3.29283 -3.33352 -3.37573 -3.41942 -3.46453 -3.51101 -3.55875 -3.60767 -3.65761 -3.7084 -3.75977 -3.81141 -3.86285 -3.91347 -3.96238 -4.00831 -4.04941 -4.08291 -4.10464 -4.10818 -4.08362 -4.01595 -3.88376 -3.66209 -3.34412 -2.99989 -2.69788 -2.44515 -2.23331 -2.05253 -1.89494 -1.75487 -1.62833 -1.51255 -1.40552 -1.30581 -1.21235 -1.12432 -1.0411 -0.962187 -0.8872 -0.815819 -0.747785 -0.682884 -0.620939 -0.561799 -6.78852 -6.73463 -6.68322 -6.6342 -6.58751 -6.54309 -6.50087 -6.46082 -6.42289 -6.38703 -6.35322 -6.32142 -6.2916 -6.26373 -6.23779 -6.21375 -6.19158 -6.17128 -6.15281 -6.13616 -6.12132 -6.10826 -6.09699 -6.0875 -6.07982 -6.07396 -6.06999 -6.06797 nan 
nan -2.81933 -2.82085 -2.82382 -2.82825 -2.83417 -2.84162 -2.85063 -2.86122 -2.87342 -2.88726 -2.90273 -2.91987 -2.93867 -2.95916 -2.98134 -3.00522 -3.03081 -3.05811 -3.08714 -3.11789 -3.15037 -3.18459 -3.22054 -3.25822 -3.29764 -3.33879 -3.38166 -3.42625 -3.47253 -3.5205 -3.57012 -3.62135 -3.67416 -3.72845 -3.78414 -3.84109 -3.8991 -3.95788 -4.01704 -4.07597 -4.13375 -4.18901 -4.2395 -4.28161 -4.30915 -4.31134 -4.26868 -4.14582 -3.88159 -3.4145 -2.92654 -2.57502 -2.31297 -2.10676 -1.93601 -1.78885 -1.65831 -1.54011 -1.4315 -1.33066 -1.23629 -1.14746 -1.06349 -0.983835 -7.19127 -7.11911 -7.05025 -6.98449 -6.92165 -6.86158 -6.80415 -6.74926 -6.69681 -6.64673 -6.59894 -6.55339 -6.51003 -6.46881 -6.42968 -6.39261 -6.35757 -6.32453 -6.29345 -6.26431 -6.23709 -6.21176 -6.18829 -6.16668 -6.1469 -6.12892 -6.11274 -6.09834 -6.08569 -6.07481 -6.06568 -6.0583 -6.0527 -6.04889 -6.04694 nan 
nan -2.84073 -2.8425 -2.84578 -2.85058 -2.85693 -2.86486 -2.8744 -2.88557 -2.89839 -2.91288 -2.92906 -2.94694 -2.96654 -2.98786 -3.01093 -3.03575 -3.06234 -3.09071 -3.12088 -3.15284 -3.18662 -3.22223 -3.25968 -3.29897 -3.34013 -3.38316 -3.42809 -3.47491 -3.52365 -3.57431 -3.62691 -3.68146 -3.73796 -3.79642 -3.85682 -3.91914 -3.98334 -4.04932 -4.11695 -4.18597 -4.25596 -4.32622 -4.39552 -4.46161 -4.52028 -4.56294 -4.57068 -4.49733 -4.2084 nan -2.6376 -2.31079 -2.0913 -1.92204 -1.77975 -1.65416 -1.5402 -7.7182 -7.62004 -7.52774 -7.44049 -7.35768 -7.27884 -7.20364 -7.13178 -7.06303 -6.99721 -6.93417 -6.87377 -6.8159 -6.76047 -6.7074 -6.65662 -6.60807 -6.56171 -6.51747 -6.47532 -6.43523 -6.39716 -6.36108 -6.32696 -6.29478 -6.26452 -6.23615 -6.20965 -6.185 -6.16218 -6.14118 -6.12198 -6.10455 -6.08888 -6.07496 -6.06277 -6.0523 -6.04353 -6.03647 -6.0311 -6.02741 -6.02544 nan 
-2.86019 -2.86185 -2.86409 -2.86768 -2.87281 -2.87954 -2.8879 -2.89793 -2.90963 -2.92302 -2.93813 -2.95496 -2.97353 -2.99386 -3.01596 -3.03985 -3.06555 -3.09307 -3.12243 -3.15364 -3.18673 -3.22172 -3.25861 -3.29744 -3.33823 -3.381 -3.42578 -3.4726 -3.5215 -3.5725 -3.62567 -3.68103 -3.73865 -3.79859 -3.86092 -3.92571 -3.99306 -4.06305 -4.13581 -4.21145 -4.2901 -4.37188 -4.45688 -4.54514 -4.63649 -4.73032 -4.82482 -4.91491 -4.98529 nan nan nan -8.12689 -8.0565 -7.96641 -7.87191 -7.77808 -7.68673 -7.59848 -7.51347 -7.43169 -7.35305 -7.27741 -7.20465 -7.13465 -7.06731 -7.00251 -6.94019 -6.88025 -6.82263 -6.76726 -6.7141 -6.66309 -6.61419 -6.56737 -6.52259 -6.47982 -6.43903 -6.4002 -6.36331 -6.32833 -6.29524 -6.26402 -6.23466 -6.20714 -6.18144 -6.15755 -6.13545 -6.11512 -6.09655 -6.07972 -6.06462 -6.05122 -6.03952 -6.0295 -6.02113 -6.0144 -6.00927 -6.00569 -6.00344 -6.00178 
nan -2.88385 -2.88582 -2.8895 -2.89488 -2.90194 -2.91071 -2.92118 -2.93337 -2.94729 -2.96296 -2.98038 -2.99959 -3.02059 -3.04341 -3.06806 -3.09455 -3.12292 -3.15319 -3.18537 -3.21948 -3.25556 -3.29363 -3.33373 -3.37587 -3.42011 -3.46648 -3.51503 -3.56581 -3.61888 -3.67431 -3.73217 -3.79258 -3.85562 -3.92144 -3.99018 -4.06205 -4.13725 -4.21608 -4.2989 -4.38615 -4.47845 -4.57661 -4.68179 -4.79575 -4.92134 -5.06364 -5.23289 -5.45238 -5.77919 nan -7.34999 -7.63893 -7.71228 -7.70453 -7.66188 -7.60321 -7.53711 -7.46781 -7.39755 -7.32756 -7.25854 -7.19091 -7.12493 -7.06073 -6.99841 -6.93801 -6.87955 -6.82305 -6.7685 -6.7159 -6.66524 -6.6165 -6.56968 -6.52476 -6.48172 -6.44056 -6.40127 -6.36382 -6.32822 -6.29444 -6.26247 -6.23231 -6.20394 -6.17735 -6.15252 -6.12945 -6.10813 -6.08853 -6.07065 -6.05447 -6.03998 -6.02716 -6.01599 -6.00645 -5.99852 -5.99217 -5.98737 -5.98409 -5.98233 nan 
nan -2.90535 -2.9073 -2.9111 -2.91671 -2.92408 -2.93322 -2.9441 -2.95674 -2.97115 -2.98733 -3.0053 -3.02509 -3.0467 -3.07016 -3.0955 -3.12272 -3.15186 -3.18294 -3.21598 -3.25102 -3.28809 -3.32722 -3.36844 -3.4118 -3.45735 -3.50513 -3.55522 -3.60767 -3.66256 -3.71999 -3.78006 -3.8429 -3.90866 -3.97751 -4.04968 -4.12543 -4.20508 -4.28906 -4.37788 -4.47225 -4.57309 -4.6817 -4.7999 -4.93044 -5.0776 -5.24835 -5.45456 -5.71661 -6.06813 -6.55609 -7.02318 -7.28741 -7.41027 -7.45293 -7.45075 -7.4232 -7.3811 -7.3306 -7.27535 -7.21756 -7.15863 -7.09948 -7.04069 -6.98268 -6.92574 -6.87005 -6.81575 -6.76295 -6.71171 -6.66209 -6.61412 -6.56784 -6.52325 -6.48038 -6.43923 -6.39982 -6.36213 -6.32618 -6.29197 -6.25948 -6.22873 -6.19971 -6.1724 -6.14681 -6.12293 -6.10075 -6.08027 -6.06146 -6.04433 -6.02885 -6.01502 -6.00281 -5.99222 -5.98321 -5.97576 -5.96984 -5.96541 -5.96244 -5.96093 nan 
nan -2.92638 -2.9284 -2.93237 -2.93822 -2.94591 -2.9554 -2.96667 -2.97972 -2.99457 -3.01122 -3.02969 -3.04999 -3.07215 -3.09619 -3.12214 -3.15 -3.17982 -3.21163 -3.24544 -3.28129 -3.31923 -3.35928 -3.4015 -3.44592 -3.49261 -3.54163 -3.59304 -3.64693 -3.70339 -3.76253 -3.82448 -3.88938 -3.95741 -4.02879 -4.10378 -4.18269 -4.26591 -4.35394 -4.44741 -4.54711 -4.65414 -4.76992 -4.89646 -5.03653 -5.19412 -5.3749 -5.58674 -5.83948 -6.14148 -6.48571 -6.80369 -7.02536 -7.15754 -7.22521 -7.24977 -7.24623 -7.22451 -7.191 -7.1499 -7.10397 -7.05506 -7.00444 -6.953 -6.90136 -6.84999 -6.79921 -6.74926 -6.70035 -6.6526 -6.60612 -6.56101 -6.51732 -6.47511 -6.43442 -6.39528 -6.35771 -6.32174 -6.28739 -6.25466 -6.22356 -6.1941 -6.16629 -6.14012 -6.1156 -6.09273 -6.0715 -6.05191 -6.03395 -6.01761 -6.00289 -5.98976 -5.97822 -5.96825 -5.95983 -5.95291 -5.94747 -5.94345 -5.9408 -5.93949 nan 
nan -2.94688 -2.94902 -2.95322 -2.95937 -2.96738 -2.97721 -2.98885 -3.00229 -3.01754 -3.0346 -3.05351 -3.07428 -3.09692 -3.12147 -3.14794 -3.17637 -3.20679 -3.23922 -3.27369 -3.31025 -3.34893 -3.38978 -3.43284 -3.47817 -3.52582 -3.57588 -3.6284 -3.68349 -3.74125 -3.80179 -3.86526 -3.93182 -4.00167 -4.07503 -4.1522 -4.2335 -4.31936 -4.41029 -4.50695 -4.61014 -4.72093 -4.84065 -4.97108 -5.1145 -5.2738 -5.45252 -5.65441 -5.88213 -6.13373 -6.39562 -6.63443 -6.81915 -6.9457 -7.02332 -7.06374 -7.07719 -7.0715 -7.05237 -7.02387 -6.98889 -6.94949 -6.90714 -6.86294 -6.81765 -6.77189 -6.7261 -6.6806 -6.63568 -6.59154 -6.54832 -6.50618 -6.4652 -6.42547 -6.38706 -6.35002 -6.3144 -6.28024 -6.24756 -6.21639 -6.18676 -6.15867 -6.13214 -6.10717 -6.08379 -6.06198 -6.04176 -6.02311 -6.00605 -5.99056 -5.97663 -5.96426 -5.95344 -5.94414 -5.93635 -5.93002 -5.92512 -5.92158 -5.91931 -5.91821 nan 
nan -2.96673 -2.96909 -2.9736 -2.9801 -2.98847 -2.99865 -3.01064 -3.02443 -3.04003 -3.05747 -3.07676 -3.09792 -3.12098 -3.14596 -3.1729 -3.20181 -3.23272 -3.26568 -3.30071 -3.33786 -3.37716 -3.41866 -3.46242 -3.50849 -3.55693 -3.60782 -3.66124 -3.71728 -3.77606 -3.83769 -3.90232 -3.97013 -4.04132 -4.11611 -4.1948 -4.27772 -4.36528 -4.45799 -4.55643 -4.66137 -4.7737 -4.89455 -5.02526 -5.16742 -5.32276 -5.49295 -5.67897 -5.87995 -6.09108 -6.30111 -6.49214 -6.6484 -6.76492 -6.8446 -6.89356 -6.91831 -6.9246 -6.91707 -6.89931 -6.87405 -6.84336 -6.80879 -6.7715 -6.7324 -6.69216 -6.65131 -6.61028 -6.56939 -6.5289 -6.48902 -6.44991 -6.41172 -6.37455 -6.3385 -6.30364 -6.27004 -6.23776 -6.20683 -6.17729 -6.14918 -6.12252 -6.09733 -6.07363 -6.05144 -6.03075 -6.01158 -5.99393 -5.97781 -5.96321 -5.95013 -5.93856 -5.9285 -5.91992 -5.91281 -5.90715 -5.90287 -5.89991 -5.89812 -5.89732 nan 
nan -2.98573 -2.98848 -2.99349 -3.00044 -3.00919 -3.01972 -3.03203 -3.04613 -3.06204 -3.0798 -3.09941 -3.12091 -3.14432 -3.16967 -3.19698 -3.22628 -3.25761 -3.291 -3.32648 -3.3641 -3.40389 -3.44592 -3.49022 -3.53686 -3.5859 -3.63743 -3.69151 -3.74826 -3.80777 -3.87018 -3.93562 -4.00427 -4.07633 -4.15201 -4.23159 -4.31539 -4.40377 -4.49719 -4.59617 -4.70132 -4.81335 -4.93309 -5.06144 -5.19932 -5.34751 -5.5064 -5.67544 -5.8524 -6.03241 -6.20729 -6.36655 -6.50124 -6.60733 -6.68529 -6.73821 -6.77012 -6.78504 -6.78656 -6.77767 -6.76081 -6.73788 -6.71042 -6.6796 -6.64636 -6.61145 -6.57544 -6.5388 -6.50191 -6.46507 -6.42854 -6.3925 -6.35713 -6.32257 -6.28893 -6.25631 -6.22479 -6.19444 -6.16532 -6.13747 -6.11094 -6.08576 -6.06197 -6.03958 -6.01862 -5.9991 -5.98104 -5.96443 -5.9493 -5.93563 -5.92344 -5.91271 -5.90344 -5.89563 -5.88926 -5.88432 -5.88077 -5.87853 -5.87743 -5.87713 nan 
nan -3.00351 -3.00713 -3.01294 -3.02044 -3.0296 -3.04044 -3.05303 -3.06739 -3.08357 -3.10159 -3.12148 -3.14325 -3.16694 -3.19258 -3.22019 -3.2498 -3.28144 -3.31516 -3.35098 -3.38896 -3.42912 -3.47152 -3.51622 -3.56327 -3.61274 -3.6647 -3.71923 -3.77643 -3.83641 -3.89928 -3.96519 -4.03429 -4.10676 -4.18282 -4.2627 -4.34669 -4.43511 -4.52832 -4.62675 -4.73086 -4.84116 -4.95817 -5.0824 -5.21424 -5.3538 -5.5007 -5.65371 -5.8103 -5.96631 -6.11594 -6.25259 -6.3707 -6.46726 -6.54188 -6.59606 -6.63224 -6.6532 -6.66162 -6.65991 -6.65012 -6.63398 -6.61289 -6.588 -6.56024 -6.53037 -6.499 -6.46662 -6.43365 -6.40042 -6.3672 -6.33423 -6.3017 -6.26976 -6.23857 -6.20822 -6.17881 -6.15044 -6.12316 -6.09705 -6.07215 -6.0485 -6.02614 -6.00511 -5.98543 -5.96712 -5.95019 -5.93467 -5.92056 -5.90787 -5.89659 -5.88674 -5.87831 -5.8713 -5.86571 -5.86155 -5.85881 -5.85748 -5.85744 -5.85813 nan 
nan -3.0192 -3.02512 -3.03216 -3.04027 -3.04977 -3.06086 -3.07366 -3.08824 -3.10463 -3.12285 -3.14294 -3.16493 -3.18884 -3.21469 -3.24252 -3.27235 -3.30422 -3.33817 -3.37423 -3.41244 -3.45284 -3.49549 -3.54044 -3.58773 -3.63744 -3.68964 -3.74441 -3.80183 -3.86201 -3.92505 -3.99109 -4.06027 -4.13275 -4.20871 -4.28837 -4.37195 -4.45971 -4.55194 -4.64895 -4.75105 -4.85857 -4.97176 -5.09082 -5.21576 -5.34627 -5.48157 -5.62021 -5.7598 -5.89702 -6.02768 -6.1474 -6.2525 -6.34072 -6.41145 -6.46534 -6.50389 -6.52897 -6.54256 -6.54655 -6.54264 -6.53232 -6.51686 -6.49733 -6.47462 -6.44946 -6.42248 -6.39418 -6.365 -6.33528 -6.30532 -6.27538 -6.24567 -6.21636 -6.18761 -6.15954 -6.13228 -6.1059 -6.08051 -6.05615 -6.03291 -6.01082 -5.98994 -5.9703 -5.95193 -5.93486 -5.91912 -5.90471 -5.89166 -5.87997 -5.86966 -5.86071 -5.85315 -5.84696 -5.84217 -5.83879 -5.8369 -5.83664 -5.83821 -5.84136 nan 
nan -3.03055 -3.0435 -3.05182 -3.06018 -3.06979 -3.08101 -3.09395 -3.10867 -3.1252 -3.14358 -3.16382 -3.18596 -3.21001 -3.236 -3.26397 -3.29395 -3.32596 -3.36004 -3.39623 -3.43456 -3.47509 -3.51785 -3.56289 -3.61028 -3.66006 -3.71232 -3.76711 -3.82453 -3.88465 -3.94759 -4.01346 -4.08238 -4.15449 -4.22994 -4.3089 -4.39155 -4.47809 -4.56872 -4.66364 -4.76303 -4.86704 -4.97575 -5.08911 -5.20688 -5.32851 -5.45307 -5.57911 -5.70455 -5.82676 -5.94267 -6.04924 -6.14389 -6.22494 -6.29172 -6.3445 -6.38415 -6.41195 -6.42936 -6.43784 -6.43876 -6.43339 -6.42285 -6.4081 -6.38997 -6.36917 -6.3463 -6.32186 -6.2963 -6.26997 -6.24319 -6.21622 -6.18928 -6.16257 -6.13625 -6.11047 -6.08534 -6.06098 -6.03748 -6.01491 -5.99335 -5.97285 -5.95347 -5.93524 -5.91822 -5.90242 -5.88789 -5.87463 -5.86266 -5.85201 -5.84267 -5.83467 -5.82798 -5.82264 -5.81864 -5.816 -5.81484 -5.81545 -5.8189 -5.82933 nan 
nan nan -3.06794 -3.07289 -3.0803 -3.08967 -3.10087 -3.11387 -3.12868 -3.14531 -3.16378 -3.18412 -3.20634 -3.23047 -3.25654 -3.28457 -3.31461 -3.34666 -3.38078 -3.417 -3.45535 -3.49588 -3.53862 -3.58363 -3.63095 -3.68065 -3.73278 -3.78741 -3.8446 -3.90445 -3.96704 -4.03246 -4.10081 -4.17222 -4.24679 -4.32467 -4.40596 -4.49082 -4.57936 -4.6717 -4.76789 -4.86796 -4.97184 -5.07932 -5.19001 -5.30326 -5.41809 -5.53318 -5.64676 -5.75676 -5.8609 -5.95695 -6.04305 -6.11791 -6.18094 -6.23216 -6.27211 -6.30166 -6.32185 -6.33382 -6.33869 -6.33749 -6.3312 -6.32068 -6.30668 -6.28987 -6.27081 -6.25001 -6.22788 -6.2048 -6.18108 -6.15699 -6.13276 -6.1086 -6.08469 -6.06117 -6.03818 -6.01583 -5.99422 -5.97345 -5.95358 -5.93468 -5.91682 -5.90003 -5.88437 -5.86987 -5.85656 -5.84448 -5.83363 -5.82403 -5.81571 -5.80865 -5.80288 -5.79839 -5.79516 -5.7932 -5.79247 -5.79287 -5.79404 nan nan 
nan nan -3.08888 -3.09296 -3.09995 -3.10918 -3.12037 -3.13341 -3.14827 -3.16496 -3.18348 -3.20385 -3.2261 -3.25024 -3.27631 -3.30434 -3.33435 -3.36637 -3.40043 -3.43658 -3.47484 -3.51525 -3.55786 -3.6027 -3.64982 -3.69927 -3.75111 -3.8054 -3.86218 -3.92154 -3.98354 -4.04827 -4.1158 -4.18621 -4.25961 -4.33606 -4.41567 -4.49849 -4.58459 -4.674 -4.7667 -4.8626 -4.96153 -5.06318 -5.16709 -5.27257 -5.37869 -5.48427 -5.58784 -5.68774 -5.78225 -5.86969 -5.94868 -6.0182 -6.07774 -6.12723 -6.16697 -6.19755 -6.21975 -6.23443 -6.24249 -6.2448 -6.24217 -6.23537 -6.22507 -6.21188 -6.19633 -6.17891 -6.16002 -6.14002 -6.11923 -6.09792 -6.07633 -6.05466 -6.0331 -6.01181 -5.99093 -5.97058 -5.95086 -5.93188 -5.91371 -5.89642 -5.88009 -5.86475 -5.85047 -5.83729 -5.82523 -5.81433 -5.80461 -5.7961 -5.78881 -5.78274 -5.7779 -5.77428 -5.77187 -5.77062 -5.77041 -5.771 -5.7718 nan nan 
nan nan -3.10723 -3.11162 -3.11884 -3.1282 -3.13947 -3.15256 -3.16745 -3.18416 -3.20268 -3.22303 -3.24525 -3.26935 -3.29535 -3.32329 -3.3532 -3.3851 -3.41903 -3.45501 -3.49308 -3.53327 -3.57562 -3.62017 -3.66696 -3.71603 -3.76742 -3.82119 -3.87739 -3.93608 -3.9973 -4.06111 -4.12758 -4.19677 -4.26873 -4.34351 -4.42116 -4.50169 -4.5851 -4.67137 -4.76041 -4.85205 -4.94607 -5.04209 -5.13962 -5.23799 -5.33635 -5.43365 -5.52868 -5.62012 -5.70661 -5.78688 -5.85985 -5.92474 -5.98109 -6.02878 -6.06799 -6.09912 -6.12274 -6.13952 -6.15016 -6.15539 -6.1559 -6.15235 -6.14534 -6.13543 -6.12311 -6.10882 -6.09296 -6.07587 -6.05787 -6.03922 -6.02017 -6.00092 -5.98166 -5.96256 -5.94375 -5.92537 -5.90753 -5.89033 -5.87385 -5.85818 -5.84337 -5.8295 -5.8166 -5.80474 -5.79395 -5.78425 -5.77569 -5.76828 -5.76204 -5.75698 -5.7531 -5.7504 -5.74886 -5.74844 -5.74904 -5.7504 -5.75184 nan nan 
nan nan -3.12273 -3.12898 -3.13709 -3.1468 -3.1582 -3.17134 -3.18624 -3.20293 -3.2214 -3.24169 -3.26382 -3.28781 -3.31368 -3.34147 -3.3712 -3.4029 -3.4366 -3.47233 -3.51011 -3.54998 -3.59197 -3.63611 -3.68245 -3.731 -3.78182 -3.83493 -3.89039 -3.94823 -4.00849 -4.07121 -4.13644 -4.2042 -4.27452 -4.34743 -4.42292 -4.50097 -4.58155 -4.66457 -4.74989 -4.8373 -4.92654 -5.0172 -5.1088 -5.2007 -5.29214 -5.3822 -5.46989 -5.55413 -5.63385 -5.70805 -5.77588 -5.83671 -5.89016 -5.93608 -5.97457 -6.00591 -6.03051 -6.04889 -6.06162 -6.06929 -6.07248 -6.07177 -6.06769 -6.06072 -6.05134 -6.03994 -6.0269 -6.01255 -5.99719 -5.98108 -5.96447 -5.94756 -5.93053 -5.91356 -5.89679 -5.88035 -5.86435 -5.84891 -5.83411 -5.82004 -5.80676 -5.79435 -5.78285 -5.77232 -5.76279 -5.75431 -5.74691 -5.74062 -5.73545 -5.73142 -5.72853 -5.72679 -5.72619 -5.72672 -5.72839 -5.73122 -5.73483 nan nan 
nan nan -3.13356 -3.146 -3.15523 -3.16517 -3.17664 -3.1898 -3.20468 -3.2213 -3.23969 -3.25986 -3.28184 -3.30566 -3.33134 -3.35891 -3.3884 -3.41982 -3.45322 -3.4886 -3.52601 -3.56546 -3.60699 -3.65062 -3.69639 -3.74431 -3.79442 -3.84675 -3.90132 -3.95818 -4.01733 -4.07881 -4.14263 -4.2088 -4.27734 -4.34822 -4.42142 -4.49689 -4.57455 -4.65427 -4.73589 -4.81917 -4.90382 -4.98945 -5.07557 -5.1616 -5.24686 -5.33057 -5.41189 -5.48994 -5.56385 -5.63284 -5.69622 -5.75349 -5.8043 -5.84852 -5.88618 -5.91749 -5.94274 -5.96235 -5.97676 -5.98646 -5.99195 -5.99371 -5.99222 -5.9879 -5.98119 -5.97244 -5.96202 -5.95023 -5.93736 -5.92367 -5.90939 -5.89472 -5.87985 -5.86495 -5.85016 -5.83562 -5.82144 -5.80774 -5.7946 -5.78212 -5.77036 -5.7594 -5.74928 -5.74008 -5.73183 -5.72457 -5.71835 -5.71318 -5.70909 -5.70611 -5.70424 -5.70348 -5.70384 -5.70532 -5.70807 -5.71278 -5.723 nan nan 
nan nan nan -3.16768 -3.17414 -3.18351 -3.19487 -3.20798 -3.2228 -3.23932 -3.25757 -3.27757 -3.29935 -3.32294 -3.34837 -3.37565 -3.40482 -3.4359 -3.46892 -3.50389 -3.54084 -3.57979 -3.62076 -3.66379 -3.70888 -3.75606 -3.80536 -3.85679 -3.91037 -3.96611 -4.02403 -4.08414 -4.14643 -4.2109 -4.27753 -4.34628 -4.41711 -4.48993 -4.56463 -4.64108 -4.71907 -4.79837 -4.87867 -4.95958 -5.04065 -5.12136 -5.2011 -5.27919 -5.35494 -5.42761 -5.49651 -5.56098 -5.62048 -5.67458 -5.72299 -5.76559 -5.80239 -5.8335 -5.85916 -5.8797 -5.89546 -5.90686 -5.91431 -5.91822 -5.91902 -5.91708 -5.91278 -5.90647 -5.89847 -5.88907 -5.87855 -5.86714 -5.85508 -5.84256 -5.82976 -5.81686 -5.804 -5.79131 -5.77891 -5.76691 -5.75541 -5.7445 -5.73424 -5.72472 -5.71599 -5.70811 -5.70113 -5.6951 -5.69004 -5.68601 -5.68302 -5.68109 -5.68025 -5.6805 -5.68182 -5.68415 -5.68725 -5.69031 nan nan nan 
nan nan nan -3.1844 -3.19163 -3.20135 -3.21281 -3.22591 -3.24064 -3.25702 -3.27508 -3.29486 -3.31639 -3.33969 -3.3648 -3.39174 -3.42053 -3.4512 -3.48377 -3.51825 -3.55466 -3.59303 -3.63337 -3.6757 -3.72004 -3.76639 -3.81478 -3.8652 -3.91768 -3.97221 -4.0288 -4.08744 -4.1481 -4.21078 -4.27542 -4.34198 -4.41039 -4.48054 -4.55231 -4.62554 -4.70002 -4.7755 -4.85168 -4.9282 -5.00464 -5.08052 -5.1553 -5.22841 -5.29925 -5.36721 -5.43172 -5.49223 -5.54831 -5.59959 -5.64583 -5.68691 -5.7228 -5.75361 -5.77951 -5.80074 -5.81759 -5.8304 -5.83953 -5.84532 -5.84813 -5.84832 -5.84622 -5.84213 -5.83637 -5.82919 -5.82087 -5.81162 -5.80166 -5.79119 -5.78039 -5.76942 -5.75842 -5.74753 -5.73686 -5.72654 -5.71664 -5.70727 -5.6985 -5.6904 -5.68304 -5.67648 -5.67076 -5.66594 -5.66206 -5.65915 -5.65726 -5.6564 -5.65661 -5.6579 -5.66027 -5.66368 -5.66798 -5.67239 nan nan nan 
nan nan nan -3.19547 -3.20814 -3.21892 -3.2306 -3.24367 -3.25827 -3.27445 -3.29227 -3.31177 -3.33299 -3.35595 -3.38069 -3.40723 -3.43558 -3.46577 -3.49783 -3.53175 -3.56756 -3.60528 -3.64491 -3.68647 -3.72997 -3.77541 -3.8228 -3.87215 -3.92344 -3.97668 -4.03185 -4.08894 -4.14791 -4.20873 -4.27134 -4.33567 -4.40165 -4.46914 -4.53802 -4.60812 -4.67921 -4.75107 -4.82339 -4.89583 -4.968 -5.03949 -5.10981 -5.17847 -5.24495 -5.30876 -5.36939 -5.42642 -5.47946 -5.52821 -5.57247 -5.61211 -5.64712 -5.67756 -5.70355 -5.72529 -5.74302 -5.75701 -5.76757 -5.77499 -5.7796 -5.78169 -5.78157 -5.77952 -5.77582 -5.77071 -5.76443 -5.75721 -5.74925 -5.74074 -5.73185 -5.72273 -5.71353 -5.70438 -5.6954 -5.6867 -5.67838 -5.67052 -5.66321 -5.65651 -5.6505 -5.64524 -5.64078 -5.63716 -5.63444 -5.63266 -5.63186 -5.63207 -5.63333 -5.63567 -5.63914 -5.64382 -5.65011 -5.66044 nan nan nan 
nan nan nan nan -3.22803 -3.23707 -3.24846 -3.26136 -3.27575 -3.29167 -3.30919 -3.32835 -3.3492 -3.37177 -3.39608 -3.42216 -3.45002 -3.47968 -3.51116 -3.54447 -3.57962 -3.61662 -3.65548 -3.6962 -3.73879 -3.78325 -3.82958 -3.87777 -3.92782 -3.9797 -4.03339 -4.08887 -4.1461 -4.20502 -4.26557 -4.32767 -4.39122 -4.4561 -4.52216 -4.58922 -4.65709 -4.72551 -4.7942 -4.86285 -4.93112 -4.9986 -5.06489 -5.12955 -5.19215 -5.25225 -5.30945 -5.36337 -5.4137 -5.46017 -5.50262 -5.54093 -5.57507 -5.60508 -5.63107 -5.65318 -5.67161 -5.68659 -5.69838 -5.70723 -5.71342 -5.71722 -5.7189 -5.71871 -5.7169 -5.7137 -5.70935 -5.70403 -5.69796 -5.6913 -5.68423 -5.67689 -5.66942 -5.66196 -5.65461 -5.6475 -5.6407 -5.63433 -5.62844 -5.62313 -5.61845 -5.61447 -5.61124 -5.60882 -5.60725 -5.60658 -5.60685 -5.60811 -5.61041 -5.61379 -5.61829 -5.62385 -5.62967 nan nan nan nan 
nan nan nan nan -3.2404 -3.25436 -3.26628 -3.27904 -3.29313 -3.30872 -3.32587 -3.34464 -3.36507 -3.38719 -3.41102 -3.43659 -3.4639 -3.49299 -3.52384 -3.55648 -3.59091 -3.62714 -3.66517 -3.70499 -3.74662 -3.79004 -3.83525 -3.88224 -3.93097 -3.98145 -4.03362 -4.08746 -4.14291 -4.19991 -4.2584 -4.31827 -4.37943 -4.44175 -4.50507 -4.56923 -4.63401 -4.69918 -4.76448 -4.82962 -4.89428 -4.95811 -5.02074 -5.0818 -5.14091 -5.19771 -5.25183 -5.30297 -5.35086 -5.39527 -5.43606 -5.47312 -5.50642 -5.53598 -5.56189 -5.58426 -5.60325 -5.61907 -5.63191 -5.64201 -5.6496 -5.65493 -5.65823 -5.65974 -5.65967 -5.65825 -5.65568 -5.65216 -5.64787 -5.64297 -5.63763 -5.63199 -5.62619 -5.62035 -5.61458 -5.609 -5.6037 -5.59877 -5.59429 -5.59033 -5.58695 -5.58423 -5.58222 -5.58096 -5.58052 -5.58094 -5.58227 -5.58455 -5.58786 -5.59224 -5.59784 -5.6051 -5.61659 nan nan nan nan 
nan nan nan nan nan -3.27515 -3.28474 -3.29683 -3.31048 -3.32564 -3.34236 -3.36067 -3.38063 -3.40225 -3.42556 -3.45057 -3.47729 -3.50575 -3.53593 -3.56785 -3.60152 -3.63692 -3.67407 -3.71296 -3.75357 -3.79591 -3.83995 -3.88568 -3.93307 -3.9821 -4.03272 -4.08489 -4.13855 -4.19364 -4.25007 -4.30775 -4.36657 -4.42639 -4.48707 -4.54843 -4.61028 -4.6724 -4.73453 -4.7964 -4.85774 -4.91822 -4.97753 -5.03533 -5.09129 -5.1451 -5.19646 -5.2451 -5.29079 -5.33333 -5.37259 -5.40848 -5.44098 -5.47008 -5.49585 -5.51839 -5.53783 -5.55434 -5.56809 -5.57929 -5.58813 -5.59483 -5.5996 -5.60265 -5.60419 -5.60442 -5.60351 -5.60167 -5.59905 -5.59582 -5.59213 -5.58811 -5.5839 -5.57963 -5.57539 -5.5713 -5.56745 -5.56392 -5.5608 -5.55816 -5.55607 -5.55458 -5.55376 -5.55365 -5.55431 -5.55579 -5.55814 -5.56142 -5.56567 -5.57096 -5.57722 -5.5836 nan nan nan nan nan 
nan nan nan nan nan -3.28787 -3.30218 -3.31452 -3.32778 -3.34246 -3.35867 -3.37648 -3.39591 -3.41699 -3.43973 -3.46415 -3.49024 -3.51803 -3.5475 -3.57867 -3.61152 -3.64607 -3.68229 -3.72019 -3.75976 -3.80097 -3.84381 -3.88825 -3.93427 -3.98182 -4.03087 -4.08137 -4.13324 -4.18642 -4.24082 -4.29634 -4.35288 -4.41029 -4.46843 -4.52712 -4.58619 -4.64542 -4.70459 -4.76343 -4.8217 -4.87911 -4.93538 -4.99021 -5.04333 -5.09444 -5.1433 -5.18967 -5.23336 -5.27419 -5.31205 -5.34685 -5.37857 -5.40721 -5.43281 -5.45545 -5.47525 -5.49234 -5.50687 -5.51902 -5.52897 -5.53691 -5.54301 -5.54748 -5.5505 -5.55224 -5.55289 -5.55262 -5.55158 -5.54992 -5.54779 -5.54533 -5.54265 -5.53987 -5.53711 -5.53445 -5.53201 -5.52985 -5.52806 -5.52671 -5.52586 -5.52558 -5.52593 -5.52694 -5.52868 -5.53119 -5.53453 -5.53874 -5.54391 -5.55016 -5.55797 -5.56999 nan nan nan nan nan 
nan nan nan nan nan nan -3.32302 -3.33276 -3.34513 -3.35919 -3.37483 -3.39208 -3.41095 -3.43145 -3.45359 -3.47738 -3.50281 -3.52989 -3.55862 -3.589 -3.62101 -3.65466 -3.68993 -3.72681 -3.76529 -3.80534 -3.84695 -3.89009 -3.93471 -3.98078 -4.02825 -4.07707 -4.12716 -4.17846 -4.23086 -4.28428 -4.33859 -4.39367 -4.44937 -4.50553 -4.56197 -4.61848 -4.67487 -4.7309 -4.78633 -4.84092 -4.8944 -4.94653 -4.99704 -5.04571 -5.09229 -5.1366 -5.17846 -5.21773 -5.25429 -5.28808 -5.31906 -5.34723 -5.37263 -5.39532 -5.4154 -5.43298 -5.44819 -5.46119 -5.47212 -5.48116 -5.48848 -5.49424 -5.49861 -5.50177 -5.50387 -5.50506 -5.50551 -5.50534 -5.50469 -5.5037 -5.50248 -5.50115 -5.4998 -5.49853 -5.49744 -5.49661 -5.49612 -5.49602 -5.4964 -5.4973 -5.49878 -5.50089 -5.50368 -5.50719 -5.51147 -5.51656 -5.52252 -5.52928 -5.53596 nan nan nan nan nan nan 
nan nan nan nan nan nan -3.33564 -3.34984 -3.36228 -3.37578 -3.39083 -3.40749 -3.42576 -3.44566 -3.46718 -3.49031 -3.51505 -3.54141 -3.56936 -3.59892 -3.63006 -3.66278 -3.69707 -3.73291 -3.77027 -3.80915 -3.84951 -3.89132 -3.93454 -3.97913 -4.02502 -4.07217 -4.12051 -4.16994 -4.2204 -4.27176 -4.32392 -4.37676 -4.43012 -4.48386 -4.53781 -4.59177 -4.64556 -4.69897 -4.75177 -4.80375 -4.85467 -4.90432 -4.95246 -4.99888 -5.0434 -5.08583 -5.12601 -5.16384 -5.1992 -5.23203 -5.26231 -5.29003 -5.31521 -5.33791 -5.3582 -5.37619 -5.39199 -5.40573 -5.41754 -5.42758 -5.436 -5.44294 -5.44857 -5.45303 -5.45648 -5.45905 -5.46088 -5.46212 -5.46288 -5.46329 -5.46347 -5.46351 -5.46352 -5.46359 -5.46382 -5.46427 -5.46503 -5.46616 -5.46772 -5.46978 -5.47237 -5.47555 -5.47936 -5.48384 -5.48904 -5.49498 -5.50179 -5.50994 -5.52216 nan nan nan nan nan nan 
nan nan nan nan nan nan nan -3.37015 -3.37983 -3.39231 -3.40667 -3.42272 -3.44039 -3.45967 -3.48054 -3.503 -3.52703 -3.55263 -3.57979 -3.6085 -3.63875 -3.67052 -3.70381 -3.73858 -3.77482 -3.81251 -3.85161 -3.89209 -3.9339 -3.977 -4.02133 -4.06683 -4.11343 -4.16105 -4.2096 -4.25897 -4.30906 -4.35973 -4.41087 -4.46231 -4.51389 -4.56545 -4.61681 -4.66777 -4.71813 -4.7677 -4.81626 -4.86362 -4.90959 -4.95396 -4.99658 -5.03728 -5.07593 -5.11242 -5.14667 -5.17862 -5.20822 -5.23549 -5.26044 -5.28311 -5.30357 -5.32191 -5.33822 -5.35261 -5.36522 -5.37616 -5.38557 -5.3936 -5.40038 -5.40605 -5.41075 -5.4146 -5.41775 -5.42031 -5.42241 -5.42415 -5.42565 -5.42701 -5.42833 -5.42969 -5.43118 -5.43288 -5.43486 -5.43718 -5.4399 -5.44308 -5.44676 -5.45099 -5.4558 -5.46123 -5.4673 -5.47399 -5.48117 -5.488 nan nan nan nan nan nan nan 
nan nan nan nan nan nan nan -3.38231 -3.39605 -3.40846 -3.4223 -3.43778 -3.45486 -3.47351 -3.49372 -3.51548 -3.53879 -3.56362 -3.58997 -3.61783 -3.64716 -3.67797 -3.71023 -3.74393 -3.77903 -3.81552 -3.85335 -3.8925 -3.93291 -3.97453 -4.01731 -4.06119 -4.10609 -4.15193 -4.19862 -4.24607 -4.29415 -4.34276 -4.39176 -4.44102 -4.49037 -4.53967 -4.58875 -4.63742 -4.68551 -4.73284 -4.77923 -4.82448 -4.86844 -4.91093 -4.9518 -4.99091 -5.02815 -5.06341 -5.09662 -5.12773 -5.1567 -5.18353 -5.20824 -5.23086 -5.25145 -5.27007 -5.28682 -5.3018 -5.3151 -5.32686 -5.33719 -5.34621 -5.35405 -5.36084 -5.3667 -5.37176 -5.37614 -5.37995 -5.38331 -5.38632 -5.38908 -5.3917 -5.39427 -5.39687 -5.39959 -5.40249 -5.40565 -5.40913 -5.41298 -5.41726 -5.422 -5.42725 -5.43305 -5.43944 -5.44642 -5.45399 -5.4624 -5.4744 nan nan nan nan nan nan nan 
nan nan nan nan nan nan nan nan -3.4151 -3.42465 -3.43775 -3.4527 -3.46919 -3.48721 -3.50676 -3.52783 -3.5504 -3.57446 -3.59998 -3.62696 -3.65537 -3.68521 -3.71644 -3.74905 -3.78301 -3.81829 -3.85485 -3.89267 -3.93169 -3.97185 -4.01311 -4.05539 -4.09862 -4.14273 -4.18762 -4.2332 -4.27936 -4.32599 -4.37296 -4.42013 -4.46738 -4.51455 -4.56148 -4.60802 -4.65399 -4.69924 -4.74361 -4.78692 -4.82902 -4.86977 -4.90903 -4.94667 -4.9826 -5.01672 -5.04896 -5.07928 -5.10765 -5.13407 -5.15853 -5.18107 -5.20175 -5.22062 -5.23775 -5.25324 -5.26718 -5.27968 -5.29083 -5.30077 -5.30959 -5.31742 -5.32437 -5.33055 -5.33608 -5.34107 -5.34562 -5.34983 -5.3538 -5.35763 -5.36139 -5.36518 -5.36908 -5.37314 -5.37745 -5.38205 -5.38701 -5.39236 -5.39815 -5.4044 -5.41117 -5.4185 -5.42641 -5.43462 -5.44149 nan nan nan nan nan nan nan nan 
nan nan nan nan nan nan nan nan -3.42614 -3.43879 -3.45286 -3.46756 -3.48347 -3.50083 -3.5197 -3.54007 -3.56191 -3.58519 -3.60988 -3.63598 -3.66346 -3.69231 -3.7225 -3.75402 -3.78683 -3.82091 -3.85622 -3.89271 -3.93035 -3.96907 -4.00883 -4.04955 -4.09116 -4.13358 -4.17673 -4.22051 -4.26482 -4.30955 -4.35458 -4.39978 -4.44503 -4.49019 -4.53511 -4.57964 -4.62364 -4.66696 -4.70944 -4.75095 -4.79134 -4.83047 -4.86824 -4.90452 -4.93924 -4.97229 -5.00363 -5.03322 -5.06101 -5.08702 -5.11123 -5.13369 -5.15442 -5.17349 -5.19096 -5.20691 -5.22142 -5.23458 -5.2465 -5.25727 -5.267 -5.27579 -5.28375 -5.29099 -5.29761 -5.3037 -5.30938 -5.31473 -5.31984 -5.32481 -5.32973 -5.33466 -5.33968 -5.34487 -5.35029 -5.356 -5.36203 -5.36844 -5.37525 -5.38248 -5.39018 -5.39845 -5.40758 -5.41809 -5.42899 nan nan nan nan nan nan nan nan 
nan nan nan nan nan nan nan nan nan -3.45301 -3.46881 -3.48269 -3.49775 -3.51439 -3.53259 -3.55227 -3.57338 -3.59588 -3.61974 -3.64496 -3.6715 -3.69936 -3.72851 -3.75893 -3.7906 -3.82348 -3.85753 -3.89272 -3.929 -3.96631 -4.00459 -4.04379 -4.08382 -4.12461 -4.16607 -4.20811 -4.25065 -4.29356 -4.33674 -4.38007 -4.42343 -4.46668 -4.50971 -4.55237 -4.59452 -4.63603 -4.67676 -4.71659 -4.75538 -4.79303 -4.82941 -4.86443 -4.89801 -4.93008 -4.96057 -4.98946 -5.01671 -5.04232 -5.06629 -5.08864 -5.10942 -5.12865 -5.14642 -5.16277 -5.17779 -5.19156 -5.20417 -5.21571 -5.22627 -5.23596 -5.24487 -5.25309 -5.26072 -5.26786 -5.2746 -5.28103 -5.28723 -5.2933 -5.2993 -5.30533 -5.31144 -5.31772 -5.32422 -5.331 -5.33809 -5.34554 -5.35336 -5.36155 -5.37009 -5.37902 -5.38886 -5.40269 nan nan nan nan nan nan nan nan nan 
nan nan nan nan nan nan nan nan nan nan -3.48811 -3.49814 -3.51193 -3.52787 -3.54545 -3.56448 -3.58488 -3.60661 -3.62964 -3.65396 -3.67956 -3.70642 -3.73453 -3.76386 -3.79439 -3.82608 -3.85889 -3.8928 -3.92774 -3.96366 -4.0005 -4.03821 -4.0767 -4.1159 -4.15574 -4.19612 -4.23694 -4.27812 -4.31953 -4.36108 -4.40265 -4.44412 -4.48536 -4.52625 -4.56667 -4.6065 -4.6456 -4.68386 -4.72117 -4.75742 -4.79251 -4.82636 -4.85889 -4.89002 -4.91973 -4.94796 -4.97469 -4.99992 -5.02364 -5.04588 -5.06667 -5.08605 -5.10406 -5.12078 -5.13626 -5.15058 -5.16383 -5.17608 -5.18742 -5.19793 -5.20772 -5.21686 -5.22545 -5.23358 -5.24132 -5.24877 -5.256 -5.2631 -5.27015 -5.27722 -5.28438 -5.2917 -5.29925 -5.30707 -5.31522 -5.32371 -5.33256 -5.34173 -5.35107 -5.36017 -5.36759 nan nan nan nan nan nan nan nan nan nan 
nan nan nan nan nan nan nan nan nan nan -3.49892 -3.51133 -3.52547 -3.54118 -3.55831 -3.57675 -3.59647 -3.61744 -3.63964 -3.66307 -3.68772 -3.71359 -3.74065 -3.76889 -3.79828 -3.82879 -3.86039 -3.89302 -3.92665 -3.96121 -3.99665 -4.03291 -4.06991 -4.10758 -4.14584 -4.18462 -4.22381 -4.26332 -4.30305 -4.34291 -4.38278 -4.42255 -4.46211 -4.50135 -4.54014 -4.57839 -4.61596 -4.65276 -4.68869 -4.72364 -4.75753 -4.79028 -4.82182 -4.85209 -4.88105 -4.90865 -4.93489 -4.95975 -4.98324 -5.00536 -5.02615 -5.04564 -5.06387 -5.08091 -5.09681 -5.11163 -5.12546 -5.13836 -5.15042 -5.16171 -5.17231 -5.18232 -5.19181 -5.20086 -5.20955 -5.21796 -5.22617 -5.23426 -5.2423 -5.25036 -5.25852 -5.26685 -5.2754 -5.28424 -5.29342 -5.30297 -5.31291 -5.32321 -5.33379 -5.34453 -5.35525 nan nan nan nan nan nan nan nan nan nan 
nan nan nan nan nan nan nan nan nan nan nan -3.52433 -3.53892 -3.55455 -3.57131 -3.58922 -3.60826 -3.62847 -3.64983 -3.67235 -3.69605 -3.72091 -3.74692 -3.77408 -3.80235 -3.83169 -3.86209 -3.89348 -3.92582 -3.95905 -3.99313 -4.02798 -4.06353 -4.09972 -4.13647 -4.1737 -4.21132 -4.24924 -4.28738 -4.32563 -4.36388 -4.40205 -4.44003 -4.4777 -4.51497 -4.55173 -4.58787 -4.6233 -4.65793 -4.69167 -4.72444 -4.75616 -4.78678 -4.81623 -4.84449 -4.87151 -4.89728 -4.92178 -4.94503 -4.96702 -4.9878 -5.00738 -5.0258 -5.04313 -5.0594 -5.07468 -5.08904 -5.10255 -5.11527 -5.12728 -5.13865 -5.14946 -5.15979 -5.16971 -5.1793 -5.18862 -5.19776 -5.20678 -5.21575 -5.22476 -5.23387 -5.24315 -5.25268 -5.26251 -5.27271 -5.28331 -5.29436 -5.30588 -5.31788 -5.33041 nan nan nan nan nan nan nan nan nan nan nan 
nan nan nan nan nan nan nan nan nan nan nan nan -3.55281 -3.56828 -3.58465 -3.60199 -3.62035 -3.63977 -3.66027 -3.68188 -3.7046 -3.72845 -3.75342 -3.7795 -3.80665 -3.83485 -3.86406 -3.89423 -3.92532 -3.95726 -3.99001 -4.02349 -4.05765 -4.09241 -4.1277 -4.16345 -4.19956 -4.23597 -4.27257 -4.30929 -4.34602 -4.38267 -4.41915 -4.45535 -4.49117 -4.52654 -4.56134 -4.59549 -4.62891 -4.66151 -4.69322 -4.72398 -4.75373 -4.78242 -4.81001 -4.83648 -4.86179 -4.88596 -4.90897 -4.93083 -4.95158 -4.97123 -4.98982 -5.0074 -5.02401 -5.03971 -5.05456 -5.06862 -5.08196 -5.09464 -5.10673 -5.1183 -5.12942 -5.14016 -5.15059 -5.16077 -5.17078 -5.18068 -5.19054 -5.20044 -5.21044 -5.22062 -5.23107 -5.24185 -5.25303 -5.26467 -5.27683 -5.28956 -5.30293 nan nan nan nan nan nan nan nan nan nan nan nan 
nan nan nan nan nan nan nan nan nan nan nan nan nan -3.5826 -3.59848 -3.6152 -3.63284 -3.65144 -3.67105 -3.69171 -3.71345 -3.73628 -3.7602 -3.7852 -3.81126 -3.83833 -3.86638 -3.89536 -3.92523 -3.95591 -3.98737 -4.01953 -4.05233 -4.08572 -4.1196 -4.15392 -4.1886 -4.22355 -4.2587 -4.29396 -4.32924 -4.36445 -4.3995 -4.43431 -4.46879 -4.50284 -4.53638 -4.56933 -4.6016 -4.63314 -4.66387 -4.69372 -4.72265 -4.75062 -4.77758 -4.80352 -4.82841 -4.85224 -4.87502 -4.89675 -4.91746 -4.93716 -4.9559 -4.9737 -4.99062 -5.0067 -5.022 -5.03657 -5.05048 -5.06378 -5.07654 -5.08882 -5.10069 -5.1122 -5.12343 -5.13442 -5.14525 -5.15598 -5.16668 -5.1774 -5.18824 -5.19926 -5.21057 -5.22224 -5.23435 -5.24699 -5.26021 -5.2741 nan nan nan nan nan nan nan nan nan nan nan nan nan 
nan nan nan nan nan nan nan nan nan nan nan nan nan nan -3.61294 -3.62897 -3.64582 -3.66355 -3.68223 -3.70191 -3.72263 -3.74442 -3.7673 -3.79124 -3.81621 -3.84218 -3.8691 -3.89693 -3.9256 -3.95507 -3.98527 -4.01616 -4.04766 -4.07971 -4.11224 -4.14519 -4.17849 -4.21205 -4.24581 -4.27968 -4.31357 -4.34742 -4.38114 -4.41463 -4.44783 -4.48064 -4.51299 -4.54481 -4.57602 -4.60655 -4.63635 -4.66535 -4.69352 -4.7208 -4.74717 -4.7726 -4.79708 -4.82059 -4.84315 -4.86474 -4.8854 -4.90514 -4.924 -4.942 -4.95919 -4.97562 -4.99133 -5.00638 -5.02082 -5.0347 -5.04809 -5.06104 -5.07361 -5.08585 -5.09782 -5.10959 -5.12119 -5.1327 -5.14418 -5.15567 -5.16727 -5.17906 -5.19115 -5.20363 -5.21662 -5.23018 -5.24441 nan nan nan nan nan nan nan nan nan nan nan nan nan nan 
nan nan nan nan nan nan nan nan nan nan nan nan nan nan nan -3.6434 -3.65939 -3.67619 -3.69388 -3.71252 -3.73218 -3.75292 -3.77475 -3.79764 -3.82156 -3.84646 -3.87228 -3.89898 -3.9265 -3.95479 -3.98379 -4.01343 -4.04367 -4.07444 -4.10568 -4.13732 -4.16929 -4.20152 -4.23394 -4.26649 -4.29908 -4.33163 -4.36407 -4.39632 -4.42831 -4.45995 -4.49119 -4.52194 -4.55214 -4.58173 -4.61065 -4.63885 -4.66629 -4.69293 -4.71874 -4.74369 -4.76778 -4.79098 -4.81331 -4.83477 -4.85537 -4.87514 -4.89409 -4.91227 -4.92971 -4.94645 -4.96254 -4.97802 -4.99295 -5.00738 -5.02136 -5.03494 -5.04817 -5.06111 -5.07379 -5.08628 -5.09862 -5.11087 -5.12307 -5.13527 -5.14755 -5.16001 -5.17278 -5.186 -5.19977 -5.21419 nan nan nan nan nan nan nan nan nan nan nan nan nan nan nan 
nan nan nan nan nan nan nan nan nan nan nan nan nan nan nan nan -3.67362 -3.68942 -3.70604 -3.72357 -3.74211 -3.76177 -3.78257 -3.80445 -3.82735 -3.8512 -3.87596 -3.90157 -3.92798 -3.95513 -3.98296 -4.01142 -4.04045 -4.06998 -4.09996 -4.13034 -4.16103 -4.192 -4.22315 -4.25443 -4.28577 -4.31709 -4.34832 -4.3794 -4.41024 -4.44078 -4.47096 -4.50071 -4.52996 -4.55866 -4.58676 -4.6142 -4.64096 -4.66699 -4.69226 -4.71676 -4.74047 -4.76338 -4.78548 -4.8068 -4.82734 -4.84711 -4.86615 -4.88448 -4.90214 -4.91916 -4.9356 -4.95149 -4.96688 -4.98182 -4.99635 -5.01053 -5.02439 -5.03798 -5.05134 -5.06451 -5.07755 -5.0905 -5.10339 -5.11624 -5.1291 -5.14211 -5.15544 -5.16927 -5.18374 nan nan nan nan nan nan nan nan nan nan nan nan nan nan nan nan 
nan nan nan nan nan nan nan nan nan nan nan nan nan nan nan nan nan -3.70331 -3.71877 -3.73508 -3.75241 -3.77093 -3.79075 -3.81169 -3.83361 -3.85646 -3.88019 -3.90475 -3.93009 -3.95615 -3.98286 -4.01017 -4.03802 -4.06637 -4.09514 -4.1243 -4.15378 -4.18352 -4.21346 -4.24353 -4.27368 -4.30383 -4.33392 -4.36388 -4.39364 -4.42314 -4.45232 -4.48111 -4.50947 -4.53733 -4.56465 -4.59139 -4.6175 -4.64295 -4.66772 -4.69178 -4.71512 -4.73774 -4.75963 -4.7808 -4.80127 -4.82104 -4.84014 -4.8586 -4.87646 -4.89374 -4.91049 -4.92675 -4.94257 -4.95799 -4.97304 -4.98778 -5.00224 -5.01646 -5.03047 -5.0443 -5.05801 -5.07163 -5.08519 -5.09867 -5.11197 -5.12535 -5.13908 -5.15339 nan nan nan nan nan nan nan nan nan nan nan nan nan nan nan nan nan 
nan nan nan nan nan nan nan nan nan nan nan nan nan nan nan nan nan nan -3.73213 -3.74708 -3.763 -3.78028 -3.79929 -3.81939 -3.84037 -3.86226 -3.885 -3.90857 -3.93288 -3.95788 -3.98352 -4.00973 -4.03645 -4.06365 -4.09126 -4.11925 -4.14755 -4.17612 -4.20489 -4.23382 -4.26283 -4.29187 -4.32087 -4.34976 -4.3785 -4.40702 -4.43525 -4.46315 -4.49066 -4.51774 -4.54432 -4.57039 -4.59588 -4.62079 -4.64507 -4.66872 -4.69171 -4.71405 -4.73573 -4.75675 -4.77714 -4.79689 -4.81604 -4.83461 -4.85264 -4.87015 -4.88718 -4.90379 -4.92 -4.93587 -4.95142 -4.9667 -4.98174 -4.99656 -5.01119 -5.02565 -5.03999 -5.05426 -5.06855 -5.08273 -5.09626 -5.10971 -5.12361 nan nan nan nan nan nan nan nan nan nan nan nan nan nan nan nan nan nan 
nan nan nan nan nan nan nan nan nan nan nan nan nan nan nan nan nan nan nan -3.75961 -3.77373 -3.78938 -3.80823 -3.82766 -3.8477 -3.86864 -3.89044 -3.91305 -3.93639 -3.9604 -3.985 -4.01014 -4.03578 -4.06187 -4.08836 -4.11521 -4.14238 -4.16982 -4.19748 -4.22531 -4.25324 -4.28121 -4.30918 -4.33707 -4.36484 -4.39242 -4.41976 -4.44681 -4.47353 -4.49986 -4.52575 -4.55118 -4.5761 -4.60048 -4.62431 -4.64755 -4.67021 -4.69227 -4.71374 -4.73462 -4.75492 -4.77465 -4.79383 -4.81249 -4.83065 -4.84836 -4.86565 -4.88257 -4.89915 -4.91544 -4.93147 -4.94727 -4.96287 -4.97828 -4.99351 -5.00857 -5.0235 -5.03836 -5.05349 -5.06893 -5.08213 -5.09513 nan nan nan nan nan nan nan nan nan nan nan nan nan nan nan nan nan nan nan 
nan nan nan nan nan nan nan nan nan nan nan nan nan nan nan nan nan nan nan nan -3.78446 -3.79679 -3.81806 -3.83679 -3.85561 -3.87562 -3.89651 -3.91824 -3.94067 -3.96373 -3.98735 -4.01147 -4.03605 -4.06106 -4.08646 -4.11222 -4.1383 -4.16465 -4.19124 -4.21801 -4.24491 -4.27188 -4.29886 -4.3258 -4.35264 -4.37934 -4.40584 -4.43209 -4.45805 -4.48368 -4.50892 -4.53375 -4.55813 -4.58202 -4.6054 -4.62826 -4.65059 -4.67239 -4.69365 -4.71438 -4.73458 -4.75427 -4.77347 -4.7922 -4.81048 -4.82836 -4.84588 -4.86307 -4.87998 -4.89667 -4.91315 -4.92947 -4.94562 -4.96162 -4.97747 -4.99309 -5.00855 -5.02365 -5.0396 -5.0589 -5.06971 nan nan nan nan nan nan nan nan nan nan nan nan nan nan nan nan nan nan nan nan 
nan nan nan nan nan nan nan nan nan nan nan nan nan nan nan nan nan nan nan nan nan nan -3.83189 -3.8473 -3.86382 -3.88319 -3.9032 -3.92418 -3.94576 -3.96794 -3.99062 -4.01376 -4.03732 -4.06127 -4.08561 -4.1103 -4.13531 -4.16062 -4.18618 -4.21194 -4.23786 -4.26387 -4.28992 -4.31595 -4.34191 -4.36777 -4.39347 -4.41897 -4.44422 -4.46919 -4.49382 -4.51808 -4.54194 -4.56537 -4.58833 -4.61083 -4.63284 -4.65437 -4.67542 -4.696 -4.71611 -4.73575 -4.75495 -4.77372 -4.7921 -4.81011 -4.82781 -4.84525 -4.86246 -4.87952 -4.89644 -4.91325 -4.92998 -4.94658 -4.96311 -4.97925 -4.99544 -5.00958 -5.02381 nan nan nan nan nan nan nan nan nan nan nan nan nan nan nan nan nan nan nan nan nan nan 
nan nan nan nan nan nan nan nan nan nan nan nan nan nan nan nan nan nan nan nan nan nan nan -3.85819 -3.87069 -3.8916 -3.91038 -3.93099 -3.95172 -3.97311 -3.99487 -4.01706 -4.03961 -4.06253 -4.08581 -4.10946 -4.13344 -4.15773 -4.1823 -4.2071 -4.23209 -4.25719 -4.28235 -4.30752 -4.33265 -4.3577 -4.38264 -4.40743 -4.43202 -4.45636 -4.48043 -4.50416 -4.52754 -4.55052 -4.57309 -4.59522 -4.61692 -4.63819 -4.65904 -4.67946 -4.69948 -4.71907 -4.73825 -4.75704 -4.77547 -4.79359 -4.81143 -4.82906 -4.84654 -4.86393 -4.88128 -4.89858 -4.91593 -4.93307 -4.95062 -4.96685 -4.9859 -4.99694 nan nan nan nan nan nan nan nan nan nan nan nan nan nan nan nan nan nan nan nan nan nan nan 
nan nan nan nan nan nan nan nan nan nan nan nan nan nan nan nan nan nan nan nan nan nan nan nan nan -3.90361 -3.9172 -3.93915 -3.95848 -3.97936 -4.00016 -4.02145 -4.04299 -4.06488 -4.0871 -4.1097 -4.13268 -4.15599 -4.1796 -4.20349 -4.22759 -4.25184 -4.27617 -4.30051 -4.32484 -4.34913 -4.37335 -4.39746 -4.42142 -4.44519 -4.46872 -4.49197 -4.5149 -4.53747 -4.55965 -4.58143 -4.60282 -4.62382 -4.64446 -4.66474 -4.68466 -4.7042 -4.72335 -4.74213 -4.76059 -4.77878 -4.79671 -4.81447 -4.83216 -4.84983 -4.86762 -4.88532 -4.90355 -4.92064 -4.94094 -4.9531 nan nan nan nan nan nan nan nan nan nan nan nan nan nan nan nan nan nan nan nan nan nan nan nan nan 
nan nan nan nan nan nan nan nan nan nan nan nan nan nan nan nan nan nan nan nan nan nan nan nan nan nan nan -3.95136 -3.96517 -3.98717 -4.00642 -4.02705 -4.04749 -4.06835 -4.08947 -4.11103 -4.13304 -4.15539 -4.17807 -4.20107 -4.22437 -4.24784 -4.27137 -4.29492 -4.31847 -4.34202 -4.36555 -4.38903 -4.41241 -4.43565 -4.4587 -4.4815 -4.50401 -4.52619 -4.54801 -4.56945 -4.59052 -4.61124 -4.63166 -4.6518 -4.67166 -4.69116 -4.71026 -4.72899 -4.74744 -4.76567 -4.78361 -4.80139 -4.81926 -4.83708 -4.85553 -4.87297 -4.89381 -4.90643 nan nan nan nan nan nan nan nan nan nan nan nan nan nan nan nan nan nan nan nan nan nan nan nan nan nan nan 
nan nan nan nan nan nan nan nan nan nan nan nan nan nan nan nan nan nan nan nan nan nan nan nan nan nan nan nan nan -3.99919 -4.0128 -4.03431 -4.05305 -4.07303 -4.09289 -4.11335 -4.13453 -4.15592 -4.17765 -4.19982 -4.2224 -4.24521 -4.268 -4.29075 -4.31352 -4.33635 -4.35923 -4.38211 -4.40497 -4.42772 -4.45033 -4.47274 -4.49488 -4.51671 -4.53817 -4.55927 -4.57999 -4.60039 -4.62056 -4.64059 -4.66047 -4.67998 -4.699 -4.71759 -4.73597 -4.75431 -4.77214 -4.78972 -4.80787 -4.82516 -4.84595 -4.85867 nan nan nan nan nan nan nan nan nan nan nan nan nan nan nan nan nan nan nan nan nan nan nan nan nan nan nan nan nan 
nan nan nan nan nan nan nan nan nan nan nan nan nan nan nan nan nan nan nan nan nan nan nan nan nan nan nan nan nan nan nan -4.04579 -4.05887 -4.07931 -4.09718 -4.11646 -4.13727 -4.15759 -4.17825 -4.19962 -4.22167 -4.24404 -4.26611 -4.28801 -4.30997 -4.33207 -4.35433 -4.37667 -4.39904 -4.42137 -4.4436 -4.46567 -4.4875 -4.50902 -4.53016 -4.5509 -4.57124 -4.59124 -4.61107 -4.63097 -4.6511 -4.67075 -4.68964 -4.70788 -4.72602 -4.74493 -4.76242 -4.77894 -4.79882 -4.8112 nan nan nan nan nan nan nan nan nan nan nan nan nan nan nan nan nan nan nan nan nan nan nan nan nan nan nan nan nan nan nan 
nan nan nan nan nan nan nan nan nan nan nan nan nan nan nan nan nan nan nan nan nan nan nan nan nan nan nan nan nan nan nan nan nan -4.08965 -4.10159 -4.11952 -4.14199 -4.16043 -4.1796 -4.20021 -4.22208 -4.24465 -4.26584 -4.28668 -4.30773 -4.32911 -4.35078 -4.37265 -4.39461 -4.41657 -4.43848 -4.4603 -4.4819 -4.50316 -4.52402 -4.5444 -4.56429 -4.58373 -4.60296 -4.62261 -4.64368 -4.66376 -4.68242 -4.69978 -4.71679 -4.73847 -4.7552 -4.76627 nan nan nan nan nan nan nan nan nan nan nan nan nan nan nan nan nan nan nan nan nan nan nan nan nan nan nan nan nan nan nan nan nan 
nan nan nan nan nan nan nan nan nan nan nan nan nan nan nan nan nan nan nan nan nan nan nan nan nan nan nan nan nan nan nan nan nan nan nan nan -4.15221 -4.16403 -4.18104 -4.201 -4.22325 -4.2481 -4.26741 -4.28664 -4.30663 -4.32733 -4.34852 -4.37001 -4.39164 -4.41329 -4.43489 -4.45662 -4.4781 -4.49919 -4.51982 -4.53988 -4.55928 -4.57793 -4.59592 -4.6143 -4.63873 -4.65967 -4.67803 -4.69353 -4.70436 nan nan nan nan nan nan nan nan nan nan nan nan nan nan nan nan nan nan nan nan nan nan nan nan nan nan nan nan nan nan nan nan nan nan nan nan 
nan nan nan nan nan nan nan nan nan nan nan nan nan nan nan nan nan nan nan nan nan nan nan nan nan nan nan nan nan nan nan nan nan nan nan nan nan nan nan nan nan -4.25853 -4.27057 -4.28733 -4.30633 -4.32653 -4.34742 -4.36869 -4.39013 -4.41153 -4.43264 -4.45465 -4.47615 -4.49718 -4.51768 -4.53753 -4.55653 -4.5743 -4.59 -4.60135 nan nan nan nan nan nan nan nan nan nan nan nan nan nan nan nan nan nan nan nan nan nan nan nan nan nan nan nan nan nan nan nan nan nan nan nan nan nan nan nan nan 
nan nan nan nan nan nan nan nan nan nan nan nan nan nan nan nan nan nan nan nan nan nan nan nan nan nan nan nan nan nan nan nan nan nan nan nan nan nan nan nan nan nan nan nan nan nan nan nan nan nan -4.43099 nan nan nan nan nan nan nan nan nan nan nan nan nan nan nan nan nan nan nan nan nan nan nan nan nan nan nan nan nan nan nan nan nan nan nan nan nan nan nan nan nan nan nan nan nan nan nan nan nan nan 
