nan nan nan nan nan nan nan nan nan nan nan nan nan nan nan nan nan nan nan nan nan nan nan nan nan nan nan nan nan nan nan nan nan nan nan nan nan nan nan nan nan nan nan nan nan nan nan nan nan nan 0.616809 nan nan nan nan nan nan nan nan nan nan nan nan nan nan nan nan nan nan nan nan nan nan nan nan nan nan nan nan nan nan nan nan nan nan nan nan nan nan nan nan nan nan nan nan nan nan nan nan nan nan 
nan nan nan nan nan nan nan nan nan nan nan nan nan nan nan nan nan nan nan nan nan nan nan nan nan nan nan nan nan nan nan nan nan nan nan nan nan nan nan nan nan 0.446031 0.457501 0.473381 0.491367 0.51058 0.530616 0.551258 0.572368 0.593862 0.615721 0.636998 0.658426 0.679803 0.700954 0.721673 0.74167 0.760458 0.77704 0.788956 nan nan nan nan nan nan nan nan nan nan nan nan nan nan nan nan nan nan nan nan nan nan nan nan nan nan nan nan nan nan nan nan nan nan nan nan nan nan nan nan nan 
nan nan nan nan nan nan nan nan nan nan nan nan nan nan nan nan nan nan nan nan nan nan nan nan nan nan nan nan nan nan nan nan nan nan nan nan 0.342452 0.353454 0.369212 0.387843 0.409009 0.433529 0.452087 0.470302 0.489192 0.508822 0.529089 0.549875 0.571077 0.592597 0.614311 0.635941 0.65757 0.679121 0.700472 0.721471 0.741942 0.761699 0.780704 0.799835 0.824613 0.846632 0.866318 0.883061 0.894712 nan nan nan nan nan nan nan nan nan nan nan nan nan nan nan nan nan nan nan nan nan nan nan nan nan nan nan nan nan nan nan nan nan nan nan nan 
nan nan nan nan nan nan nan nan nan nan nan nan nan nan nan nan nan nan nan nan nan nan nan nan nan nan nan nan nan nan nan nan nan 0.28044 0.29166 0.308591 0.330414 0.34769 0.365372 0.384381 0.404781 0.426131 0.446074 0.465603 0.48534 0.505502 0.526123 0.547165 0.568564 0.590237 0.612086 0.633985 0.655891 0.677736 0.699432 0.720882 0.741999 0.762755 0.7833 0.804205 0.826501 0.848051 0.868306 0.887152 0.905323 0.927648 0.945356 0.957144 nan nan nan nan nan nan nan nan nan nan nan nan nan nan nan nan nan nan nan nan nan nan nan nan nan nan nan nan nan nan nan nan nan 
nan nan nan nan nan nan nan nan nan nan nan nan nan nan nan nan nan nan nan nan nan nan nan nan nan nan nan nan nan nan nan 0.235702 0.248201 0.268186 0.284953 0.302771 0.322029 0.340573 0.35926 0.378606 0.398698 0.419243 0.439556 0.459773 0.480141 0.500807 0.521827 0.543196 0.564875 0.586807 0.608917 0.631127 0.653376 0.675602 0.697737 0.719718 0.741504 0.763103 0.784623 0.806285 0.828241 0.849852 0.870768 0.890972 0.910884 0.931341 0.950282 0.967894 0.988227 1.00118 nan nan nan nan nan nan nan nan nan nan nan nan nan nan nan nan nan nan nan nan nan nan nan nan nan nan nan nan nan nan nan 
nan nan nan nan nan nan nan nan nan nan nan nan nan nan nan nan nan nan nan nan nan nan nan nan nan nan nan nan nan 0.188383 0.201261 0.222182 0.239752 0.258247 0.276251 0.294578 0.313443 0.332386 0.351562 0.371171 0.391256 0.411684 0.43223 0.452886 0.473735 0.494855 0.516283 0.53802 0.560043 0.582309 0.604762 0.627343 0.649997 0.672668 0.695302 0.717854 0.740295 0.762629 0.7849 0.807172 0.82943 0.851439 0.873024 0.894161 0.914986 0.935623 0.955591 0.975014 0.994641 1.0131 1.03448 1.04793 nan nan nan nan nan nan nan nan nan nan nan nan nan nan nan nan nan nan nan nan nan nan nan nan nan nan nan nan nan 
nan nan nan nan nan nan nan nan nan nan nan nan nan nan nan nan nan nan nan nan nan nan nan nan nan nan nan 0.140604 0.153434 0.174487 0.192267 0.211133 0.229454 0.247885 0.266302 0.284928 0.303868 0.323051 0.342522 0.362356 0.382572 0.403114 0.4239 0.44491 0.466167 0.487705 0.509542 0.531676 0.554088 0.576744 0.599601 0.622611 0.645724 0.668892 0.692069 0.715216 0.738306 0.761328 0.784287 0.807183 0.829975 0.852554 0.874824 0.896753 0.918362 0.939658 0.960523 0.981009 1.00129 1.02123 1.04145 1.06035 1.08215 1.09574 nan nan nan nan nan nan nan nan nan nan nan nan nan nan nan nan nan nan nan nan nan nan nan nan nan nan nan 
nan nan nan nan nan nan nan nan nan nan nan nan nan nan nan nan nan nan nan nan nan nan nan nan nan 0.093746 0.106156 0.126756 0.14426 0.162994 0.181274 0.199729 0.21814 0.236631 0.255239 0.274056 0.293149 0.312528 0.332223 0.352268 0.372672 0.393415 0.414464 0.435804 0.457439 0.47938 0.501629 0.524182 0.547019 0.570111 0.593422 0.616909 0.64053 0.66424 0.687997 0.711763 0.73551 0.759214 0.782857 0.806417 0.82985 0.853089 0.876073 0.898766 0.921152 0.943217 0.964925 0.986296 1.00738 1.02818 1.04881 1.06901 1.0894 1.10832 1.12997 1.14331 nan nan nan nan nan nan nan nan nan nan nan nan nan nan nan nan nan nan nan nan nan nan nan nan nan 
nan nan nan nan nan nan nan nan nan nan nan nan nan nan nan nan nan nan nan nan nan nan nan 0.049643 0.0609395 0.0803138 0.0970109 0.115125 0.132943 0.151056 0.169204 0.187474 0.205847 0.224365 0.243071 0.262018 0.281253 0.300802 0.320691 0.34094 0.361558 0.382539 0.403868 0.425537 0.447542 0.469883 0.492555 0.515547 0.53884 0.562407 0.586214 0.610224 0.634395 0.658687 0.683059 0.707474 0.731898 0.756299 0.780648 0.804911 0.829047 0.853004 0.876734 0.9002 0.923376 0.946239 0.96877 0.990969 1.01285 1.03441 1.05568 1.0766 1.09722 1.11728 1.13733 1.15563 1.1762 1.18845 nan nan nan nan nan nan nan nan nan nan nan nan nan nan nan nan nan nan nan nan nan nan nan 
nan nan nan nan nan nan nan nan nan nan nan nan nan nan nan nan nan nan nan nan nan nan 0.0228772 0.0373135 0.0518906 0.0686637 0.0855242 0.102889 0.120428 0.138189 0.156118 0.174227 0.192521 0.211027 0.229779 0.248813 0.268166 0.287864 0.307929 0.328379 0.349222 0.370457 0.392079 0.414083 0.436461 0.45921 0.482318 0.505771 0.52955 0.553626 0.577968 0.60254 0.627303 0.652217 0.67724 0.702335 0.727463 0.752588 0.777673 0.80268 0.827565 0.852284 0.876793 0.901054 0.925036 0.948712 0.972062 0.995074 1.01774 1.04006 1.06201 1.08357 1.10471 1.12536 1.14551 1.16479 1.18357 1.19965 1.21484 nan nan nan nan nan nan nan nan nan nan nan nan nan nan nan nan nan nan nan nan nan nan 
nan nan nan nan nan nan nan nan nan nan nan nan nan nan nan nan nan nan nan nan -0.0232855 -0.0122097 0.00744118 0.0239048 0.0397018 0.0560096 0.0726215 0.0895758 0.106794 0.124264 0.141969 0.159913 0.178106 0.196571 0.215334 0.234425 0.253873 0.273701 0.293931 0.314577 0.335648 0.357147 0.379072 0.401419 0.424181 0.447349 0.47091 0.494848 0.51914 0.543759 0.568673 0.593847 0.619241 0.644815 0.670529 0.696339 0.722206 0.748088 0.773944 0.799732 0.825408 0.850928 0.876249 0.901332 0.926141 0.950647 0.974823 0.998649 1.02211 1.04518 1.06784 1.09007 1.11182 1.13303 1.15365 1.17354 1.19269 1.21082 1.22902 1.24994 1.262 nan nan nan nan nan nan nan nan nan nan nan nan nan nan nan nan nan nan nan nan 
nan nan nan nan nan nan nan nan nan nan nan nan nan nan nan nan nan nan nan -0.0485972 -0.0353964 -0.0217527 -0.00568326 0.0102511 0.0260831 0.0421413 0.0584732 0.075104 0.0920218 0.109223 0.126706 0.144479 0.162556 0.180958 0.199707 0.21883 0.238353 0.258296 0.27868 0.299518 0.320819 0.342589 0.364825 0.387526 0.410683 0.434286 0.45832 0.482767 0.507602 0.532797 0.55832 0.584134 0.610199 0.636475 0.662917 0.689481 0.716124 0.742801 0.769467 0.796077 0.822584 0.848942 0.875109 0.901042 0.926704 0.952059 0.977078 1.00173 1.02599 1.04984 1.07324 1.09616 1.11857 1.1404 1.16161 1.18213 1.20193 1.221 1.23962 1.25783 1.27303 1.28694 nan nan nan nan nan nan nan nan nan nan nan nan nan nan nan nan nan nan nan 
nan nan nan nan nan nan nan nan nan nan nan nan nan nan nan nan nan nan -0.076899 -0.0628118 -0.0489013 -0.0346698 -0.0195861 -0.00420912 0.0113316 0.0270988 0.043133 0.0594593 0.0760882 0.093028 0.110289 0.127883 0.14583 0.16415 0.182866 0.202002 0.221583 0.241628 0.262157 0.283183 0.304715 0.32676 0.349317 0.372382 0.395949 0.420005 0.444534 0.469515 0.494924 0.520729 0.546898 0.573392 0.60017 0.627187 0.6544 0.681761 0.709222 0.736735 0.764252 0.791723 0.819101 0.846338 0.873386 0.900202 0.926744 0.952974 0.978857 1.00436 1.02945 1.05409 1.07826 1.10191 1.12501 1.14751 1.16937 1.19054 1.21099 1.23071 1.2497 1.26781 1.28438 1.29983 1.31458 nan nan nan nan nan nan nan nan nan nan nan nan nan nan nan nan nan nan 
nan nan nan nan nan nan nan nan nan nan nan nan nan nan nan nan nan -0.106515 -0.0919901 -0.0777749 -0.0636568 -0.0493656 -0.0346941 -0.0197365 -0.00454343 0.0108993 0.026618 0.0426373 0.0589765 0.0756533 0.0926853 0.110092 0.127894 0.146116 0.164781 0.183913 0.203537 0.223672 0.244338 0.265548 0.287313 0.309637 0.332523 0.355966 0.379958 0.404487 0.429534 0.455079 0.481092 0.507544 0.534397 0.561612 0.589144 0.616949 0.644977 0.673178 0.701501 0.729895 0.758307 0.786684 0.814976 0.84313 0.871098 0.898832 0.926287 0.95342 0.980193 1.00657 1.0325 1.05797 1.08293 1.10735 1.13119 1.1544 1.17695 1.19879 1.2199 1.24024 1.25977 1.27839 1.29592 1.3125 1.32832 1.34357 nan nan nan nan nan nan nan nan nan nan nan nan nan nan nan nan nan 
nan nan nan nan nan nan nan nan nan nan nan nan nan nan nan nan -0.136747 -0.122038 -0.107683 -0.0935552 -0.0795001 -0.0653523 -0.0509907 -0.0363936 -0.021555 -0.00645543 0.00893139 0.0246324 0.040673 0.0570774 0.0738698 0.0910748 0.108718 0.126825 0.145422 0.164535 0.184188 0.204403 0.225198 0.246589 0.268586 0.291196 0.314419 0.338253 0.362688 0.387711 0.413303 0.43944 0.466093 0.493228 0.520806 0.548785 0.577118 0.605756 0.634646 0.663736 0.69297 0.722292 0.751646 0.780975 0.810225 0.83934 0.868268 0.896957 0.925359 0.953429 0.981121 1.0084 1.03521 1.06153 1.08732 1.11253 1.13713 1.16109 1.18435 1.2069 1.22868 1.24968 1.26985 1.28914 1.3075 1.32499 1.34172 1.35782 1.37337 nan nan nan nan nan nan nan nan nan nan nan nan nan nan nan nan 
nan nan nan nan nan nan nan nan nan nan nan nan nan nan nan -0.167162 -0.152452 -0.138113 -0.124053 -0.110167 -0.0963386 -0.0824511 -0.068414 -0.054176 -0.0397033 -0.0249647 -0.00992813 0.00543811 0.0211648 0.0372821 0.0538195 0.0708067 0.088273 0.106248 0.124761 0.143839 0.163508 0.183791 0.204709 0.226278 0.248508 0.271408 0.294979 0.319217 0.344114 0.369655 0.395819 0.422581 0.449909 0.477768 0.506114 0.534903 0.564085 0.593606 0.623411 0.653441 0.683637 0.713938 0.744284 0.774615 0.80487 0.834992 0.864922 0.894608 0.923995 0.953036 0.981682 1.00989 1.03761 1.06481 1.09145 1.11749 1.14289 1.16761 1.19162 1.21489 1.23738 1.25907 1.27993 1.29992 1.31904 1.33733 1.35485 1.37169 1.38793 1.40363 nan nan nan nan nan nan nan nan nan nan nan nan nan nan nan 
nan nan nan nan nan nan nan nan nan nan nan nan nan nan -0.197425 -0.182869 -0.168689 -0.154809 -0.141149 -0.127619 -0.114128 -0.100586 -0.0869181 -0.0730649 -0.0589812 -0.0446265 -0.0299625 -0.0149522 0.000440532 0.0162511 0.0325141 0.0492639 0.0665344 0.0843586 0.102769 0.121795 0.141466 0.161808 0.182841 0.204583 0.227049 0.250245 0.274173 0.298832 0.324211 0.350294 0.37706 0.404482 0.432524 0.461149 0.490311 0.51996 0.550042 0.5805 0.611274 0.642299 0.673513 0.704849 0.736242 0.767626 0.798938 0.830114 0.861094 0.891819 0.922232 0.952281 0.981915 1.01109 1.03975 1.06786 1.09538 1.12227 1.14849 1.17401 1.19879 1.22281 1.24603 1.26842 1.28998 1.31068 1.33052 1.34954 1.36777 1.38527 1.40211 1.41834 1.43405 nan nan nan nan nan nan nan nan nan nan nan nan nan nan 
nan nan nan nan nan nan nan nan nan nan nan nan nan -0.227225 -0.212979 -0.199103 -0.185527 -0.172184 -0.159006 -0.145919 -0.13285 -0.119725 -0.106475 -0.0930442 -0.0793807 -0.0654385 -0.051174 -0.0365453 -0.021511 -0.006031 0.00993443 0.0264243 0.0434768 0.0611291 0.0794172 0.0983747 0.118033 0.13842 0.15956 0.181474 0.204175 0.227672 0.25197 0.277065 0.302948 0.329601 0.357002 0.38512 0.41392 0.443357 0.473384 0.503947 0.534986 0.566439 0.598241 0.630322 0.662613 0.695043 0.72754 0.760035 0.792458 0.824741 0.856819 0.88863 0.920112 0.951209 0.981869 1.01204 1.04167 1.07073 1.09916 1.12693 1.154 1.18033 1.2059 1.23068 1.25464 1.27775 1.30001 1.32141 1.34194 1.36163 1.38051 1.39861 1.41599 1.43268 1.44876 1.46428 nan nan nan nan nan nan nan nan nan nan nan nan nan 
nan nan nan nan nan nan nan nan nan nan nan nan -0.256214 -0.242473 -0.229072 -0.215942 -0.20303 -0.190287 -0.177657 -0.165083 -0.152502 -0.139852 -0.127071 -0.114103 -0.100896 -0.0873992 -0.0735653 -0.0593477 -0.0447004 -0.0295785 -0.0139375 0.00226639 0.019076 0.036533 0.0546771 0.0735463 0.0931753 0.113596 0.134834 0.156914 0.179851 0.203657 0.228336 0.253885 0.280294 0.307547 0.335617 0.364473 0.394075 0.424376 0.455323 0.486857 0.518914 0.551426 0.58432 0.617522 0.650955 0.684543 0.718208 0.751874 0.785466 0.818911 0.85214 0.885084 0.91768 0.949868 0.981592 1.0128 1.04343 1.07346 1.10283 1.1315 1.15944 1.18661 1.21299 1.23854 1.26325 1.28709 1.31006 1.33214 1.35334 1.37366 1.39314 1.41179 1.42965 1.44674 1.46311 1.47881 1.4939 nan nan nan nan nan nan nan nan nan nan nan nan 
nan nan nan nan nan nan nan nan nan nan nan -0.283858 -0.270964 -0.258299 -0.245806 -0.233466 -0.221261 -0.209163 -0.197133 -0.185125 -0.173087 -0.160963 -0.148698 -0.136236 -0.123523 -0.110508 -0.0971394 -0.0833661 -0.0691381 -0.0544056 -0.0391193 -0.0232307 -0.00669196 0.0105432 0.0285193 0.0472784 0.0668597 0.0872984 0.108625 0.130866 0.15404 0.17816 0.203232 0.229253 0.256215 0.284099 0.312877 0.342515 0.372969 0.404189 0.436116 0.468685 0.501827 0.535465 0.569522 0.603915 0.638561 0.673376 0.708276 0.743178 0.778002 0.812668 0.847102 0.881232 0.91499 0.948313 0.981139 1.01342 1.04509 1.07611 1.10644 1.13604 1.16487 1.1929 1.2201 1.24644 1.2719 1.29647 1.32014 1.34289 1.36473 1.38567 1.40571 1.42488 1.44318 1.46063 1.47724 1.49302 1.50798 1.5222 nan nan nan nan nan nan nan nan nan nan nan 
nan nan nan nan nan nan nan nan nan nan -0.308796 -0.297769 -0.286415 -0.274875 -0.263296 -0.251755 -0.240276 -0.228853 -0.21746 -0.206062 -0.194611 -0.18306 -0.171353 -0.159438 -0.147261 -0.134766 -0.1219 -0.108607 -0.0948341 -0.0805258 -0.0656282 -0.0500876 -0.0338512 -0.0168675 0.000913257 0.0195381 0.0390509 0.0594914 0.0808946 0.10329 0.1267 0.15114 0.176617 0.203132 0.230673 0.259222 0.288749 0.319217 0.350579 0.382777 0.41575 0.449424 0.483723 0.518564 0.55386 0.589521 0.625457 0.661574 0.697782 0.733991 0.770112 0.806063 0.841761 0.877131 0.9121 0.946602 0.980573 1.01396 1.0467 1.07875 1.11007 1.14062 1.17036 1.19925 1.22728 1.25442 1.28064 1.30594 1.3303 1.35372 1.37618 1.39771 1.41829 1.43795 1.45667 1.47446 1.4913 1.50714 1.5219 1.5354 1.54751 nan nan nan nan nan nan nan nan nan nan 
nan nan nan nan nan nan nan nan nan nan -0.320857 -0.312963 -0.302988 -0.292407 -0.281656 -0.270878 -0.26012 -0.249387 -0.238658 -0.227903 -0.21708 -0.206141 -0.195036 -0.18371 -0.172108 -0.160174 -0.14785 -0.135078 -0.121798 -0.107952 -0.093481 -0.078325 -0.0624259 -0.0457267 -0.028172 -0.00970904 0.00971145 0.0301345 0.0516 0.0741416 0.0977858 0.122551 0.148448 0.175476 0.203626 0.232877 0.263199 0.29455 0.326879 0.360123 0.394213 0.429069 0.464605 0.500731 0.537351 0.574365 0.611673 0.649174 0.686769 0.724359 0.761851 0.799152 0.836176 0.872843 0.909075 0.944802 0.979959 1.01449 1.04833 1.08144 1.11377 1.14528 1.17594 1.20572 1.23459 1.26253 1.28952 1.31554 1.34059 1.36466 1.38774 1.40983 1.43094 1.45107 1.47021 1.48835 1.50544 1.52143 1.53613 1.54904 1.55859 nan nan nan nan nan nan nan nan nan nan 
nan nan nan nan nan nan nan nan nan -0.355958 -0.341775 -0.33118 -0.321092 -0.311024 -0.300943 -0.290871 -0.280819 -0.270782 -0.260739 -0.250656 -0.240495 -0.230207 -0.219743 -0.209047 -0.198063 -0.186732 -0.174992 -0.162783 -0.150039 -0.136698 -0.122694 -0.107963 -0.0924405 -0.0760629 -0.0587687 -0.0404989 -0.0211979 -0.000814658 0.0206963 0.043374 0.0672496 0.0923455 0.118674 0.146238 0.175028 0.205022 0.236188 0.26848 0.301842 0.336205 0.371492 0.407614 0.444477 0.48198 0.520015 0.558474 0.597246 0.63622 0.675287 0.714341 0.753277 0.792 0.830416 0.868438 0.905987 0.942987 0.979371 1.01508 1.05005 1.08424 1.11761 1.15011 1.18171 1.21238 1.24209 1.27083 1.29858 1.32532 1.35105 1.37576 1.39944 1.4221 1.44373 1.46432 1.48388 1.50238 1.51981 1.5361 1.55121 1.56511 1.57824 1.59367 nan nan nan nan nan nan nan nan nan 
nan nan nan nan nan nan nan nan -0.382351 -0.371143 -0.359977 -0.349801 -0.340087 -0.330557 -0.321113 -0.311724 -0.302374 -0.293043 -0.283704 -0.274322 -0.264854 -0.255255 -0.245471 -0.235448 -0.225124 -0.21444 -0.203329 -0.191727 -0.179565 -0.166774 -0.153284 -0.139022 -0.123919 -0.107905 -0.0909101 -0.072869 -0.0537188 -0.0334015 -0.011865 0.0109358 0.0350377 0.0604676 0.0872418 0.115364 0.144827 0.175608 0.207672 0.24097 0.275438 0.311002 0.347574 0.385057 0.423345 0.462325 0.501879 0.541884 0.58222 0.622764 0.663395 0.703999 0.744463 0.784682 0.824558 0.863998 0.902917 0.941238 0.978891 1.01581 1.05195 1.08725 1.12166 1.15516 1.18771 1.21928 1.24984 1.27939 1.30789 1.33535 1.36175 1.38709 1.41136 1.43456 1.45669 1.47775 1.49773 1.51662 1.5344 1.55106 1.56659 1.58105 1.5947 1.60811 1.62044 nan nan nan nan nan nan nan nan 
nan nan nan nan nan nan nan nan -0.394593 -0.387226 -0.378102 -0.368866 -0.359802 -0.350897 -0.342112 -0.333412 -0.324771 -0.31616 -0.307547 -0.298892 -0.290152 -0.281278 -0.272215 -0.262905 -0.253287 -0.243295 -0.232861 -0.221915 -0.210384 -0.198192 -0.185264 -0.171522 -0.156887 -0.141282 -0.124631 -0.106859 -0.0878954 -0.0676747 -0.0461366 -0.0232289 0.00109179 0.026858 0.0540903 0.0827961 0.112968 0.144584 0.177605 0.211978 0.247634 0.284489 0.322445 0.361394 0.401216 0.441786 0.482971 0.524636 0.566645 0.608864 0.65116 0.693408 0.735487 0.777282 0.818689 0.85961 0.899956 0.939646 0.978609 1.01678 1.0541 1.09053 1.12602 1.16053 1.19403 1.2265 1.25791 1.28825 1.31751 1.34567 1.37273 1.39869 1.42354 1.44727 1.4699 1.49142 1.51182 1.53109 1.54924 1.56625 1.58213 1.59688 1.6105 1.62269 1.63174 nan nan nan nan nan nan nan nan 
nan nan nan nan nan nan nan -0.427486 -0.415166 -0.406006 -0.397254 -0.388665 -0.380252 -0.372005 -0.3639 -0.355905 -0.347989 -0.340118 -0.332255 -0.324357 -0.316378 -0.308265 -0.299963 -0.291411 -0.282543 -0.273292 -0.263585 -0.253347 -0.242499 -0.230962 -0.21865 -0.205481 -0.191367 -0.176224 -0.159966 -0.142509 -0.123774 -0.103686 -0.0821752 -0.059181 -0.0346522 -0.00854952 0.0191532 0.0484669 0.0793863 0.111889 0.145933 0.181461 0.218395 0.256642 0.296092 0.336624 0.378103 0.420388 0.463329 0.506778 0.550581 0.59459 0.638661 0.682655 0.72644 0.769896 0.812908 0.855376 0.897204 0.938312 0.978624 1.01808 1.05661 1.09419 1.13076 1.16628 1.20074 1.23411 1.26637 1.2975 1.3275 1.35636 1.38406 1.41062 1.43603 1.46029 1.4834 1.50536 1.52617 1.54583 1.56434 1.5817 1.5979 1.61294 1.62681 1.63946 1.65111 1.66454 nan nan nan nan nan nan nan 
nan nan nan nan nan nan nan -0.440828 -0.433471 -0.42529 -0.41715 -0.409186 -0.401422 -0.39385 -0.386444 -0.379173 -0.372002 -0.364894 -0.357808 -0.350698 -0.343515 -0.336203 -0.328704 -0.320954 -0.312885 -0.304425 -0.295498 -0.286022 -0.275915 -0.265089 -0.253454 -0.240917 -0.227385 -0.212761 -0.196952 -0.179863 -0.161405 -0.141491 -0.120042 -0.0969869 -0.0722648 -0.0458282 -0.0176443 0.0123029 0.0440107 0.0774563 0.112596 0.149366 0.187679 0.227432 0.268501 0.310747 0.35402 0.39816 0.442999 0.488368 0.534099 0.580026 0.625989 0.671837 0.717428 0.762631 0.807327 0.851407 0.894775 0.937346 0.979046 1.01981 1.05958 1.09832 1.13598 1.17253 1.20794 1.24221 1.2753 1.30721 1.33794 1.36747 1.3958 1.42295 1.4489 1.47366 1.49723 1.51962 1.54083 1.56087 1.57973 1.59741 1.61393 1.62927 1.64342 1.65632 1.66781 1.67695 nan nan nan nan nan nan nan 
nan nan nan nan nan nan -0.475052 -0.462478 -0.453516 -0.44544 -0.437769 -0.430396 -0.423282 -0.416398 -0.40971 -0.403185 -0.396783 -0.390465 -0.384185 -0.377896 -0.371544 -0.365073 -0.35842 -0.351519 -0.344299 -0.336683 -0.328591 -0.319937 -0.310631 -0.30058 -0.289686 -0.277848 -0.264962 -0.250923 -0.235626 -0.218966 -0.20084 -0.18115 -0.159804 -0.136719 -0.111824 -0.0850596 -0.0563854 -0.025779 0.00676056 0.0412111 0.0775262 0.115635 0.155442 0.196828 0.239656 0.283766 0.328989 0.375141 0.422034 0.469478 0.517283 0.565266 0.61325 0.661069 0.708571 0.755614 0.802072 0.847832 0.892795 0.936873 0.979993 1.02209 1.06312 1.10302 1.14178 1.17935 1.21571 1.25086 1.28477 1.31745 1.34888 1.37907 1.40801 1.43572 1.46219 1.48743 1.51145 1.53425 1.55584 1.57623 1.59543 1.61343 1.63026 1.6459 1.66037 1.67369 1.68592 1.69755 1.7114 nan nan nan nan nan nan 
nan nan nan nan nan nan -0.488647 -0.481392 -0.473573 -0.466082 -0.458981 -0.45223 -0.445786 -0.43961 -0.433663 -0.427908 -0.422302 -0.416801 -0.411359 -0.405924 -0.400441 -0.394852 -0.38909 -0.383087 -0.376767 -0.370051 -0.362854 -0.355083 -0.346645 -0.337437 -0.327354 -0.316286 -0.304119 -0.290739 -0.276026 -0.259863 -0.242134 -0.222726 -0.201533 -0.178458 -0.153415 -0.126335 -0.0971639 -0.0658729 -0.0324557 0.00306702 0.0406461 0.0802033 0.121632 0.164798 0.209542 0.255687 0.303034 0.351377 0.400501 0.450191 0.500233 0.550424 0.600568 0.650484 0.700007 0.748985 0.797286 0.844792 0.891402 0.937029 0.9816 1.02505 1.06734 1.10842 1.14827 1.18685 1.22415 1.26016 1.29488 1.3283 1.36041 1.39123 1.42076 1.449 1.47596 1.50166 1.5261 1.54929 1.57124 1.59196 1.61147 1.62977 1.64688 1.66282 1.67759 1.69122 1.70374 1.71506 1.72423 nan nan nan nan nan nan 
nan nan nan nan nan -0.522871 -0.510444 -0.501782 -0.494201 -0.487228 -0.480729 -0.474632 -0.468886 -0.463445 -0.458266 -0.453306 -0.448523 -0.44387 -0.439298 -0.434753 -0.430179 -0.425513 -0.420689 -0.415634 -0.410269 -0.404512 -0.398271 -0.39145 -0.383948 -0.375657 -0.366462 -0.356243 -0.344878 -0.332236 -0.318188 -0.302601 -0.285344 -0.266287 -0.245307 -0.22229 -0.197135 -0.169755 -0.140086 -0.108086 -0.0737426 -0.0370745 0.00186701 0.0429959 0.086192 0.131303 0.178147 0.226517 0.27619 0.326925 0.37848 0.430607 0.483069 0.535635 0.58809 0.640236 0.691895 0.742906 0.79313 0.842447 0.890753 0.937964 0.984009 1.02883 1.07239 1.11464 1.15556 1.19514 1.23336 1.27022 1.30571 1.33983 1.3726 1.40402 1.4341 1.46284 1.49027 1.51639 1.54122 1.56477 1.58705 1.60808 1.62787 1.64645 1.66382 1.68002 1.69506 1.70899 1.72185 1.73379 1.74528 1.75918 nan nan nan nan nan 
nan nan nan nan nan -0.53632 -0.529351 -0.52199 -0.515117 -0.508788 -0.502953 -0.497554 -0.492539 -0.487862 -0.483479 -0.479344 -0.475413 -0.471639 -0.46797 -0.464352 -0.460726 -0.457028 -0.453188 -0.449132 -0.444779 -0.44004 -0.434821 -0.429021 -0.422531 -0.415235 -0.40701 -0.397728 -0.387252 -0.375441 -0.36215 -0.347229 -0.33053 -0.311904 -0.29121 -0.268312 -0.243088 -0.215435 -0.18527 -0.152539 -0.11722 -0.0793271 -0.0389133 0.00392635 0.0490562 0.0963018 0.145454 0.196273 0.2485 0.301859 0.356069 0.41085 0.465931 0.521055 0.575985 0.630504 0.684419 0.737562 0.789789 0.840976 0.891023 0.939846 0.987381 1.03358 1.07839 1.1218 1.16379 1.20433 1.24344 1.28111 1.31734 1.35215 1.38553 1.41751 1.4481 1.47732 1.50517 1.53168 1.55686 1.58073 1.60331 1.62462 1.64467 1.66348 1.68108 1.6975 1.71277 1.72691 1.74 1.75207 1.76306 1.77206 nan nan nan nan nan 
nan nan nan nan -0.569618 -0.557692 -0.549563 -0.542613 -0.536382 -0.53074 -0.525617 -0.520955 -0.516706 -0.512824 -0.509264 -0.505983 -0.502934 -0.500069 -0.497338 -0.494683 -0.492045 -0.489359 -0.486553 -0.48355 -0.480265 -0.476608 -0.47248 -0.467773 -0.462374 -0.456159 -0.448995 -0.440744 -0.431256 -0.420378 -0.407946 -0.393794 -0.377754 -0.359655 -0.339332 -0.316627 -0.291393 -0.263503 -0.232854 -0.199374 -0.163028 -0.123823 -0.0818139 -0.0371054 0.010149 0.0597484 0.11145 0.164975 0.220021 0.276267 0.33339 0.391067 0.448992 0.506876 0.564455 0.621496 0.677791 0.733165 0.787468 0.840581 0.892403 0.942858 0.991887 1.03945 1.08551 1.13005 1.17307 1.21455 1.25451 1.29295 1.32988 1.36532 1.39927 1.43177 1.46283 1.49247 1.52071 1.54757 1.57306 1.59722 1.62006 1.6416 1.66187 1.68089 1.69868 1.71528 1.73071 1.74502 1.75827 1.77053 1.78193 1.79298 1.8065 nan nan nan nan 
nan nan nan nan -0.58257 -0.576155 -0.569503 -0.563416 -0.557948 -0.553055 -0.548689 -0.544802 -0.54135 -0.538292 -0.535584 -0.533184 -0.531046 -0.529123 -0.527362 -0.525707 -0.524098 -0.522468 -0.520744 -0.518848 -0.516692 -0.514182 -0.511215 -0.50768 -0.503455 -0.49841 -0.492405 -0.485287 -0.476897 -0.467063 -0.455607 -0.442343 -0.427078 -0.409618 -0.389771 -0.367349 -0.342179 -0.314103 -0.282992 -0.24875 -0.211325 -0.170715 -0.126974 -0.0802167 -0.0306174 0.0215906 0.076123 0.132653 0.190825 0.250264 0.310592 0.37144 0.432457 0.49332 0.553738 0.613456 0.672256 0.729955 0.786404 0.841486 0.895107 0.9472 0.997716 1.04662 1.0939 1.13954 1.18354 1.22592 1.26668 1.30583 1.34341 1.37943 1.41391 1.44688 1.47836 1.50837 1.53695 1.5641 1.58987 1.61427 1.63733 1.65907 1.67951 1.69869 1.71663 1.73335 1.7489 1.76332 1.77664 1.78894 1.80025 1.81055 1.819 nan nan nan nan 
nan nan nan -0.613652 -0.602902 -0.595783 -0.589787 -0.584501 -0.579828 -0.575722 -0.572147 -0.569065 -0.566439 -0.56423 -0.562401 -0.560908 -0.55971 -0.558757 -0.558 -0.557381 -0.55684 -0.556311 -0.555718 -0.554983 -0.554015 -0.552719 -0.550987 -0.548704 -0.545743 -0.541965 -0.537221 -0.531349 -0.524174 -0.515511 -0.505162 -0.492918 -0.478563 -0.461875 -0.442628 -0.420604 -0.395591 -0.367398 -0.335862 -0.300855 -0.262302 -0.220187 -0.174559 -0.125546 -0.0733454 -0.0182305 0.0394634 0.0993496 0.161006 0.22399 0.287862 0.352191 0.416578 0.48066 0.544116 0.606671 0.668097 0.728209 0.786862 0.843943 0.899371 0.953092 1.00507 1.05528 1.10373 1.15042 1.19535 1.23856 1.28006 1.31987 1.35804 1.39457 1.42951 1.46289 1.49473 1.52507 1.55393 1.58134 1.60733 1.63193 1.65515 1.67704 1.69762 1.71691 1.73495 1.75175 1.76737 1.78182 1.79516 1.80743 1.81868 1.82904 1.83898 1.85124 nan nan nan 
nan nan nan -0.62544 -0.620514 -0.615205 -0.610273 -0.605871 -0.602027 -0.598734 -0.595973 -0.593719 -0.59194 -0.590604 -0.589675 -0.589115 -0.588881 -0.588928 -0.589205 -0.589657 -0.590224 -0.590838 -0.591425 -0.591905 -0.592187 -0.592172 -0.591751 -0.590803 -0.589197 -0.586787 -0.583415 -0.578909 -0.57308 -0.565727 -0.556631 -0.54556 -0.532271 -0.516508 -0.498013 -0.476525 -0.45179 -0.423573 -0.391667 -0.355905 -0.31618 -0.272452 -0.224766 -0.173257 -0.118156 -0.0597816 0.00146563 0.0651231 0.130686 0.197629 0.265432 0.333595 0.401661 0.46922 0.535922 0.601475 0.665643 0.728243 0.789139 0.848231 0.905455 0.960772 1.01417 1.06563 1.11519 1.16285 1.20865 1.25261 1.29477 1.33517 1.37384 1.41083 1.44617 1.47989 1.51203 1.54262 1.57171 1.59932 1.62547 1.65021 1.67357 1.69556 1.71622 1.73558 1.75366 1.7705 1.78613 1.80058 1.81387 1.82604 1.8371 1.84705 1.85575 1.86246 nan nan nan 
nan nan nan -0.643148 -0.639455 -0.635173 -0.631139 -0.62758 -0.624558 -0.622084 -0.62015 -0.618737 -0.617822 -0.617376 -0.617368 -0.617761 -0.618515 -0.619587 -0.620928 -0.622484 -0.624195 -0.625995 -0.62781 -0.629558 -0.63115 -0.632484 -0.63345 -0.633923 -0.633767 -0.632832 -0.63095 -0.627938 -0.623596 -0.617704 -0.610024 -0.600299 -0.588254 -0.573601 -0.556036 -0.535254 -0.51095 -0.482834 -0.450641 -0.414155 -0.373221 -0.32777 -0.277831 -0.22355 -0.165193 -0.103139 -0.0378693 0.0300557 0.100027 0.171414 0.243598 0.315995 0.388079 0.459393 0.529556 0.598261 0.665273 0.730416 0.793571 0.85466 0.91364 0.970497 1.02524 1.07788 1.12845 1.177 1.22357 1.2682 1.31093 1.35183 1.39093 1.42829 1.46394 1.49793 1.5303 1.56109 1.59033 1.61807 1.64434 1.66917 1.69259 1.71464 1.73533 1.75471 1.7728 1.78963 1.80522 1.81961 1.83281 1.84485 1.85572 1.86537 1.87357 1.87939 nan nan nan 
nan nan -0.676085 -0.665474 -0.659912 -0.655811 -0.652434 -0.649644 -0.647421 -0.64576 -0.644655 -0.644092 -0.644052 -0.64451 -0.645437 -0.646801 -0.648564 -0.650685 -0.653116 -0.655806 -0.658696 -0.661722 -0.66481 -0.66788 -0.670841 -0.673592 -0.676021 -0.678002 -0.679394 -0.680043 -0.679774 -0.678393 -0.675689 -0.671425 -0.665341 -0.657156 -0.646561 -0.633229 -0.61681 -0.596944 -0.573265 -0.545413 -0.513054 -0.475903 -0.433741 -0.386452 -0.334042 -0.276666 -0.214629 -0.148388 -0.0785298 -0.00573872 0.0692407 0.145645 0.222733 0.299819 0.376297 0.451659 0.525495 0.597492 0.667424 0.735136 0.800534 0.863571 0.924235 0.982542 1.03853 1.09223 1.14372 1.19304 1.24027 1.28545 1.32866 1.36996 1.40939 1.44702 1.4829 1.51708 1.5496 1.58051 1.60985 1.63766 1.66397 1.68883 1.71226 1.7343 1.75498 1.77433 1.79238 1.80915 1.82467 1.83896 1.85205 1.86395 1.87466 1.88424 1.89283 1.90121 1.91325 nan nan 
nan nan -0.687735 -0.683644 -0.679824 -0.676635 -0.674044 -0.672031 -0.670596 -0.669742 -0.669465 -0.669754 -0.670594 -0.671965 -0.673839 -0.676189 -0.678977 -0.682167 -0.685712 -0.689564 -0.693665 -0.697954 -0.702358 -0.706799 -0.711186 -0.715421 -0.719389 -0.722964 -0.726004 -0.72835 -0.72982 -0.730216 -0.729311 -0.726854 -0.722566 -0.716136 -0.707226 -0.695462 -0.680445 -0.661751 -0.63894 -0.611569 -0.579216 -0.541499 -0.498115 -0.448879 -0.393756 -0.332903 -0.266676 -0.195629 -0.120488 -0.042101 0.0386128 0.120719 0.203322 0.28561 0.366889 0.446599 0.524308 0.59971 0.672602 0.742864 0.810443 0.875334 0.937567 0.997196 1.05429 1.10892 1.16118 1.21114 1.25889 1.30451 1.34807 1.38965 1.42931 1.46711 1.50312 1.53739 1.56998 1.60093 1.63029 1.65809 1.68439 1.70922 1.7326 1.75459 1.7752 1.79447 1.81242 1.82909 1.8445 1.85866 1.8716 1.88332 1.89385 1.90318 1.91137 1.91849 1.92425 nan nan 
nan nan -0.704478 -0.702491 -0.700028 -0.697772 -0.695972 -0.694723 -0.694062 -0.694003 -0.694547 -0.695687 -0.69741 -0.699698 -0.702529 -0.705874 -0.709702 -0.713977 -0.718657 -0.723694 -0.729035 -0.73462 -0.74038 -0.746239 -0.752107 -0.757888 -0.763469 -0.768724 -0.773511 -0.777666 -0.781008 -0.783328 -0.784392 -0.783935 -0.781658 -0.777225 -0.770262 -0.760353 -0.74704 -0.729829 -0.708194 -0.681591 -0.64948 -0.611358 -0.566802 -0.515522 -0.457417 -0.392635 -0.321592 -0.244974 -0.163691 -0.0788073 0.008527 0.0971556 0.185987 0.274058 0.360575 0.444926 0.526678 0.60555 0.681384 0.754117 0.823756 0.890351 0.953986 1.01476 1.07278 1.12817 1.18103 1.23146 1.27959 1.32549 1.36926 1.41099 1.45075 1.48862 1.52466 1.55893 1.59149 1.6224 1.65169 1.67942 1.70563 1.73036 1.75364 1.77551 1.79599 1.81513 1.83295 1.84948 1.86473 1.87873 1.89149 1.90302 1.91332 1.92236 1.93006 1.93617 1.94001 nan nan 
nan nan -0.724164 -0.722745 -0.720945 -0.719357 -0.718243 -0.717707 -0.717792 -0.718512 -0.719868 -0.721854 -0.724459 -0.727666 -0.731456 -0.735805 -0.740682 -0.746055 -0.751885 -0.758128 -0.764734 -0.771645 -0.778796 -0.786114 -0.793514 -0.800901 -0.808165 -0.815182 -0.821811 -0.82789 -0.833234 -0.837632 -0.840841 -0.842587 -0.842553 -0.84038 -0.83566 -0.827932 -0.816679 -0.801327 -0.781252 -0.755788 -0.72425 -0.685972 -0.64036 -0.586969 -0.525589 -0.456336 -0.379702 -0.29655 -0.208043 -0.11554 -0.0204927 0.0756525 0.171551 0.266053 0.358256 0.447515 0.53342 0.61575 0.694425 0.769469 0.840967 0.909045 0.973852 1.03554 1.09427 1.15019 1.20345 1.25417 1.30248 1.34851 1.39234 1.43408 1.47381 1.51162 1.54757 1.58173 1.61417 1.64494 1.67409 1.70166 1.72771 1.75227 1.77538 1.79707 1.81739 1.83634 1.85398 1.87031 1.88537 1.89918 1.91174 1.92306 1.93315 1.94197 1.9494 1.95518 1.95864 nan nan 
nan nan -0.746184 -0.744295 -0.742555 -0.741366 -0.740822 -0.740947 -0.74175 -0.743231 -0.745388 -0.748213 -0.751695 -0.755821 -0.760571 -0.765926 -0.771858 -0.778338 -0.78533 -0.792794 -0.800684 -0.808946 -0.817519 -0.826333 -0.83531 -0.844356 -0.853368 -0.862226 -0.87079 -0.878901 -0.886377 -0.893005 -0.89854 -0.902699 -0.905153 -0.905524 -0.903372 -0.898194 -0.889413 -0.876371 -0.858334 -0.834491 -0.80398 -0.765918 -0.719474 -0.663966 -0.599002 -0.524622 -0.441411 -0.350492 -0.253386 -0.151846 -0.0477234 0.0571524 0.161104 0.262747 0.361073 0.455438 0.545504 0.631163 0.712463 0.789544 0.862602 0.931857 0.997532 1.05985 1.11901 1.17521 1.22862 1.2794 1.32771 1.37366 1.41738 1.45897 1.49853 1.53614 1.57189 1.60583 1.63805 1.66858 1.6975 1.72484 1.75065 1.77497 1.79784 1.8193 1.83938 1.85811 1.87551 1.89162 1.90644 1.92002 1.93235 1.94347 1.95337 1.96205 1.96949 1.97558 1.97981 nan nan 
nan -0.78184 -0.770961 -0.766592 -0.764512 -0.763624 -0.763614 -0.764379 -0.765885 -0.768117 -0.771064 -0.77472 -0.779073 -0.784112 -0.789821 -0.796181 -0.80317 -0.810761 -0.818922 -0.827618 -0.836806 -0.846437 -0.856456 -0.866798 -0.877388 -0.888142 -0.89896 -0.909727 -0.920312 -0.93056 -0.940293 -0.949301 -0.95734 -0.964126 -0.969322 -0.972535 -0.973304 -0.971086 -0.965247 -0.955047 -0.939633 -0.918033 -0.889166 -0.851873 -0.80499 -0.747475 -0.67862 -0.598306 -0.507233 -0.40693 -0.299449 -0.187072 -0.0721592 0.0429494 0.156113 0.265654 0.370476 0.470008 0.564075 0.652763 0.736305 0.815008 0.889206 0.959227 1.02538 1.08796 1.14722 1.2034 1.25669 1.30729 1.35536 1.40104 1.44446 1.48574 1.52497 1.56225 1.59765 1.63126 1.66314 1.69335 1.72194 1.74896 1.77445 1.79847 1.82104 1.8422 1.86199 1.88043 1.89756 1.91338 1.92794 1.94125 1.95334 1.96421 1.97391 1.98248 1.99004 1.99693 2.00433 2.01683 nan 
nan -0.793756 -0.790093 -0.787496 -0.786174 -0.785896 -0.78651 -0.787939 -0.790149 -0.793123 -0.796852 -0.801329 -0.806545 -0.812489 -0.81915 -0.826512 -0.834555 -0.843256 -0.852588 -0.86252 -0.873014 -0.884027 -0.895509 -0.907401 -0.919636 -0.932135 -0.944808 -0.957547 -0.970228 -0.982707 -0.994811 -1.00634 -1.01706 -1.02668 -1.03487 -1.04124 -1.0453 -1.04649 -1.04412 -1.03738 -1.02529 -1.00672 -0.98033 -0.944614 -0.89795 -0.838751 -0.765757 -0.678499 -0.577812 -0.465948 -0.345783 -0.220275 -0.0923907 0.0348495 0.158595 0.276784 0.38831 0.492824 0.590466 0.68163 0.766816 0.846546 0.921317 0.991581 1.05774 1.12016 1.17913 1.23493 1.2878 1.33794 1.38553 1.43071 1.47363 1.51441 1.55315 1.58995 1.62489 1.65804 1.68947 1.71924 1.74741 1.77403 1.79913 1.82277 1.84497 1.86578 1.88522 1.90332 1.92011 1.93562 1.94987 1.96288 1.97466 1.98526 1.9947 2.00303 2.01035 2.01687 2.02288 2.0283 nan 
nan -0.810339 -0.809097 -0.808041 -0.807693 -0.808167 -0.809468 -0.811582 -0.814498 -0.818208 -0.822709 -0.827995 -0.834062 -0.840901 -0.848504 -0.856858 -0.865948 -0.875754 -0.886253 -0.89742 -0.909222 -0.921622 -0.934576 -0.948033 -0.961933 -0.976206 -0.990771 -1.00553 -1.02037 -1.03516 -1.04974 -1.06392 -1.07748 -1.09014 -1.10158 -1.1114 -1.11914 -1.1242 -1.12587 -1.12328 -1.11536 -1.10079 -1.07797 -1.04499 -0.999629 -0.939468 -0.862276 -0.766788 -0.653928 -0.527469 -0.391627 -0.250113 -0.10645 0.0354335 0.171387 0.298845 0.416922 0.525803 0.626183 0.718923 0.804878 0.884824 0.959438 1.0293 1.09489 1.15664 1.21489 1.26994 1.32205 1.37142 1.41826 1.46271 1.50492 1.54502 1.5831 1.61926 1.65359 1.68616 1.71703 1.74627 1.77393 1.80005 1.82468 1.84786 1.86963 1.89001 1.90905 1.92676 1.94318 1.95832 1.97222 1.98488 1.99633 2.0066 2.01571 2.02368 2.03057 2.0364 2.0411 2.04418 nan 
nan -0.829126 -0.828855 -0.828797 -0.829292 -0.830501 -0.832491 -0.835286 -0.838899 -0.843333 -0.848591 -0.854672 -0.861575 -0.869295 -0.877826 -0.88716 -0.897284 -0.908183 -0.919841 -0.932235 -0.94534 -0.959123 -0.97355 -0.988576 -1.00415 -1.02022 -1.0367 -1.05351 -1.07056 -1.08773 -1.10487 -1.1218 -1.13834 -1.15422 -1.16914 -1.18272 -1.1945 -1.20391 -1.21022 -1.21254 -1.20972 -1.20032 -1.18249 -1.15387 -1.11153 -1.05186 -0.970941 -0.865613 -0.736397 -0.590945 -0.435683 -0.274747 -0.111649 0.0485465 0.198631 0.335531 0.459268 0.571167 0.672846 0.765807 0.851322 0.930436 1.00399 1.07268 1.13706 1.19757 1.25462 1.30849 1.35947 1.40777 1.45358 1.49705 1.53834 1.57756 1.61481 1.65018 1.68376 1.71562 1.74582 1.77442 1.80147 1.82701 1.85109 1.87374 1.89501 1.91491 1.93348 1.95075 1.96675 1.98148 1.99498 2.00726 2.01834 2.02824 2.03696 2.04453 2.05094 2.05614 2.05999 2.06216 nan 
nan -0.849123 -0.849325 -0.849914 -0.851078 -0.852942 -0.855581 -0.859033 -0.863322 -0.868461 -0.874457 -0.881315 -0.889036 -0.897618 -0.90706 -0.917356 -0.928497 -0.940474 -0.953275 -0.966881 -0.981275 -0.996431 -1.01232 -1.02891 -1.04616 -1.06402 -1.08243 -1.10132 -1.12061 -1.14019 -1.15995 -1.17973 -1.19936 -1.21861 -1.2372 -1.2548 -1.27098 -1.28519 -1.29674 -1.30474 -1.30805 -1.30514 -1.29401 -1.27195 -1.23527 -1.17889 -1.09609 -0.979252 -0.825555 -0.654559 -0.475738 -0.291943 -0.104629 0.0804208 0.246701 0.391906 0.518933 0.631329 0.732045 0.823321 0.90683 0.983827 1.05527 1.12192 1.18434 1.24303 1.29834 1.35061 1.40008 1.44697 1.49147 1.53372 1.57386 1.61201 1.64825 1.68268 1.71538 1.7464 1.77582 1.80367 1.83002 1.85489 1.87834 1.9004 1.92109 1.94045 1.95851 1.97528 1.9908 2.00508 2.01814 2.03001 2.04068 2.05018 2.0585 2.06565 2.0716 2.0763 2.07962 2.08138 nan 
nan -0.869843 -0.870324 -0.871364 -0.87306 -0.875494 -0.878728 -0.8828 -0.887737 -0.893556 -0.900268 -0.90788 -0.916396 -0.92582 -0.93615 -0.947386 -0.959523 -0.972556 -0.986476 -1.00127 -1.01694 -1.03345 -1.05078 -1.06892 -1.08783 -1.10747 -1.1278 -1.14876 -1.1703 -1.19232 -1.21473 -1.23741 -1.2602 -1.28293 -1.30536 -1.3272 -1.34806 -1.36747 -1.38481 -1.39925 -1.40969 -1.41468 -1.4122 -1.39941 -1.37216 -1.32409 -1.24478 -1.11688 -0.919007 -0.713248 -0.508122 -0.299882 -0.0825372 0.143056 0.326014 0.474705 0.599856 0.708521 0.805039 0.892177 0.971794 1.04521 1.11338 1.17704 1.23675 1.29297 1.34603 1.39624 1.44382 1.48898 1.53188 1.57266 1.61144 1.64832 1.68339 1.71673 1.7484 1.77847 1.80698 1.834 1.85955 1.88367 1.90641 1.9278 1.94786 1.96662 1.9841 2.00033 2.01533 2.02912 2.04171 2.05311 2.06335 2.07243 2.08034 2.08708 2.09262 2.09692 2.09989 2.10141 nan 
nan -0.890993 -0.891675 -0.89306 -0.895195 -0.898128 -0.901905 -0.906557 -0.912109 -0.91858 -0.925981 -0.934322 -0.943609 -0.953848 -0.965041 -0.97719 -0.990296 -1.00436 -1.01937 -1.03533 -1.05223 -1.07006 -1.08882 -1.10847 -1.12901 -1.15041 -1.17264 -1.19566 -1.21942 -1.24387 -1.26894 -1.29453 -1.32053 -1.34681 -1.37317 -1.39938 -1.42515 -1.45008 -1.47364 -1.49514 -1.51364 -1.52785 -1.53595 -1.53536 -1.52225 -1.49038 -1.42774 -1.30349 -1.00187 -0.754532 -0.527329 -0.299743 -0.0497179 0.267305 0.453912 0.591544 0.705183 0.804008 0.892297 0.972491 1.04617 1.11446 1.17816 1.23789 1.29413 1.34725 1.39754 1.44525 1.49058 1.53369 1.57472 1.61379 1.651 1.68643 1.72016 1.75226 1.78277 1.81177 1.83928 1.86535 1.89001 1.91331 1.93527 1.95592 1.97528 1.99338 2.01024 2.02587 2.04031 2.05356 2.06564 2.07657 2.08634 2.09498 2.10247 2.10882 2.11399 2.11796 2.12067 2.12205 nan 
nan -0.912371 -0.913226 -0.914906 -0.91742 -0.920799 -0.925073 -0.930266 -0.936401 -0.943493 -0.951555 -0.960597 -0.970627 -0.981652 -0.993679 -1.00671 -1.02075 -1.03581 -1.05188 -1.06897 -1.08707 -1.10619 -1.12632 -1.14745 -1.16958 -1.19269 -1.21678 -1.24181 -1.26776 -1.29461 -1.3223 -1.35078 -1.37997 -1.40979 -1.44011 -1.47077 -1.50156 -1.53218 -1.56227 -1.59129 -1.61852 -1.64296 -1.66319 -1.67725 -1.68245 -1.67543 -1.65333 -1.62051 nan nan nan nan nan 0.568929 0.65179 0.745242 0.8344 0.916869 0.992985 1.06356 1.12939 1.19109 1.2492 1.30412 1.35617 1.4056 1.45264 1.49745 1.54018 1.58095 1.61985 1.65699 1.69243 1.72624 1.75848 1.78919 1.81843 1.84623 1.87264 1.89767 1.92137 1.94377 1.96487 1.98472 2.00332 2.02071 2.03689 2.05189 2.06572 2.0784 2.08994 2.10035 2.10964 2.11782 2.12488 2.13084 2.13567 2.13936 2.14187 2.14316 nan 
nan -0.933798 -0.934855 -0.936811 -0.939669 -0.943453 -0.948186 -0.953887 -0.960573 -0.968256 -0.976949 -0.986662 -0.997404 -1.00918 -1.02201 -1.03589 -1.05084 -1.06685 -1.08394 -1.10211 -1.12137 -1.14173 -1.16318 -1.18574 -1.2094 -1.23417 -1.26005 -1.28703 -1.31511 -1.34428 -1.37452 -1.40582 -1.43814 -1.47145 -1.50567 -1.54074 -1.57654 -1.6129 -1.6496 -1.68634 -1.72264 -1.75787 -1.79107 -1.82091 -1.84554 -1.86274 -1.87068 -1.87054 nan nan nan nan nan 0.816264 0.857548 0.916238 0.979852 1.04333 1.10485 1.16387 1.2203 1.27425 1.32582 1.37517 1.42241 1.46766 1.51101 1.55257 1.59239 1.63054 1.6671 1.7021 1.73559 1.76762 1.79823 1.82744 1.85529 1.8818 1.907 1.93092 1.95357 1.97499 1.99517 2.01415 2.03195 2.04856 2.06402 2.07834 2.09153 2.10359 2.11456 2.12442 2.1332 2.14091 2.14754 2.1531 2.1576 2.16103 2.16339 2.16466 nan 
-0.953987 -0.955076 -0.956485 -0.95871 -0.961879 -0.966034 -0.971195 -0.977374 -0.984582 -0.992828 -1.00212 -1.01248 -1.0239 -1.0364 -1.04999 -1.06468 -1.08049 -1.09741 -1.11547 -1.13468 -1.15505 -1.17658 -1.1993 -1.22322 -1.24835 -1.2747 -1.3023 -1.33114 -1.36125 -1.39265 -1.42534 -1.45935 -1.49467 -1.53133 -1.56933 -1.60867 -1.64933 -1.69128 -1.73449 -1.77884 -1.82418 -1.87025 -1.91658 -1.96242 -2.00648 -2.04653 -2.07892 -2.09813 nan nan nan nan nan -5.23972 -5.22051 -5.18813 -5.14807 -5.10402 -5.05817 -5.01184 -4.96577 -4.92043 -4.87608 -4.83288 -4.79092 -4.75026 -4.71092 -4.67293 -4.63627 -4.60094 -4.56694 -4.53424 -4.50285 -4.47273 -4.44389 -4.4163 -4.38994 -4.36482 -4.3409 -4.31818 -4.29664 -4.27627 -4.25707 -4.239 -4.22208 -4.20627 -4.19158 -4.17799 -4.16549 -4.15407 -4.14372 -4.13442 -4.12617 -4.11897 -4.11279 -4.10763 -4.10347 -4.1003 -4.09808 -4.09667 -4.09558 
nan -0.976934 -0.978199 -0.980559 -0.98399 -0.988488 -0.994053 -1.00069 -1.00839 -1.01717 -1.02704 -1.038 -1.05007 -1.06325 -1.07757 -1.09303 -1.10965 -1.12744 -1.14642 -1.16661 -1.18802 -1.21067 -1.23459 -1.25979 -1.28631 -1.31415 -1.34336 -1.37397 -1.406 -1.43949 -1.47449 -1.51105 -1.54921 -1.58903 -1.63058 -1.67393 -1.71918 -1.76643 -1.81577 -1.86735 -1.92129 -1.97773 -2.03674 -2.09827 -2.16174 -2.22535 -2.28404 -2.32533 nan nan nan nan nan -5.01213 -5.01227 -5.00433 -4.98714 -4.9625 -4.93266 -4.89946 -4.86424 -4.82793 -4.7912 -4.75449 -4.71813 -4.68233 -4.64727 -4.61304 -4.57974 -4.54741 -4.51612 -4.48587 -4.4567 -4.42862 -4.40164 -4.37577 -4.351 -4.32733 -4.30477 -4.28332 -4.26296 -4.2437 -4.22553 -4.20844 -4.19243 -4.17749 -4.1636 -4.15078 -4.139 -4.12825 -4.11854 -4.10985 -4.10217 -4.09548 -4.08978 -4.08505 -4.08126 -4.0784 -4.07645 -4.07539 nan 
nan -0.998428 -0.999719 -1.00223 -1.00592 -1.01075 -1.01671 -1.02378 -1.03196 -1.04125 -1.05166 -1.06319 -1.07587 -1.0897 -1.1047 -1.12089 -1.13827 -1.15688 -1.17672 -1.19783 -1.22022 -1.24392 -1.26895 -1.29536 -1.32316 -1.3524 -1.38312 -1.41535 -1.44916 -1.4846 -1.52174 -1.56065 -1.60141 -1.64414 -1.68895 -1.73599 -1.78543 -1.83747 -1.89239 -1.9505 -2.01221 -2.07803 -2.14861 -2.22472 -2.30719 -2.39635 -2.4898 -2.57266 nan nan nan nan nan -4.76211 -4.79493 -4.81702 -4.82404 -4.81884 -4.80478 -4.78455 -4.76011 -4.73288 -4.70386 -4.67378 -4.64315 -4.61236 -4.5817 -4.55138 -4.52156 -4.49237 -4.46389 -4.4362 -4.40936 -4.3834 -4.35837 -4.33429 -4.31117 -4.28904 -4.26791 -4.24778 -4.22867 -4.21056 -4.19347 -4.1774 -4.16235 -4.1483 -4.13527 -4.12324 -4.11222 -4.10219 -4.09315 -4.08509 -4.07799 -4.07186 -4.06667 -4.06239 -4.05901 -4.0565 -4.05482 -4.05396 nan 
nan -1.01954 -1.02092 -1.02363 -1.0276 -1.03278 -1.03912 -1.04661 -1.05525 -1.06502 -1.07595 -1.08803 -1.10128 -1.11572 -1.13136 -1.14822 -1.16631 -1.18568 -1.20632 -1.22828 -1.25158 -1.27625 -1.30232 -1.32983 -1.35882 -1.38934 -1.42143 -1.45516 -1.49059 -1.5278 -1.56687 -1.6079 -1.65101 -1.69634 -1.74405 -1.79435 -1.84746 -1.9037 -1.96343 -2.02713 -2.09542 -2.1691 -2.2493 -2.33758 -2.43641 -2.55005 -2.68768 -2.87429 -3.19131 -3.44134 -3.66892 -3.89612 -4.14346 -4.44508 -4.56933 -4.63197 -4.66384 -4.67696 -4.67754 -4.66944 -4.65524 -4.63674 -4.61523 -4.59167 -4.56674 -4.54098 -4.51476 -4.4884 -4.46213 -4.43612 -4.41053 -4.38546 -4.36101 -4.33725 -4.31423 -4.292 -4.2706 -4.25006 -4.23041 -4.21166 -4.19383 -4.17692 -4.16096 -4.14595 -4.13189 -4.11878 -4.10663 -4.09544 -4.0852 -4.07591 -4.06757 -4.06017 -4.0537 -4.04815 -4.0435 -4.03972 -4.03679 -4.03465 -4.03327 -4.03259 nan 
nan -1.04018 -1.04171 -1.04467 -1.04897 -1.05451 -1.06125 -1.06917 -1.07824 -1.08848 -1.09989 -1.11248 -1.12626 -1.14126 -1.15749 -1.17498 -1.19374 -1.21379 -1.23518 -1.25792 -1.28205 -1.3076 -1.33461 -1.36312 -1.39319 -1.42486 -1.4582 -1.49327 -1.53015 -1.56893 -1.60971 -1.65261 -1.69777 -1.74536 -1.79556 -1.84863 -1.90484 -1.96455 -2.02821 -2.09639 -2.1698 -2.24942 -2.33655 -2.43307 -2.54174 -2.66689 -2.81558 -2.99854 -3.22413 -3.44147 -3.64972 -3.85484 -4.0606 -4.25848 -4.38638 -4.46569 -4.51376 -4.541 -4.55379 -4.55628 -4.55129 -4.54084 -4.5264 -4.50907 -4.48966 -4.46879 -4.44696 -4.42453 -4.4018 -4.379 -4.35632 -4.33391 -4.31189 -4.29035 -4.26939 -4.24906 -4.22942 -4.21051 -4.19237 -4.17504 -4.15853 -4.14287 -4.12807 -4.11415 -4.10112 -4.08898 -4.07774 -4.06741 -4.05799 -4.04947 -4.04186 -4.03515 -4.02933 -4.02439 -4.02032 -4.01709 -4.01465 -4.01296 -4.01192 -4.01144 nan 
nan -1.06022 -1.06197 -1.06529 -1.06999 -1.07594 -1.08309 -1.09142 -1.10091 -1.11159 -1.12345 -1.13651 -1.15079 -1.16631 -1.18309 -1.20114 -1.2205 -1.2412 -1.26325 -1.2867 -1.31157 -1.33792 -1.36577 -1.39519 -1.42621 -1.45891 -1.49334 -1.52959 -1.56773 -1.60787 -1.65012 -1.69462 -1.74151 -1.79098 -1.84325 -1.89857 -1.95725 -2.01968 -2.08632 -2.15777 -2.23476 -2.31827 -2.40955 -2.51026 -2.62266 -2.74969 -2.89489 -3.06117 -3.24622 -3.43354 -3.61733 -3.79615 -3.96715 -4.12084 -4.23768 -4.32048 -4.37686 -4.41354 -4.4356 -4.44673 -4.44964 -4.44634 -4.43833 -4.42678 -4.41257 -4.39639 -4.37879 -4.3602 -4.34095 -4.32132 -4.30154 -4.28178 -4.2622 -4.24291 -4.22402 -4.20561 -4.18775 -4.1705 -4.15391 -4.13802 -4.12287 -4.10847 -4.09487 -4.08207 -4.07009 -4.05895 -4.04865 -4.03921 -4.03063 -4.02291 -4.01605 -4.01005 -4.00491 -4.00063 -3.99717 -3.99454 -3.99267 -3.99151 -3.99092 -3.99072 nan 
nan -1.07943 -1.0816 -1.08546 -1.09066 -1.09706 -1.10463 -1.11336 -1.12325 -1.13433 -1.14662 -1.16011 -1.17485 -1.19084 -1.20811 -1.22668 -1.24659 -1.26785 -1.2905 -1.31458 -1.34012 -1.36717 -1.39577 -1.42597 -1.45783 -1.49141 -1.52679 -1.56404 -1.60325 -1.64454 -1.68802 -1.73382 -1.78212 -1.8331 -1.88698 -1.94402 -2.00454 -2.06891 -2.1376 -2.21116 -2.29027 -2.37579 -2.46875 -2.57043 -2.68232 -2.80606 -2.94296 -3.09305 -3.25324 -3.41634 -3.57728 -3.73254 -3.87799 -4.00721 -4.11253 -4.19346 -4.25312 -4.29547 -4.32408 -4.34191 -4.35132 -4.35413 -4.35181 -4.3455 -4.33609 -4.32431 -4.31073 -4.29581 -4.27993 -4.2634 -4.24646 -4.22932 -4.21216 -4.19511 -4.17829 -4.16181 -4.14574 -4.13017 -4.11514 -4.10072 -4.08693 -4.07383 -4.06143 -4.04978 -4.03888 -4.02875 -4.01942 -4.01089 -4.00317 -3.99626 -3.99018 -3.98493 -3.98049 -3.97688 -3.97408 -3.97209 -3.97088 -3.97039 -3.97045 -3.97072 nan 
nan -1.09742 -1.10049 -1.10519 -1.11102 -1.11791 -1.12589 -1.13499 -1.14526 -1.15671 -1.16938 -1.18327 -1.19841 -1.21483 -1.23254 -1.25158 -1.27196 -1.29373 -1.31691 -1.34154 -1.36766 -1.39532 -1.42456 -1.45543 -1.488 -1.52233 -1.55849 -1.59658 -1.63667 -1.67888 -1.72334 -1.77017 -1.81955 -1.87165 -1.9267 -1.98495 -2.0467 -2.1123 -2.18215 -2.25677 -2.33671 -2.42267 -2.51541 -2.61579 -2.72467 -2.84275 -2.97021 -3.10616 -3.24804 -3.39171 -3.53322 -3.66906 -3.79552 -3.90838 -4.00387 -4.08106 -4.14122 -4.18659 -4.21956 -4.24238 -4.25695 -4.26487 -4.26746 -4.26579 -4.26073 -4.253 -4.24317 -4.23173 -4.21907 -4.20551 -4.19133 -4.17675 -4.16196 -4.14712 -4.13236 -4.1178 -4.10353 -4.08963 -4.07617 -4.06321 -4.05081 -4.03901 -4.02785 -4.01735 -4.00754 -3.99845 -3.9901 -3.98249 -3.97565 -3.96959 -3.9643 -3.9598 -3.95609 -3.95317 -3.95106 -3.94976 -3.94929 -3.94963 -3.95069 -3.95193 nan 
nan -1.1133 -1.11871 -1.12472 -1.13124 -1.13857 -1.1469 -1.15633 -1.16693 -1.17872 -1.19172 -1.20597 -1.22148 -1.23827 -1.25638 -1.27582 -1.29662 -1.31883 -1.34246 -1.36756 -1.39418 -1.42235 -1.45212 -1.48355 -1.51671 -1.55164 -1.58844 -1.62718 -1.66796 -1.71088 -1.75607 -1.80365 -1.85379 -1.90666 -1.96246 -2.02144 -2.08385 -2.15001 -2.22028 -2.29505 -2.37478 -2.45996 -2.55113 -2.64877 -2.75328 -2.86481 -2.983 -3.10674 -3.23398 -3.36187 -3.48738 -3.60754 -3.7194 -3.82009 -3.90735 -3.98034 -4.03954 -4.08621 -4.12192 -4.14831 -4.16689 -4.17897 -4.18571 -4.18808 -4.18689 -4.18283 -4.17647 -4.16827 -4.15865 -4.14793 -4.1364 -4.1243 -4.11182 -4.09914 -4.0864 -4.07373 -4.06123 -4.04899 -4.0371 -4.02562 -4.01461 -4.00411 -3.99418 -3.98485 -3.97615 -3.9681 -3.96074 -3.95408 -3.94814 -3.94292 -3.93845 -3.93472 -3.93174 -3.92953 -3.9281 -3.92749 -3.92777 -3.92909 -3.93169 -3.93535 nan 
nan -1.12477 -1.13727 -1.14467 -1.15155 -1.15911 -1.16768 -1.17738 -1.18826 -1.20034 -1.21365 -1.22821 -1.24404 -1.26116 -1.2796 -1.29939 -1.32055 -1.34312 -1.36714 -1.39264 -1.41966 -1.44824 -1.47845 -1.51033 -1.54394 -1.57935 -1.61662 -1.65586 -1.69713 -1.74055 -1.78623 -1.8343 -1.8849 -1.93819 -1.99437 -2.05363 -2.11621 -2.18237 -2.25239 -2.32658 -2.40529 -2.48883 -2.57752 -2.67158 -2.77112 -2.87594 -2.98548 -3.09864 -3.21375 -3.32866 -3.44104 -3.54852 -3.64883 -3.7399 -3.82021 -3.88907 -3.94658 -3.99347 -4.03076 -4.05963 -4.08123 -4.09664 -4.10684 -4.11268 -4.1149 -4.11413 -4.11091 -4.10572 -4.09893 -4.09089 -4.08189 -4.07215 -4.0619 -4.05132 -4.04055 -4.02973 -4.01898 -4.00839 -3.99805 -3.98803 -3.9784 -3.96921 -3.96051 -3.95235 -3.94476 -3.93777 -3.93141 -3.9257 -3.92067 -3.91631 -3.91266 -3.90971 -3.90748 -3.90597 -3.90521 -3.90522 -3.9061 -3.90818 -3.91255 -3.92343 nan 
nan nan -1.16179 -1.16602 -1.1721 -1.17954 -1.18822 -1.19812 -1.20924 -1.22157 -1.23515 -1.24998 -1.26608 -1.28348 -1.30221 -1.32229 -1.34375 -1.36662 -1.39095 -1.41676 -1.4441 -1.47301 -1.50355 -1.53576 -1.5697 -1.60545 -1.64306 -1.68262 -1.72421 -1.76793 -1.81388 -1.86219 -1.91298 -1.96639 -2.02259 -2.08175 -2.14406 -2.20974 -2.27899 -2.35205 -2.42913 -2.51043 -2.59609 -2.68615 -2.78052 -2.87885 -2.98049 -3.08444 -3.18932 -3.29344 -3.39498 -3.49208 -3.583 -3.66621 -3.74059 -3.80556 -3.86107 -3.90751 -3.94557 -3.97608 -3.99993 -4.01796 -4.03101 -4.03979 -4.04496 -4.04712 -4.04675 -4.04429 -4.04013 -4.0346 -4.02797 -4.02049 -4.01238 -4.00382 -3.99496 -3.98595 -3.9769 -3.96793 -3.95911 -3.95054 -3.94228 -3.93439 -3.92692 -3.91993 -3.91345 -3.90752 -3.90216 -3.89741 -3.89329 -3.88981 -3.88698 -3.88482 -3.88334 -3.88254 -3.88241 -3.88296 -3.88415 -3.88589 -3.88778 nan nan 
nan nan -1.18295 -1.18641 -1.19219 -1.19962 -1.20844 -1.21853 -1.22986 -1.24242 -1.25622 -1.27128 -1.28761 -1.30525 -1.32421 -1.34452 -1.36621 -1.38932 -1.41388 -1.43993 -1.46751 -1.49665 -1.52742 -1.55986 -1.59403 -1.62998 -1.66778 -1.70752 -1.74925 -1.79309 -1.83911 -1.88742 -1.93815 -1.9914 -2.04732 -2.10605 -2.16774 -2.23255 -2.30063 -2.37212 -2.44717 -2.52584 -2.60817 -2.69408 -2.78334 -2.87554 -2.97004 -3.06594 -3.16209 -3.25713 -3.34964 -3.43814 -3.52129 -3.59793 -3.66718 -3.72856 -3.78195 -3.82756 -3.86584 -3.89738 -3.92284 -3.94292 -3.95827 -3.96952 -3.97725 -3.98197 -3.98415 -3.98418 -3.98243 -3.97922 -3.97483 -3.96948 -3.9634 -3.95677 -3.94976 -3.94249 -3.93511 -3.92771 -3.92039 -3.91324 -3.90633 -3.89972 -3.89348 -3.88765 -3.88227 -3.8774 -3.87305 -3.86926 -3.86605 -3.86345 -3.86146 -3.8601 -3.85939 -3.8593 -3.85984 -3.86095 -3.86254 -3.86434 -3.86576 nan nan 
nan nan -1.20158 -1.20542 -1.21154 -1.21923 -1.22827 -1.23857 -1.25011 -1.26287 -1.27687 -1.29212 -1.30864 -1.32646 -1.3456 -1.36609 -1.38796 -1.41124 -1.43596 -1.46217 -1.4899 -1.5192 -1.5501 -1.58266 -1.61693 -1.65297 -1.69084 -1.7306 -1.77233 -1.8161 -1.86201 -1.91013 -1.96057 -2.01342 -2.06881 -2.12683 -2.18761 -2.25124 -2.31784 -2.38748 -2.46021 -2.53604 -2.61491 -2.69667 -2.78102 -2.86753 -2.95561 -3.04444 -3.13307 -3.2204 -3.30528 -3.38657 -3.46318 -3.53423 -3.59901 -3.65711 -3.7084 -3.75295 -3.79107 -3.82318 -3.84979 -3.87142 -3.88863 -3.90195 -3.91186 -3.91882 -3.92325 -3.92553 -3.92598 -3.92492 -3.9226 -3.91926 -3.9151 -3.91032 -3.90506 -3.89948 -3.8937 -3.88783 -3.88197 -3.87621 -3.87063 -3.86529 -3.86025 -3.85557 -3.85129 -3.84747 -3.84412 -3.84129 -3.839 -3.83728 -3.83614 -3.8356 -3.83565 -3.83632 -3.83756 -3.83936 -3.84162 -3.84408 -3.84607 nan nan 
nan nan -1.21734 -1.22311 -1.23022 -1.23841 -1.24775 -1.25827 -1.26999 -1.28293 -1.2971 -1.3125 -1.32917 -1.34712 -1.36639 -1.38701 -1.40899 -1.43238 -1.4572 -1.4835 -1.5113 -1.54066 -1.57161 -1.6042 -1.63847 -1.67448 -1.71229 -1.75195 -1.79352 -1.83708 -1.8827 -1.93045 -1.98041 -2.03267 -2.0873 -2.1444 -2.20403 -2.26626 -2.33115 -2.39873 -2.46899 -2.54188 -2.61728 -2.69499 -2.7747 -2.85598 -2.93827 -3.02087 -3.10298 -3.18369 -3.26208 -3.33722 -3.40827 -3.4745 -3.53535 -3.59047 -3.63971 -3.68309 -3.72081 -3.75316 -3.78053 -3.80334 -3.82204 -3.83705 -3.84882 -3.85773 -3.86416 -3.86845 -3.8709 -3.87181 -3.87141 -3.86994 -3.8676 -3.86456 -3.86098 -3.85701 -3.85278 -3.84839 -3.84395 -3.83955 -3.83526 -3.83116 -3.8273 -3.82376 -3.82057 -3.81778 -3.81543 -3.81356 -3.81219 -3.81135 -3.81106 -3.81133 -3.81219 -3.81362 -3.81564 -3.81823 -3.82142 -3.82524 -3.82933 nan nan 
nan nan -1.22834 -1.24038 -1.24877 -1.25735 -1.26693 -1.27765 -1.28954 -1.30263 -1.31692 -1.33244 -1.34921 -1.36726 -1.38661 -1.40729 -1.42933 -1.45276 -1.47762 -1.50394 -1.53175 -1.56108 -1.59199 -1.62452 -1.65869 -1.69457 -1.7322 -1.77164 -1.81293 -1.85614 -1.90133 -1.94855 -1.99787 -2.04936 -2.10307 -2.15905 -2.21736 -2.27802 -2.34106 -2.40646 -2.47417 -2.5441 -2.6161 -2.68993 -2.7653 -2.84177 -2.91886 -2.99595 -3.07235 -3.14733 -3.22012 -3.28998 -3.35622 -3.41826 -3.47564 -3.52804 -3.57533 -3.6175 -3.65465 -3.68701 -3.71486 -3.73854 -3.7584 -3.77482 -3.78815 -3.79875 -3.80693 -3.81302 -3.81728 -3.81999 -3.82137 -3.82164 -3.82099 -3.81959 -3.81761 -3.81518 -3.81243 -3.80947 -3.8064 -3.80331 -3.80029 -3.7974 -3.79471 -3.79228 -3.79016 -3.78839 -3.78703 -3.7861 -3.78564 -3.78569 -3.78625 -3.78735 -3.78901 -3.79124 -3.79403 -3.7974 -3.8015 -3.80707 -3.81768 nan nan 
nan nan nan -1.26221 -1.26803 -1.27622 -1.28587 -1.29674 -1.30878 -1.32198 -1.33637 -1.35197 -1.36879 -1.38688 -1.40626 -1.42696 -1.449 -1.47242 -1.49725 -1.52352 -1.55126 -1.58051 -1.6113 -1.64367 -1.67766 -1.71331 -1.75066 -1.78976 -1.83066 -1.8734 -1.91803 -1.96459 -2.01314 -2.06371 -2.11636 -2.1711 -2.22795 -2.28693 -2.34802 -2.41118 -2.47632 -2.54333 -2.61204 -2.6822 -2.75351 -2.8256 -2.898 -2.97018 -3.04157 -3.11154 -3.17946 -3.24473 -3.30679 -3.36514 -3.41942 -3.46936 -3.51481 -3.55575 -3.59223 -3.62443 -3.65254 -3.67685 -3.69763 -3.71519 -3.72985 -3.74189 -3.75162 -3.7593 -3.76519 -3.76953 -3.77254 -3.77442 -3.77536 -3.77552 -3.77504 -3.77408 -3.77274 -3.77115 -3.7694 -3.76759 -3.76579 -3.76408 -3.76252 -3.76118 -3.76011 -3.75935 -3.75896 -3.75897 -3.75941 -3.76033 -3.76174 -3.76368 -3.76615 -3.76917 -3.77273 -3.77677 -3.78105 -3.78474 nan nan nan 
nan nan nan -1.27914 -1.28584 -1.29455 -1.30449 -1.31556 -1.32773 -1.34102 -1.35546 -1.37109 -1.38793 -1.40602 -1.42537 -1.44604 -1.46803 -1.49138 -1.51612 -1.54228 -1.56988 -1.59897 -1.62956 -1.66171 -1.69543 -1.73076 -1.76775 -1.80642 -1.84682 -1.88898 -1.93295 -1.97874 -2.0264 -2.07596 -2.12743 -2.18082 -2.23614 -2.29336 -2.35245 -2.41335 -2.47595 -2.54012 -2.60567 -2.67237 -2.73993 -2.808 -2.87616 -2.94396 -3.01091 -3.07647 -3.14013 -3.20137 -3.25975 -3.31485 -3.36636 -3.41404 -3.45777 -3.4975 -3.53326 -3.56517 -3.59338 -3.61812 -3.63961 -3.6581 -3.67386 -3.68715 -3.69822 -3.70732 -3.71467 -3.7205 -3.72501 -3.72838 -3.73079 -3.7324 -3.73334 -3.73376 -3.73378 -3.7335 -3.73302 -3.73243 -3.73182 -3.73125 -3.7308 -3.73052 -3.73047 -3.73071 -3.73127 -3.7322 -3.73353 -3.73531 -3.73757 -3.74033 -3.74362 -3.74746 -3.75187 -3.7568 -3.76211 -3.76703 nan nan nan 
nan nan nan -1.29036 -1.30261 -1.31255 -1.32291 -1.33417 -1.34643 -1.35977 -1.37422 -1.38984 -1.40665 -1.42468 -1.44397 -1.46455 -1.48644 -1.50967 -1.53426 -1.56025 -1.58766 -1.61652 -1.64686 -1.6787 -1.71208 -1.74702 -1.78356 -1.82172 -1.86153 -1.90303 -1.94624 -1.99117 -2.03786 -2.08631 -2.13652 -2.1885 -2.24222 -2.29765 -2.35473 -2.41338 -2.4735 -2.53492 -2.59748 -2.66093 -2.72501 -2.7894 -2.85373 -2.9176 -2.98059 -3.04224 -3.10213 -3.15982 -3.21494 -3.26714 -3.31615 -3.36178 -3.40389 -3.44245 -3.47745 -3.50899 -3.53718 -3.5622 -3.58422 -3.60347 -3.62016 -3.63451 -3.64675 -3.6571 -3.66577 -3.67294 -3.67881 -3.68356 -3.68734 -3.6903 -3.69258 -3.69431 -3.69561 -3.69658 -3.69731 -3.6979 -3.69843 -3.69897 -3.69959 -3.70035 -3.7013 -3.7025 -3.70399 -3.70582 -3.70803 -3.71066 -3.71374 -3.71732 -3.72142 -3.72609 -3.73138 -3.73738 -3.74449 -3.75524 nan nan nan 
nan nan nan nan -1.3226 -1.33104 -1.34134 -1.35266 -1.36495 -1.37828 -1.39269 -1.40824 -1.42497 -1.4429 -1.46208 -1.48252 -1.50426 -1.52732 -1.55172 -1.57749 -1.60465 -1.63322 -1.66324 -1.69472 -1.72768 -1.76216 -1.79818 -1.83576 -1.87492 -1.91567 -1.95805 -2.00205 -2.04769 -2.09497 -2.14388 -2.19439 -2.24649 -2.30011 -2.35519 -2.41164 -2.46934 -2.52814 -2.58785 -2.64827 -2.70914 -2.77015 -2.831 -2.89133 -2.95077 -3.00894 -3.06547 -3.12 -3.17221 -3.22181 -3.26857 -3.31231 -3.35292 -3.39034 -3.42458 -3.4557 -3.48377 -3.50894 -3.53136 -3.55121 -3.56867 -3.58394 -3.5972 -3.60866 -3.61849 -3.62688 -3.634 -3.64 -3.64505 -3.64927 -3.65281 -3.65577 -3.65828 -3.66044 -3.66234 -3.66406 -3.66569 -3.6673 -3.66895 -3.67072 -3.67264 -3.67478 -3.67718 -3.67988 -3.68294 -3.68639 -3.69028 -3.69465 -3.69954 -3.70501 -3.7111 -3.71775 -3.72416 nan nan nan nan 
nan nan nan nan -1.33509 -1.34861 -1.35966 -1.37107 -1.38332 -1.39657 -1.41088 -1.42632 -1.44291 -1.4607 -1.47972 -1.49999 -1.52153 -1.54437 -1.56853 -1.59403 -1.62088 -1.64912 -1.67876 -1.70982 -1.74232 -1.77628 -1.81171 -1.84864 -1.88708 -1.92704 -1.96852 -2.01154 -2.05608 -2.10214 -2.14971 -2.19873 -2.24919 -2.30101 -2.35412 -2.40843 -2.4638 -2.5201 -2.57714 -2.63472 -2.6926 -2.75053 -2.8082 -2.86533 -2.92157 -2.97662 -3.03014 -3.08184 -3.13144 -3.1787 -3.22341 -3.26542 -3.30462 -3.34097 -3.37445 -3.4051 -3.43299 -3.45822 -3.48092 -3.50125 -3.51935 -3.53539 -3.54954 -3.56197 -3.57285 -3.58234 -3.59059 -3.59775 -3.60397 -3.60937 -3.61407 -3.6182 -3.62186 -3.62514 -3.62815 -3.63095 -3.63364 -3.63628 -3.63893 -3.64166 -3.64453 -3.64758 -3.65086 -3.65442 -3.6583 -3.66255 -3.66721 -3.67233 -3.67797 -3.68421 -3.69116 -3.69928 -3.71121 nan nan nan nan 
nan nan nan nan nan -1.36954 -1.37853 -1.38952 -1.40159 -1.41468 -1.42883 -1.44409 -1.46051 -1.47811 -1.49693 -1.51698 -1.53828 -1.56086 -1.58473 -1.60992 -1.63642 -1.66428 -1.69349 -1.72408 -1.75606 -1.78945 -1.82425 -1.86048 -1.89815 -1.93726 -1.97781 -2.01979 -2.0632 -2.10802 -2.15421 -2.20175 -2.25057 -2.30062 -2.3518 -2.40403 -2.45717 -2.51109 -2.56561 -2.62054 -2.67566 -2.73074 -2.78552 -2.83973 -2.89309 -2.94532 -2.99614 -3.04529 -3.09254 -3.13767 -3.18051 -3.22092 -3.25881 -3.29413 -3.32686 -3.35703 -3.38468 -3.4099 -3.4328 -3.4535 -3.47212 -3.48882 -3.50374 -3.51703 -3.52885 -3.53932 -3.5486 -3.55683 -3.56412 -3.57061 -3.57641 -3.58163 -3.58637 -3.59073 -3.59478 -3.59862 -3.60232 -3.60594 -3.60956 -3.61323 -3.61701 -3.62094 -3.62507 -3.62946 -3.63413 -3.63915 -3.64455 -3.65038 -3.65671 -3.66358 -3.67094 -3.67791 nan nan nan nan nan 
nan nan nan nan nan -1.38241 -1.39631 -1.4078 -1.41974 -1.43261 -1.44653 -1.46157 -1.47777 -1.49514 -1.51372 -1.53351 -1.55455 -1.57683 -1.60037 -1.6252 -1.65132 -1.67875 -1.70749 -1.73757 -1.76899 -1.80176 -1.83589 -1.87138 -1.90823 -1.94645 -1.98603 -2.02695 -2.06921 -2.11276 -2.15758 -2.20363 -2.25084 -2.29915 -2.34846 -2.39869 -2.4497 -2.50136 -2.5535 -2.60596 -2.65852 -2.71099 -2.76311 -2.81467 -2.8654 -2.91508 -2.96345 -3.01029 -3.0554 -3.0986 -3.13973 -3.17867 -3.21534 -3.24968 -3.28168 -3.31135 -3.33873 -3.36388 -3.3869 -3.40788 -3.42694 -3.44419 -3.45978 -3.47383 -3.48647 -3.49784 -3.50805 -3.51725 -3.52554 -3.53304 -3.53986 -3.5461 -3.55186 -3.55723 -3.56228 -3.56711 -3.57177 -3.57635 -3.58089 -3.58546 -3.59012 -3.5949 -3.59986 -3.60504 -3.61048 -3.61622 -3.62232 -3.62882 -3.63579 -3.64338 -3.65204 -3.66446 nan nan nan nan nan 
nan nan nan nan nan nan -1.41736 -1.42654 -1.43785 -1.45037 -1.464 -1.47877 -1.49471 -1.51182 -1.53012 -1.54963 -1.57036 -1.59231 -1.6155 -1.63993 -1.66563 -1.69259 -1.72084 -1.75036 -1.78118 -1.8133 -1.84671 -1.88143 -1.91744 -1.95474 -1.99333 -2.03317 -2.07425 -2.11654 -2.15999 -2.20456 -2.25019 -2.2968 -2.34431 -2.39261 -2.44159 -2.49111 -2.54102 -2.59117 -2.64136 -2.6914 -2.74109 -2.79022 -2.83856 -2.88591 -2.93205 -2.97679 -3.01996 -3.06139 -3.10095 -3.13853 -3.17405 -3.20747 -3.23876 -3.26793 -3.29501 -3.32005 -3.34313 -3.36432 -3.38373 -3.40146 -3.41762 -3.43233 -3.44571 -3.45788 -3.46895 -3.47903 -3.48824 -3.49668 -3.50445 -3.51164 -3.51836 -3.52468 -3.53068 -3.53644 -3.54203 -3.54752 -3.55295 -3.55839 -3.56389 -3.5695 -3.57526 -3.5812 -3.58738 -3.59382 -3.60057 -3.60767 -3.61517 -3.62298 -3.63024 nan nan nan nan nan nan 
nan nan nan nan nan nan -1.43019 -1.44404 -1.45567 -1.46791 -1.48122 -1.49569 -1.51134 -1.52816 -1.54616 -1.56536 -1.58575 -1.60734 -1.63014 -1.65416 -1.6794 -1.70587 -1.73358 -1.76252 -1.79271 -1.82414 -1.85682 -1.89073 -1.92588 -1.96225 -1.99982 -2.03857 -2.07848 -2.1195 -2.1616 -2.20472 -2.2488 -2.29376 -2.33952 -2.38598 -2.43302 -2.48052 -2.52834 -2.57633 -2.62431 -2.67211 -2.71956 -2.76645 -2.8126 -2.85783 -2.90194 -2.94476 -2.98615 -3.02596 -3.06407 -3.10038 -3.13483 -3.16737 -3.19798 -3.22665 -3.25342 -3.27831 -3.3014 -3.32274 -3.34243 -3.36056 -3.37722 -3.39252 -3.40655 -3.41944 -3.43128 -3.44217 -3.45222 -3.46153 -3.47018 -3.47828 -3.48589 -3.49311 -3.50001 -3.50667 -3.51314 -3.51949 -3.52578 -3.53206 -3.53838 -3.54478 -3.5513 -3.55799 -3.56487 -3.57199 -3.57936 -3.58703 -3.59511 -3.60407 -3.61664 nan nan nan nan nan nan 
nan nan nan nan nan nan nan -1.46464 -1.47379 -1.48527 -1.49817 -1.51232 -1.52766 -1.54418 -1.56186 -1.58072 -1.60076 -1.62197 -1.64436 -1.66794 -1.6927 -1.71865 -1.74579 -1.77413 -1.80366 -1.83438 -1.86629 -1.89939 -1.93365 -1.96907 -2.00562 -2.04328 -2.08201 -2.12178 -2.16255 -2.20425 -2.24682 -2.29019 -2.33427 -2.37896 -2.42416 -2.46976 -2.5156 -2.56157 -2.60749 -2.65322 -2.69859 -2.74343 -2.78757 -2.83085 -2.87309 -2.91416 -2.95391 -2.99223 -3.029 -3.06414 -3.09758 -3.12929 -3.15924 -3.18742 -3.21386 -3.23858 -3.26163 -3.28308 -3.303 -3.32146 -3.33854 -3.35435 -3.36898 -3.38251 -3.39505 -3.40668 -3.41751 -3.42761 -3.43709 -3.44602 -3.45448 -3.46255 -3.4703 -3.4778 -3.48511 -3.49229 -3.4994 -3.50649 -3.51359 -3.52077 -3.52804 -3.53544 -3.54301 -3.55078 -3.55874 -3.56688 -3.57506 -3.58242 nan nan nan nan nan nan nan 
nan nan nan nan nan nan nan -1.47705 -1.49048 -1.50213 -1.51479 -1.52866 -1.5437 -1.5599 -1.57725 -1.59576 -1.61542 -1.63623 -1.6582 -1.6813 -1.70556 -1.73097 -1.75753 -1.78524 -1.81409 -1.84409 -1.87522 -1.90748 -1.94085 -1.97531 -2.01084 -2.0474 -2.08498 -2.12352 -2.16297 -2.20328 -2.24439 -2.28622 -2.32868 -2.3717 -2.41515 -2.45894 -2.50293 -2.547 -2.59101 -2.63482 -2.67826 -2.72121 -2.76349 -2.80497 -2.8455 -2.88495 -2.9232 -2.96013 -2.99566 -3.0297 -3.06221 -3.09313 -3.12244 -3.15014 -3.17624 -3.20077 -3.22377 -3.24528 -3.26537 -3.2841 -3.30156 -3.31782 -3.33296 -3.34707 -3.36024 -3.37255 -3.38409 -3.39494 -3.40518 -3.41488 -3.42414 -3.433 -3.44156 -3.44986 -3.45797 -3.46595 -3.47385 -3.48171 -3.48958 -3.4975 -3.50549 -3.5136 -3.52184 -3.53026 -3.53885 -3.5476 -3.55676 -3.56908 nan nan nan nan nan nan nan 
nan nan nan nan nan nan nan nan -1.50986 -1.51891 -1.53109 -1.54471 -1.55946 -1.57534 -1.59235 -1.6105 -1.62978 -1.65018 -1.67169 -1.69432 -1.71806 -1.7429 -1.76886 -1.79592 -1.82408 -1.85334 -1.88368 -1.9151 -1.94756 -1.98107 -2.01558 -2.05106 -2.08749 -2.12481 -2.16298 -2.20195 -2.24164 -2.28198 -2.3229 -2.36431 -2.40611 -2.44818 -2.49043 -2.53273 -2.57495 -2.61696 -2.65862 -2.69981 -2.74038 -2.7802 -2.81915 -2.8571 -2.89396 -2.92961 -2.96399 -2.99701 -3.02862 -3.0588 -3.0875 -3.11473 -3.1405 -3.16482 -3.18773 -3.20927 -3.22949 -3.24845 -3.26622 -3.28287 -3.29848 -3.31311 -3.32686 -3.33979 -3.35198 -3.36351 -3.37445 -3.38489 -3.39488 -3.4045 -3.41381 -3.42287 -3.43175 -3.44048 -3.44914 -3.45775 -3.46636 -3.475 -3.4837 -3.49249 -3.50139 -3.51046 -3.51969 -3.52882 -3.53619 nan nan nan nan nan nan nan nan 
nan nan nan nan nan nan nan nan -1.52115 -1.53348 -1.54689 -1.56055 -1.57501 -1.59053 -1.60719 -1.62497 -1.64386 -1.66384 -1.6849 -1.70703 -1.73023 -1.75451 -1.77984 -1.80624 -1.8337 -1.86221 -1.89175 -1.92232 -1.95388 -1.98643 -2.01993 -2.05435 -2.08964 -2.12578 -2.1627 -2.20035 -2.23868 -2.2776 -2.31703 -2.35691 -2.39713 -2.43759 -2.4782 -2.51883 -2.55937 -2.59971 -2.63971 -2.67927 -2.71825 -2.75654 -2.79402 -2.83059 -2.86615 -2.90062 -2.93392 -2.96598 -2.99677 -3.02623 -3.05435 -3.08113 -3.10655 -3.13066 -3.15346 -3.17499 -3.19531 -3.21446 -3.2325 -3.2495 -3.26551 -3.28061 -3.29488 -3.30837 -3.32116 -3.33332 -3.34492 -3.35603 -3.36672 -3.37704 -3.38706 -3.39685 -3.40645 -3.41591 -3.4253 -3.43464 -3.44397 -3.45332 -3.46271 -3.47215 -3.48168 -3.49139 -3.50157 -3.51274 -3.52394 nan nan nan nan nan nan nan nan 
nan nan nan nan nan nan nan nan nan -1.54792 -1.56336 -1.57648 -1.59038 -1.60549 -1.62179 -1.63921 -1.65771 -1.67727 -1.69787 -1.71949 -1.74215 -1.76583 -1.79054 -1.81627 -1.84301 -1.87076 -1.8995 -1.92922 -1.95989 -1.99149 -2.02398 -2.05735 -2.09154 -2.12651 -2.16222 -2.19861 -2.23561 -2.27315 -2.31118 -2.34959 -2.38832 -2.42725 -2.46631 -2.50537 -2.54435 -2.58312 -2.62158 -2.65961 -2.69712 -2.73398 -2.7701 -2.80539 -2.83975 -2.87311 -2.90541 -2.93657 -2.96657 -2.99535 -3.02292 -3.04925 -3.07434 -3.09822 -3.1209 -3.14241 -3.16279 -3.18209 -3.20036 -3.21766 -3.23403 -3.24956 -3.26429 -3.27829 -3.29163 -3.30438 -3.31659 -3.32832 -3.33966 -3.35064 -3.36134 -3.3718 -3.38209 -3.39225 -3.40233 -3.41238 -3.42241 -3.43246 -3.44254 -3.45262 -3.46268 -3.47277 -3.48337 -3.49755 nan nan nan nan nan nan nan nan nan 
nan nan nan nan nan nan nan nan nan nan -1.58301 -1.59255 -1.60547 -1.62016 -1.63615 -1.65325 -1.67138 -1.69052 -1.71065 -1.73176 -1.75386 -1.77694 -1.801 -1.82605 -1.85207 -1.87906 -1.907 -1.93587 -1.96565 -1.99631 -2.02782 -2.06016 -2.09326 -2.12711 -2.16163 -2.19679 -2.23252 -2.26875 -2.30542 -2.34244 -2.37974 -2.41723 -2.45482 -2.49242 -2.52992 -2.56723 -2.60424 -2.64086 -2.67699 -2.71252 -2.74738 -2.78147 -2.81471 -2.84704 -2.87839 -2.90872 -2.93797 -2.96612 -2.99314 -3.01904 -3.04381 -3.06745 -3.08999 -3.11146 -3.13188 -3.1513 -3.16976 -3.18732 -3.20402 -3.21992 -3.23507 -3.24954 -3.26339 -3.27667 -3.28944 -3.30177 -3.3137 -3.3253 -3.33663 -3.34773 -3.35867 -3.3695 -3.38025 -3.39098 -3.40171 -3.41247 -3.42325 -3.434 -3.44458 -3.45456 -3.46245 nan nan nan nan nan nan nan nan nan nan 
nan nan nan nan nan nan nan nan nan nan -1.59408 -1.60619 -1.6197 -1.63445 -1.6503 -1.66713 -1.68492 -1.70365 -1.7233 -1.74388 -1.76541 -1.78788 -1.81129 -1.83565 -1.86095 -1.88717 -1.91431 -1.94234 -1.97124 -2.00098 -2.03152 -2.06284 -2.09489 -2.12764 -2.16102 -2.19499 -2.22949 -2.26446 -2.29983 -2.33553 -2.37148 -2.4076 -2.44381 -2.48002 -2.51614 -2.55207 -2.58773 -2.62303 -2.65787 -2.69217 -2.72584 -2.75882 -2.79101 -2.82238 -2.85284 -2.88237 -2.91092 -2.93846 -2.96498 -2.99045 -3.01489 -3.0383 -3.0607 -3.0821 -3.10254 -3.12205 -3.14068 -3.15846 -3.17544 -3.19168 -3.20722 -3.22212 -3.23643 -3.2502 -3.26349 -3.27636 -3.28885 -3.30103 -3.31295 -3.32465 -3.3362 -3.34765 -3.35905 -3.37045 -3.38187 -3.39335 -3.40489 -3.41647 -3.42801 -3.43936 -3.45039 nan nan nan nan nan nan nan nan nan nan 
nan nan nan nan nan nan nan nan nan nan nan -1.61939 -1.63361 -1.64857 -1.66435 -1.68096 -1.69842 -1.71672 -1.73588 -1.75592 -1.77686 -1.7987 -1.82145 -1.84512 -1.86969 -1.89515 -1.92149 -1.94869 -1.97672 -2.00555 -2.03515 -2.06548 -2.0965 -2.12818 -2.16045 -2.19328 -2.2266 -2.26036 -2.29449 -2.32892 -2.36359 -2.39841 -2.43332 -2.46822 -2.50303 -2.53768 -2.57207 -2.60613 -2.63977 -2.67291 -2.70548 -2.7374 -2.76862 -2.79908 -2.82872 -2.85749 -2.88538 -2.91234 -2.93836 -2.96343 -2.98755 -3.01073 -3.03297 -3.05429 -3.07473 -3.09431 -3.11307 -3.13105 -3.14828 -3.16482 -3.18071 -3.196 -3.21073 -3.22496 -3.23873 -3.2521 -3.26512 -3.27783 -3.29029 -3.30256 -3.31468 -3.32672 -3.33873 -3.35076 -3.36285 -3.37506 -3.3874 -3.39989 -3.41256 -3.42545 nan nan nan nan nan nan nan nan nan nan nan 
nan nan nan nan nan nan nan nan nan nan nan nan -1.6477 -1.66279 -1.67848 -1.69485 -1.71194 -1.7298 -1.74845 -1.76793 -1.78826 -1.80945 -1.83154 -1.8545 -1.87834 -1.90305 -1.9286 -1.95498 -1.98215 -2.01009 -2.03877 -2.06813 -2.09816 -2.1288 -2.16 -2.19172 -2.22391 -2.25651 -2.28945 -2.32268 -2.35613 -2.38972 -2.42338 -2.45705 -2.49064 -2.52407 -2.55727 -2.59017 -2.62268 -2.65474 -2.68627 -2.71722 -2.74752 -2.77712 -2.80598 -2.83405 -2.8613 -2.88771 -2.91326 -2.93794 -2.96174 -2.98468 -3.00676 -3.028 -3.04842 -3.06805 -3.08692 -3.10506 -3.12252 -3.13933 -3.15553 -3.17117 -3.18629 -3.20094 -3.21516 -3.22899 -3.24249 -3.2557 -3.26866 -3.28144 -3.29409 -3.30668 -3.31925 -3.33188 -3.34462 -3.35753 -3.37066 -3.38407 -3.39781 nan nan nan nan nan nan nan nan nan nan nan nan 
nan nan nan nan nan nan nan nan nan nan nan nan nan -1.67731 -1.69283 -1.70891 -1.72561 -1.74298 -1.76108 -1.77996 -1.79965 -1.82018 -1.84158 -1.86384 -1.88696 -1.91091 -1.93569 -1.96126 -1.9876 -2.01467 -2.04243 -2.07087 -2.09992 -2.12955 -2.15972 -2.19038 -2.22148 -2.25296 -2.28477 -2.31685 -2.34913 -2.38156 -2.41405 -2.44655 -2.47898 -2.51127 -2.54335 -2.57515 -2.60661 -2.63765 -2.66821 -2.69824 -2.72767 -2.75647 -2.78459 -2.81199 -2.83864 -2.86453 -2.88962 -2.91392 -2.93742 -2.96012 -2.98203 -3.00317 -3.02356 -3.04322 -3.06218 -3.08046 -3.09812 -3.11517 -3.13166 -3.14762 -3.1631 -3.17814 -3.19277 -3.20703 -3.22097 -3.23464 -3.24807 -3.26132 -3.27444 -3.28751 -3.3006 -3.31378 -3.32712 -3.3407 -3.35457 -3.36882 nan nan nan nan nan nan nan nan nan nan nan nan nan 
nan nan nan nan nan nan nan nan nan nan nan nan nan nan -1.70754 -1.72325 -1.73949 -1.75632 -1.77383 -1.79206 -1.81107 -1.83092 -1.85162 -1.87317 -1.89557 -1.91878 -1.9428 -1.96758 -1.9931 -2.01932 -2.04621 -2.07373 -2.10184 -2.13051 -2.15968 -2.18931 -2.21936 -2.24977 -2.2805 -2.31148 -2.34265 -2.37397 -2.40535 -2.43674 -2.46808 -2.49929 -2.53032 -2.56109 -2.59155 -2.62163 -2.65128 -2.68044 -2.70907 -2.73711 -2.76453 -2.7913 -2.81738 -2.84276 -2.86742 -2.89135 -2.91454 -2.93701 -2.95875 -2.97979 -3.00013 -3.0198 -3.03882 -3.05723 -3.07506 -3.09233 -3.10908 -3.12534 -3.14115 -3.15654 -3.17156 -3.18622 -3.20057 -3.21466 -3.22851 -3.24218 -3.25572 -3.26921 -3.28274 -3.2964 -3.31028 -3.32446 -3.33902 nan nan nan nan nan nan nan nan nan nan nan nan nan nan 
nan nan nan nan nan nan nan nan nan nan nan nan nan nan nan -1.73796 -1.75366 -1.7699 -1.78674 -1.80426 -1.82255 -1.84167 -1.86167 -1.88252 -1.90421 -1.9267 -1.94997 -1.97398 -1.9987 -2.0241 -2.05014 -2.07678 -2.10398 -2.1317 -2.15991 -2.18856 -2.2176 -2.24698 -2.27667 -2.3066 -2.33672 -2.36698 -2.39731 -2.42765 -2.45796 -2.48815 -2.51818 -2.54799 -2.57751 -2.60669 -2.63548 -2.66383 -2.69168 -2.71901 -2.74577 -2.77194 -2.79748 -2.82238 -2.84661 -2.87018 -2.89308 -2.91532 -2.93688 -2.9578 -2.97808 -2.99775 -3.01683 -3.03534 -3.05332 -3.07079 -3.08777 -3.10431 -3.12043 -3.13615 -3.15152 -3.16656 -3.1813 -3.19577 -3.21001 -3.22404 -3.23793 -3.25176 -3.26565 -3.27971 -3.29404 -3.30875 nan nan nan nan nan nan nan nan nan nan nan nan nan nan nan 
nan nan nan nan nan nan nan nan nan nan nan nan nan nan nan nan -1.76822 -1.78378 -1.79987 -1.8166 -1.83409 -1.85245 -1.87174 -1.89191 -1.91291 -1.9347 -1.95724 -1.98051 -2.00446 -2.02906 -2.05427 -2.08006 -2.10638 -2.1332 -2.16047 -2.18816 -2.21623 -2.24464 -2.27333 -2.30225 -2.33137 -2.36062 -2.38995 -2.4193 -2.44862 -2.47786 -2.50695 -2.53584 -2.56447 -2.59281 -2.62079 -2.64836 -2.6755 -2.70215 -2.72829 -2.75388 -2.7789 -2.80334 -2.82717 -2.8504 -2.87301 -2.895 -2.91639 -2.93719 -2.9574 -2.97706 -2.99617 -3.01477 -3.03287 -3.05052 -3.06772 -3.08452 -3.10092 -3.11696 -3.13266 -3.14805 -3.16315 -3.17799 -3.19258 -3.20694 -3.22109 -3.23515 -3.24928 -3.26363 -3.27834 nan nan nan nan nan nan nan nan nan nan nan nan nan nan nan nan 
nan nan nan nan nan nan nan nan nan nan nan nan nan nan nan nan nan -1.79802 -1.81327 -1.8291 -1.84567 -1.8632 -1.88182 -1.90135 -1.92169 -1.9428 -1.96465 -1.98719 -2.01041 -2.03424 -2.05866 -2.08362 -2.10909 -2.13503 -2.1614 -2.18817 -2.21531 -2.24276 -2.27049 -2.29846 -2.32662 -2.35491 -2.38329 -2.4117 -2.44009 -2.46841 -2.49662 -2.52464 -2.55245 -2.57998 -2.6072 -2.63405 -2.6605 -2.68651 -2.71206 -2.73711 -2.76163 -2.78563 -2.80907 -2.83196 -2.85428 -2.87604 -2.89725 -2.91792 -2.93806 -2.95768 -2.97681 -2.99548 -3.0137 -3.0315 -3.04891 -3.06594 -3.08262 -3.09896 -3.11497 -3.13069 -3.14614 -3.16133 -3.17629 -3.19096 -3.20525 -3.21937 -3.23358 -3.24811 nan nan nan nan nan nan nan nan nan nan nan nan nan nan nan nan nan 
nan nan nan nan nan nan nan nan nan nan nan nan nan nan nan nan nan nan -1.82701 -1.84176 -1.85721 -1.87378 -1.89189 -1.91088 -1.9306 -1.95105 -1.97222 -1.99408 -2.01658 -2.03968 -2.06334 -2.0875 -2.11215 -2.13723 -2.16274 -2.18862 -2.21485 -2.24139 -2.26821 -2.29526 -2.32249 -2.34987 -2.37734 -2.40486 -2.43237 -2.45983 -2.48719 -2.51441 -2.54142 -2.5682 -2.59469 -2.62086 -2.64667 -2.67208 -2.69706 -2.72159 -2.74564 -2.76921 -2.79228 -2.81483 -2.83688 -2.85841 -2.87944 -2.89996 -2.92001 -2.93959 -2.95873 -2.97744 -2.99576 -3.01371 -3.0313 -3.04856 -3.0655 -3.08213 -3.09846 -3.11449 -3.13026 -3.1458 -3.16118 -3.17626 -3.19049 -3.2044 -3.21849 nan nan nan nan nan nan nan nan nan nan nan nan nan nan nan nan nan nan 
nan nan nan nan nan nan nan nan nan nan nan nan nan nan nan nan nan nan nan -1.85465 -1.86857 -1.88376 -1.90198 -1.9206 -1.93966 -1.95946 -1.97998 -2.00119 -2.02303 -2.04543 -2.06835 -2.09175 -2.1156 -2.13986 -2.16451 -2.18953 -2.21489 -2.24055 -2.26648 -2.29265 -2.31901 -2.34552 -2.37213 -2.39879 -2.42547 -2.45211 -2.47868 -2.50512 -2.53139 -2.55746 -2.58327 -2.6088 -2.63399 -2.65883 -2.68327 -2.70731 -2.73091 -2.75407 -2.77677 -2.799 -2.82077 -2.84207 -2.86291 -2.8833 -2.90324 -2.92276 -2.94189 -2.96064 -2.97904 -2.99711 -3.01489 -3.03237 -3.04957 -3.06649 -3.08312 -3.09945 -3.11551 -3.13134 -3.14728 -3.16335 -3.17699 -3.19019 nan nan nan nan nan nan nan nan nan nan nan nan nan nan nan nan nan nan nan 
nan nan nan nan nan nan nan nan nan nan nan nan nan nan nan nan nan nan nan nan -1.87959 -1.89165 -1.91257 -1.93077 -1.9489 -1.96805 -1.98795 -2.00857 -2.02978 -2.05153 -2.07375 -2.09641 -2.11949 -2.14294 -2.16677 -2.19095 -2.21545 -2.24026 -2.26534 -2.29066 -2.31618 -2.34186 -2.36765 -2.3935 -2.41939 -2.44525 -2.47106 -2.49678 -2.52235 -2.54775 -2.57292 -2.59783 -2.62245 -2.64674 -2.67068 -2.69424 -2.71741 -2.74017 -2.76252 -2.78445 -2.80594 -2.82702 -2.84766 -2.86789 -2.88772 -2.90717 -2.92626 -2.94502 -2.96349 -2.98168 -2.99962 -3.01733 -3.0348 -3.05202 -3.06897 -3.08558 -3.10189 -3.11769 -3.13415 -3.1538 -3.16488 nan nan nan nan nan nan nan nan nan nan nan nan nan nan nan nan nan nan nan nan 
nan nan nan nan nan nan nan nan nan nan nan nan nan nan nan nan nan nan nan nan nan nan -1.92675 -1.94194 -1.95802 -1.9768 -1.99609 -2.01624 -2.03688 -2.05802 -2.07958 -2.10154 -2.12385 -2.14652 -2.16953 -2.19288 -2.21656 -2.24054 -2.2648 -2.28931 -2.31403 -2.33891 -2.36392 -2.389 -2.41413 -2.43926 -2.46435 -2.48938 -2.51429 -2.53905 -2.56362 -2.58797 -2.61204 -2.63582 -2.65927 -2.68238 -2.70513 -2.72751 -2.74951 -2.77114 -2.79237 -2.81321 -2.83366 -2.85373 -2.87343 -2.89278 -2.91181 -2.93057 -2.94907 -2.96737 -2.98547 -3.0034 -3.02116 -3.0387 -3.05607 -3.07293 -3.0897 -3.10428 -3.11872 nan nan nan nan nan nan nan nan nan nan nan nan nan nan nan nan nan nan nan nan nan nan 
nan nan nan nan nan nan nan nan nan nan nan nan nan nan nan nan nan nan nan nan nan nan nan -1.95315 -1.96539 -1.98596 -2.00427 -2.02431 -2.04437 -2.065 -2.08591 -2.10718 -2.12874 -2.15062 -2.17282 -2.19535 -2.21822 -2.24139 -2.26486 -2.28859 -2.31255 -2.33668 -2.36095 -2.38529 -2.4097 -2.43412 -2.45853 -2.48291 -2.5072 -2.53137 -2.55538 -2.57919 -2.60275 -2.62605 -2.64904 -2.67171 -2.69405 -2.71606 -2.73772 -2.75905 -2.78003 -2.80065 -2.8209 -2.84079 -2.86034 -2.87957 -2.89852 -2.91723 -2.93575 -2.95412 -2.97239 -2.99054 -3.00865 -3.02647 -3.04458 -3.06128 -3.08065 -3.09195 nan nan nan nan nan nan nan nan nan nan nan nan nan nan nan nan nan nan nan nan nan nan nan 
nan nan nan nan nan nan nan nan nan nan nan nan nan nan nan nan nan nan nan nan nan nan nan nan nan -1.99828 -2.01162 -2.03327 -2.05219 -2.07258 -2.09279 -2.11341 -2.13421 -2.1553 -2.17667 -2.19838 -2.22044 -2.24283 -2.26552 -2.2885 -2.31174 -2.33518 -2.35874 -2.38238 -2.40608 -2.42983 -2.4536 -2.47735 -2.50106 -2.52468 -2.54817 -2.57148 -2.59457 -2.61741 -2.63996 -2.66221 -2.68415 -2.70579 -2.72713 -2.74818 -2.76892 -2.78932 -2.80937 -2.82906 -2.84844 -2.86754 -2.88635 -2.90496 -2.92345 -2.94186 -2.96032 -2.9786 -2.99733 -3.01484 -3.03544 -3.04785 nan nan nan nan nan nan nan nan nan nan nan nan nan nan nan nan nan nan nan nan nan nan nan nan nan 
nan nan nan nan nan nan nan nan nan nan nan nan nan nan nan nan nan nan nan nan nan nan nan nan nan nan nan -2.04585 -2.05944 -2.08124 -2.10015 -2.12036 -2.1403 -2.16058 -2.18107 -2.20193 -2.22323 -2.24484 -2.26677 -2.28904 -2.31162 -2.33441 -2.35731 -2.38026 -2.40329 -2.42638 -2.44952 -2.4727 -2.49587 -2.51898 -2.54199 -2.56485 -2.58751 -2.60992 -2.63205 -2.65389 -2.67543 -2.69668 -2.71769 -2.73848 -2.75902 -2.77924 -2.79907 -2.81854 -2.83772 -2.85667 -2.87529 -2.89371 -2.91214 -2.93046 -2.94933 -2.96711 -2.98816 -3.00099 nan nan nan nan nan nan nan nan nan nan nan nan nan nan nan nan nan nan nan nan nan nan nan nan nan nan nan 
nan nan nan nan nan nan nan nan nan nan nan nan nan nan nan nan nan nan nan nan nan nan nan nan nan nan nan nan nan -2.09367 -2.10712 -2.12849 -2.14695 -2.16658 -2.186 -2.20597 -2.22661 -2.24743 -2.26857 -2.29015 -2.31216 -2.33442 -2.35669 -2.37896 -2.4013 -2.42374 -2.44629 -2.46892 -2.4916 -2.51425 -2.53683 -2.55928 -2.58155 -2.60357 -2.62531 -2.64674 -2.66786 -2.68871 -2.70936 -2.72991 -2.75034 -2.77042 -2.79003 -2.80921 -2.82815 -2.84702 -2.86534 -2.88335 -2.90184 -2.91941 -2.94033 -2.95321 nan nan nan nan nan nan nan nan nan nan nan nan nan nan nan nan nan nan nan nan nan nan nan nan nan nan nan nan nan 
nan nan nan nan nan nan nan nan nan nan nan nan nan nan nan nan nan nan nan nan nan nan nan nan nan nan nan nan nan nan nan -2.14041 -2.15337 -2.1737 -2.19131 -2.21025 -2.23071 -2.25062 -2.27082 -2.29174 -2.31335 -2.33531 -2.35697 -2.37849 -2.40009 -2.42187 -2.44386 -2.46599 -2.48822 -2.51047 -2.53268 -2.55479 -2.57672 -2.5984 -2.61977 -2.64079 -2.66145 -2.68182 -2.70204 -2.72235 -2.74289 -2.76299 -2.78233 -2.80102 -2.81956 -2.83882 -2.85664 -2.87341 -2.89339 -2.90589 nan nan nan nan nan nan nan nan nan nan nan nan nan nan nan nan nan nan nan nan nan nan nan nan nan nan nan nan nan nan nan 
nan nan nan nan nan nan nan nan nan nan nan nan nan nan nan nan nan nan nan nan nan nan nan nan nan nan nan nan nan nan nan nan nan -2.18445 -2.19624 -2.21394 -2.23627 -2.25444 -2.27329 -2.29354 -2.31509 -2.33739 -2.35829 -2.37884 -2.39959 -2.42071 -2.44216 -2.46386 -2.4857 -2.50761 -2.52951 -2.55136 -2.57303 -2.59443 -2.61547 -2.63609 -2.65625 -2.67599 -2.69552 -2.71546 -2.73681 -2.75721 -2.77622 -2.7939 -2.81118 -2.833 -2.84993 -2.86115 nan nan nan nan nan nan nan nan nan nan nan nan nan nan nan nan nan nan nan nan nan nan nan nan nan nan nan nan nan nan nan nan nan 
nan nan nan nan nan nan nan nan nan nan nan nan nan nan nan nan nan nan nan nan nan nan nan nan nan nan nan nan nan nan nan nan nan nan nan nan -2.24688 -2.25853 -2.27527 -2.29496 -2.31698 -2.34176 -2.36089 -2.37989 -2.39965 -2.42012 -2.44112 -2.46247 -2.48402 -2.50565 -2.52728 -2.549 -2.57052 -2.59172 -2.6125 -2.63277 -2.6524 -2.67129 -2.68951 -2.70806 -2.73258 -2.75375 -2.77238 -2.78814 -2.79914 nan nan nan nan nan nan nan nan nan nan nan nan nan nan nan nan nan nan nan nan nan nan nan nan nan nan nan nan nan nan nan nan nan nan nan nan 
nan nan nan nan nan nan nan nan nan nan nan nan nan nan nan nan nan nan nan nan nan nan nan nan nan nan nan nan nan nan nan nan nan nan nan nan nan nan nan nan nan -2.35264 -2.36455 -2.38114 -2.39992 -2.41992 -2.44064 -2.46179 -2.48317 -2.50459 -2.52587 -2.54773 -2.56922 -2.59033 -2.61098 -2.63101 -2.65023 -2.66821 -2.68409 -2.69556 nan nan nan nan nan nan nan nan nan nan nan nan nan nan nan nan nan nan nan nan nan nan nan nan nan nan nan nan nan nan nan nan nan nan nan nan nan nan nan nan nan 
nan nan nan nan nan nan nan nan nan nan nan nan nan nan nan nan nan nan nan nan nan nan nan nan nan nan nan nan nan nan nan nan nan nan nan nan nan nan nan nan nan nan nan nan nan nan nan nan nan nan -2.52478 nan nan nan nan nan nan nan nan nan nan nan nan nan nan nan nan nan nan nan nan nan nan nan nan nan nan nan nan nan nan nan nan nan nan nan nan nan nan nan nan nan nan nan nan nan nan nan nan nan nan 
