nan nan nan nan nan nan nan nan nan nan nan nan nan nan nan nan nan nan nan nan nan nan nan nan nan nan nan nan nan nan nan nan nan nan nan nan nan nan nan nan nan nan nan nan nan nan nan nan nan nan 1.19341 nan nan nan nan nan nan nan nan nan nan nan nan nan nan nan nan nan nan nan nan nan nan nan nan nan nan nan nan nan nan nan nan nan nan nan nan nan nan nan nan nan nan nan nan nan nan nan nan nan nan 
nan nan nan nan nan nan nan nan nan nan nan nan nan nan nan nan nan nan nan nan nan nan nan nan nan nan nan nan nan nan nan nan nan nan nan nan nan nan nan nan nan 1.02252 1.03402 1.04995 1.068 1.08727 1.10736 1.12804 1.14917 1.17066 1.19248 1.2138 1.23524 1.2566 1.27772 1.29839 1.31833 1.33706 1.35359 1.36547 nan nan nan nan nan nan nan nan nan nan nan nan nan nan nan nan nan nan nan nan nan nan nan nan nan nan nan nan nan nan nan nan nan nan nan nan nan nan nan nan nan 
nan nan nan nan nan nan nan nan nan nan nan nan nan nan nan nan nan nan nan nan nan nan nan nan nan nan nan nan nan nan nan nan nan nan nan nan 0.918777 0.929828 0.945658 0.964367 0.985597 1.01014 1.02875 1.04703 1.06598 1.08568 1.106 1.12683 1.14806 1.1696 1.19131 1.21294 1.23457 1.2561 1.27741 1.29835 1.31876 1.33845 1.35739 1.37647 1.40123 1.42318 1.44279 1.45946 1.47106 nan nan nan nan nan nan nan nan nan nan nan nan nan nan nan nan nan nan nan nan nan nan nan nan nan nan nan nan nan nan nan nan nan nan nan nan 
nan nan nan nan nan nan nan nan nan nan nan nan nan nan nan nan nan nan nan nan nan nan nan nan nan nan nan nan nan nan nan nan nan 0.856737 0.868 0.884988 0.90685 0.9242 0.941972 0.961079 0.981569 1.003 1.02302 1.04264 1.06245 1.08269 1.10338 1.12448 1.14591 1.16761 1.18946 1.21136 1.23325 1.25506 1.27671 1.2981 1.31914 1.33981 1.36028 1.3811 1.40332 1.42478 1.44493 1.46369 1.48178 1.50407 1.52171 1.53346 nan nan nan nan nan nan nan nan nan nan nan nan nan nan nan nan nan nan nan nan nan nan nan nan nan nan nan nan nan nan nan nan nan 
nan nan nan nan nan nan nan nan nan nan nan nan nan nan nan nan nan nan nan nan nan nan nan nan nan nan nan nan nan nan nan 0.812051 0.824585 0.844599 0.861437 0.879345 0.898702 0.917359 0.936169 0.955643 0.975859 0.996521 1.01695 1.03727 1.05774 1.0785 1.0996 1.12103 1.14276 1.16472 1.18684 1.20904 1.23127 1.25345 1.27553 1.29744 1.31913 1.34063 1.36204 1.38359 1.40543 1.42692 1.4477 1.46778 1.48758 1.50794 1.52678 1.54432 1.56463 1.57754 nan nan nan nan nan nan nan nan nan nan nan nan nan nan nan nan nan nan nan nan nan nan nan nan nan nan nan nan nan nan nan 
nan nan nan nan nan nan nan nan nan nan nan nan nan nan nan nan nan nan nan nan nan nan nan nan nan nan nan nan nan 0.764773 0.777695 0.798654 0.816302 0.834893 0.853017 0.871482 0.890496 0.909596 0.928936 0.94871 0.968955 0.989537 1.01023 1.03102 1.052 1.07323 1.09475 1.11656 1.13864 1.16094 1.1834 1.20598 1.2286 1.25122 1.27378 1.29625 1.31858 1.34079 1.36292 1.38505 1.40716 1.429 1.45042 1.4714 1.49206 1.51255 1.53238 1.55168 1.5712 1.58959 1.61092 1.62433 nan nan nan nan nan nan nan nan nan nan nan nan nan nan nan nan nan nan nan nan nan nan nan nan nan nan nan nan nan 
nan nan nan nan nan nan nan nan nan nan nan nan nan nan nan nan nan nan nan nan nan nan nan nan nan nan nan 0.716988 0.729877 0.750992 0.768868 0.787849 0.806309 0.8249 0.843494 0.86231 0.88145 0.900839 0.920518 0.940558 0.960974 0.981707 1.00267 1.02385 1.04526 1.06693 1.08887 1.1111 1.13357 1.15627 1.17914 1.20214 1.22522 1.24833 1.27142 1.29446 1.31742 1.34029 1.36308 1.3858 1.4084 1.43078 1.45284 1.47456 1.49597 1.51706 1.53773 1.55804 1.57816 1.59796 1.61806 1.63687 1.65861 1.67214 nan nan nan nan nan nan nan nan nan nan nan nan nan nan nan nan nan nan nan nan nan nan nan nan nan nan nan 
nan nan nan nan nan nan nan nan nan nan nan nan nan nan nan nan nan nan nan nan nan nan nan nan nan 0.670077 0.682558 0.703241 0.720862 0.739735 0.75818 0.776822 0.795438 0.814153 0.832999 0.852065 0.871412 0.891049 0.911 0.931296 0.951943 0.972916 0.99418 1.01572 1.03753 1.05963 1.08201 1.10466 1.12757 1.15071 1.17404 1.19752 1.22109 1.24473 1.26839 1.29203 1.31562 1.33915 1.3626 1.38594 1.40914 1.43214 1.45487 1.47731 1.49943 1.52124 1.5427 1.56383 1.58469 1.60529 1.62572 1.64577 1.66602 1.68482 1.70638 1.71966 nan nan nan nan nan nan nan nan nan nan nan nan nan nan nan nan nan nan nan nan nan nan nan nan nan 
nan nan nan nan nan nan nan nan nan nan nan nan nan nan nan nan nan nan nan nan nan nan nan 0.625899 0.637267 0.656734 0.673562 0.691835 0.709841 0.728168 0.746553 0.765081 0.783729 0.802539 0.821546 0.840803 0.860351 0.880213 0.90041 0.92096 0.941866 0.963118 0.984701 1.0066 1.02881 1.05133 1.07416 1.09727 1.12065 1.14427 1.1681 1.19209 1.21621 1.24042 1.26467 1.28894 1.31319 1.33738 1.3615 1.38551 1.40938 1.43304 1.45647 1.47963 1.50249 1.52504 1.54726 1.56916 1.59074 1.61203 1.63304 1.65372 1.67413 1.694 1.71389 1.73206 1.75254 1.76471 nan nan nan nan nan nan nan nan nan nan nan nan nan nan nan nan nan nan nan nan nan nan nan 
nan nan nan nan nan nan nan nan nan nan nan nan nan nan nan nan nan nan nan nan nan nan 0.599161 0.613657 0.628356 0.645293 0.662355 0.679953 0.697755 0.715806 0.734047 0.752487 0.77113 0.789997 0.809118 0.828528 0.848255 0.868325 0.888754 0.909556 0.930735 0.952287 0.974203 0.996474 1.01909 1.04205 1.06533 1.08892 1.1128 1.13693 1.1613 1.18585 1.21056 1.23537 1.26026 1.28519 1.31011 1.335 1.35982 1.38453 1.4091 1.43348 1.45764 1.48153 1.50514 1.52844 1.55142 1.57406 1.59636 1.61833 1.63995 1.6612 1.68205 1.70243 1.72235 1.74143 1.76005 1.77601 1.79113 nan nan nan nan nan nan nan nan nan nan nan nan nan nan nan nan nan nan nan nan nan nan 
nan nan nan nan nan nan nan nan nan nan nan nan nan nan nan nan nan nan nan nan 0.552926 0.564076 0.583825 0.600433 0.616424 0.63297 0.649858 0.667123 0.684683 0.70252 0.720615 0.738968 0.757585 0.776484 0.795688 0.815222 0.835111 0.855373 0.876026 0.89708 0.918539 0.940402 0.962665 0.985318 1.00835 1.03176 1.05551 1.07961 1.10401 1.1287 1.15364 1.17879 1.20412 1.22958 1.25514 1.28076 1.30639 1.332 1.35755 1.383 1.40832 1.43345 1.45836 1.48302 1.50739 1.53146 1.55519 1.57857 1.6016 1.62425 1.6465 1.66834 1.68972 1.71059 1.7309 1.75051 1.76943 1.78736 1.80541 1.82623 1.83822 nan nan nan nan nan nan nan nan nan nan nan nan nan nan nan nan nan nan nan nan 
nan nan nan nan nan nan nan nan nan nan nan nan nan nan nan nan nan nan nan 0.527643 0.5409 0.554669 0.570914 0.587072 0.603177 0.619552 0.63624 0.653262 0.670603 0.688252 0.706207 0.724469 0.743048 0.761961 0.781227 0.800865 0.820898 0.841342 0.862212 0.883516 0.905261 0.927446 0.950066 0.973115 0.996581 1.02045 1.04471 1.06933 1.09429 1.11957 1.14512 1.17091 1.1969 1.22305 1.24931 1.27566 1.30204 1.3284 1.35472 1.38095 1.40704 1.43296 1.45866 1.4841 1.50926 1.53411 1.55861 1.58275 1.6065 1.62984 1.65275 1.67521 1.69716 1.71857 1.73939 1.75955 1.77903 1.79782 1.81622 1.83426 1.84933 1.86318 nan nan nan nan nan nan nan nan nan nan nan nan nan nan nan nan nan nan nan 
nan nan nan nan nan nan nan nan nan nan nan nan nan nan nan nan nan nan 0.49939 0.513532 0.52757 0.541997 0.557333 0.573016 0.588911 0.605078 0.621553 0.638355 0.655491 0.672965 0.690781 0.708949 0.72748 0.746392 0.765703 0.785431 0.805595 0.826212 0.847293 0.868849 0.890884 0.913398 0.936388 0.959846 0.983761 1.00812 1.0329 1.05808 1.08363 1.10952 1.13572 1.16218 1.18888 1.21575 1.24277 1.26988 1.29705 1.32421 1.35134 1.37837 1.40528 1.43202 1.45854 1.4848 1.51077 1.53641 1.5617 1.58661 1.61111 1.63517 1.65876 1.68186 1.70442 1.72642 1.7478 1.76853 1.78858 1.80794 1.82663 1.84448 1.86085 1.87618 1.89087 nan nan nan nan nan nan nan nan nan nan nan nan nan nan nan nan nan nan 
nan nan nan nan nan nan nan nan nan nan nan nan nan nan nan nan nan 0.469821 0.484405 0.498756 0.513082 0.527647 0.542654 0.558001 0.573635 0.589564 0.605811 0.622394 0.63933 0.656629 0.674305 0.692372 0.710847 0.729745 0.749088 0.768893 0.789178 0.809959 0.831249 0.853056 0.875385 0.898237 0.921609 0.945492 0.969874 0.994739 1.02007 1.04583 1.072 1.09855 1.12544 1.15262 1.18006 1.20771 1.23552 1.26344 1.29143 1.31943 1.3474 1.3753 1.40306 1.43065 1.45802 1.48513 1.51194 1.53841 1.56451 1.59021 1.61547 1.64026 1.66456 1.68834 1.71155 1.73416 1.75615 1.77746 1.79808 1.81798 1.83712 1.8554 1.87266 1.88903 1.90472 1.91991 nan nan nan nan nan nan nan nan nan nan nan nan nan nan nan nan nan 
nan nan nan nan nan nan nan nan nan nan nan nan nan nan nan nan 0.43962 0.454397 0.468899 0.483249 0.497597 0.512105 0.526888 0.541963 0.557332 0.57301 0.589016 0.605374 0.622104 0.639224 0.656753 0.674711 0.693116 0.71199 0.731352 0.751223 0.77162 0.792559 0.814054 0.836113 0.858741 0.88194 0.905706 0.93003 0.9549 0.980298 1.0062 1.03258 1.05941 1.08666 1.11427 1.14222 1.17044 1.1989 1.22755 1.25633 1.28519 1.31408 1.34294 1.37173 1.40039 1.42887 1.45713 1.48512 1.5128 1.54012 1.56706 1.59357 1.61962 1.64518 1.67021 1.69469 1.71857 1.74184 1.76444 1.78637 1.80758 1.82804 1.84774 1.8666 1.8846 1.90179 1.9183 1.93425 1.94974 nan nan nan nan nan nan nan nan nan nan nan nan nan nan nan nan 
nan nan nan nan nan nan nan nan nan nan nan nan nan nan nan 0.409215 0.424005 0.438503 0.452799 0.466996 0.481208 0.495546 0.510096 0.524905 0.540002 0.555413 0.571165 0.587285 0.603798 0.620728 0.6381 0.655936 0.674261 0.693097 0.712467 0.732392 0.752892 0.773984 0.795681 0.817993 0.840926 0.864482 0.888655 0.913439 0.938818 0.964775 0.991285 1.01832 1.04584 1.07382 1.10221 1.13096 1.16002 1.18935 1.21888 1.24857 1.27835 1.30817 1.33797 1.3677 1.3973 1.42671 1.4559 1.48481 1.51339 1.5416 1.56939 1.59674 1.62361 1.64995 1.67574 1.70094 1.72553 1.74947 1.77272 1.79527 1.81709 1.83816 1.85844 1.87792 1.89659 1.91449 1.93171 1.94831 1.96438 1.98001 nan nan nan nan nan nan nan nan nan nan nan nan nan nan nan 
nan nan nan nan nan nan nan nan nan nan nan nan nan nan 0.378941 0.393588 0.407939 0.422069 0.436058 0.449992 0.463958 0.478044 0.492321 0.506841 0.521647 0.536774 0.552254 0.568119 0.5844 0.601125 0.618324 0.636024 0.654253 0.673037 0.692402 0.712371 0.732965 0.754204 0.776101 0.798668 0.821912 0.845834 0.87043 0.895691 0.921604 0.948148 0.975296 1.00302 1.03128 1.06003 1.08924 1.11885 1.1488 1.17904 1.20951 1.24016 1.27091 1.30171 1.3325 1.36322 1.39381 1.4242 1.45436 1.48422 1.51374 1.54286 1.57155 1.59977 1.62747 1.65463 1.6812 1.70715 1.73246 1.75709 1.78102 1.80421 1.82666 1.84833 1.86922 1.88931 1.90861 1.92715 1.94497 1.96215 1.97873 1.9948 2.01042 nan nan nan nan nan nan nan nan nan nan nan nan nan nan 
nan nan nan nan nan nan nan nan nan nan nan nan nan 0.349109 0.363455 0.377512 0.391351 0.405037 0.418638 0.432223 0.445864 0.459631 0.473588 0.487787 0.502275 0.517092 0.532277 0.547867 0.563895 0.580397 0.597405 0.614951 0.633068 0.651785 0.67113 0.69113 0.711809 0.733188 0.755283 0.778106 0.801666 0.825965 0.851 0.87676 0.903232 0.930392 0.958215 0.986665 1.0157 1.04529 1.07536 1.10588 1.13677 1.16798 1.19945 1.23111 1.2629 1.29474 1.32657 1.35833 1.38995 1.42138 1.45254 1.4834 1.51389 1.54397 1.57358 1.6027 1.63127 1.65926 1.68663 1.71336 1.73941 1.76475 1.78936 1.81321 1.83629 1.85859 1.88008 1.90077 1.92066 1.93977 1.95815 1.97583 1.99287 2.0093 2.02519 2.04062 nan nan nan nan nan nan nan nan nan nan nan nan nan 
nan nan nan nan nan nan nan nan nan nan nan nan 0.320074 0.33392 0.347508 0.360909 0.374176 0.387356 0.400504 0.413674 0.426925 0.440319 0.453909 0.46775 0.481887 0.496367 0.51123 0.526518 0.542271 0.558526 0.575321 0.592694 0.610678 0.629309 0.648619 0.668637 0.689391 0.710902 0.733192 0.756273 0.780156 0.804843 0.830333 0.856614 0.883672 0.911483 0.940017 0.969238 0.999104 1.02956 1.06056 1.09204 1.12394 1.15619 1.18872 1.22146 1.25433 1.28727 1.3202 1.35306 1.38577 1.41827 1.4505 1.48239 1.5139 1.54496 1.57554 1.60558 1.63504 1.66389 1.69209 1.71961 1.74641 1.77248 1.79779 1.82231 1.84603 1.86895 1.89104 1.91231 1.93276 1.95242 1.9713 1.98943 2.00685 2.0236 2.0397 2.0552 2.07019 nan nan nan nan nan nan nan nan nan nan nan nan 
nan nan nan nan nan nan nan nan nan nan nan 0.292384 0.30538 0.318231 0.330997 0.343697 0.356349 0.368979 0.381623 0.394326 0.407137 0.420108 0.433289 0.446732 0.460485 0.474594 0.489106 0.504064 0.519513 0.535496 0.552054 0.569228 0.587058 0.605584 0.62484 0.64486 0.665675 0.687312 0.709792 0.733132 0.757344 0.782432 0.808393 0.83522 0.862893 0.89139 0.920678 0.950717 0.98146 1.01285 1.04484 1.07735 1.11032 1.14366 1.17732 1.2112 1.24523 1.27934 1.31343 1.34745 1.3813 1.41493 1.44827 1.48124 1.5138 1.54589 1.57746 1.60846 1.63884 1.66857 1.69762 1.72595 1.75353 1.78033 1.80635 1.83154 1.85591 1.87944 1.90213 1.92396 1.94496 1.96512 1.98447 2.00302 2.02079 2.03779 2.05404 2.06955 2.08433 2.09844 nan nan nan nan nan nan nan nan nan nan nan 
nan nan nan nan nan nan nan nan nan nan 0.26742 0.27853 0.290058 0.301864 0.313801 0.325792 0.33781 0.349861 0.361967 0.374163 0.38649 0.398995 0.411727 0.424734 0.438065 0.45177 0.465897 0.480495 0.49561 0.51129 0.527582 0.544531 0.562182 0.580578 0.599759 0.619764 0.640627 0.662379 0.685044 0.708644 0.73319 0.75869 0.785143 0.812539 0.840861 0.870083 0.900169 0.931077 0.962755 0.995145 1.02818 1.06179 1.0959 1.13042 1.16527 1.20038 1.23564 1.27097 1.3063 1.34153 1.3766 1.41141 1.4459 1.48001 1.51367 1.54682 1.57942 1.6114 1.64273 1.67337 1.70328 1.73243 1.7608 1.78836 1.81508 1.84096 1.86597 1.89011 1.91338 1.93577 1.95729 1.97793 1.99772 2.01666 2.03475 2.052 2.06839 2.08388 2.09837 2.1117 2.12372 nan nan nan nan nan nan nan nan nan nan 
nan nan nan nan nan nan nan nan nan nan 0.255435 0.263464 0.273683 0.284608 0.295803 0.30712 0.318511 0.329969 0.341512 0.353168 0.364975 0.376977 0.38922 0.401753 0.414626 0.42789 0.441597 0.455799 0.470546 0.485891 0.501885 0.518578 0.536021 0.554261 0.573344 0.593313 0.614208 0.636062 0.658907 0.682764 0.707651 0.733576 0.760539 0.788532 0.817537 0.847525 0.878459 0.910292 0.942968 0.976422 1.01058 1.04537 1.08069 1.11647 1.1526 1.189 1.22557 1.26222 1.29885 1.33537 1.3717 1.40776 1.44347 1.47876 1.51356 1.54782 1.58147 1.61447 1.64677 1.67834 1.70913 1.73913 1.76829 1.7966 1.82404 1.8506 1.87625 1.901 1.92484 1.94777 1.96979 1.9909 2.01111 2.03043 2.04884 2.06634 2.0829 2.09844 2.11279 2.12547 2.13487 nan nan nan nan nan nan nan nan nan nan 
nan nan nan nan nan nan nan nan nan 0.220335 0.234617 0.245423 0.255833 0.266328 0.276939 0.287641 0.298421 0.309282 0.320242 0.331331 0.342586 0.354048 0.365765 0.377786 0.390163 0.402949 0.416198 0.429966 0.444308 0.459282 0.474942 0.491346 0.508548 0.526602 0.54556 0.565469 0.586375 0.608318 0.631333 0.655446 0.680677 0.70704 0.734534 0.763153 0.792878 0.823679 0.855515 0.888335 0.922077 0.956669 0.992031 1.02808 1.06471 1.10183 1.13933 1.17712 1.21508 1.25312 1.29113 1.32902 1.36669 1.40406 1.44104 1.47756 1.51355 1.54895 1.58369 1.61774 1.65104 1.68355 1.71524 1.74609 1.77605 1.80513 1.83328 1.86051 1.88681 1.91216 1.93656 1.96002 1.98252 2.00409 2.02471 2.04438 2.06312 2.08089 2.09768 2.11345 2.12813 2.14171 2.15462 2.16996 nan nan nan nan nan nan nan nan nan 
nan nan nan nan nan nan nan nan 0.193916 0.205211 0.21656 0.227028 0.237144 0.247186 0.257248 0.26736 0.277535 0.28779 0.29815 0.308647 0.319318 0.330208 0.341362 0.352834 0.364675 0.376942 0.389693 0.402987 0.416884 0.431446 0.446734 0.46281 0.479735 0.497569 0.516369 0.536192 0.557087 0.5791 0.602273 0.626637 0.652218 0.679029 0.707076 0.736352 0.766837 0.7985 0.831298 0.865173 0.900057 0.935872 0.972526 1.00992 1.04796 1.08652 1.12549 1.16476 1.20421 1.24373 1.28321 1.32254 1.36162 1.40036 1.43868 1.47648 1.51371 1.55029 1.58616 1.62128 1.6556 1.68907 1.72168 1.75338 1.78416 1.81399 1.84286 1.87077 1.89769 1.92363 1.94858 1.97255 1.99553 2.01753 2.03855 2.05858 2.07764 2.0957 2.11276 2.1288 2.14381 2.15787 2.17123 2.18445 2.1967 nan nan nan nan nan nan nan nan 
nan nan nan nan nan nan nan nan 0.181747 0.189251 0.198631 0.208237 0.217786 0.227288 0.236781 0.246297 0.255861 0.265498 0.275238 0.285117 0.295175 0.305456 0.316012 0.326894 0.338159 0.349866 0.362076 0.374853 0.388261 0.402367 0.417239 0.432945 0.449552 0.467126 0.485734 0.505438 0.526294 0.548358 0.571674 0.596283 0.622214 0.649486 0.678107 0.708072 0.739361 0.771942 0.805766 0.840771 0.876883 0.914012 0.952057 0.99091 1.03045 1.07056 1.11111 1.15197 1.19301 1.23411 1.27515 1.31601 1.35658 1.39677 1.43648 1.47562 1.51413 1.55193 1.58896 1.62518 1.66054 1.69499 1.72852 1.76108 1.79267 1.82326 1.85285 1.88141 1.90896 1.93547 1.96096 1.98542 2.00886 2.03128 2.05268 2.07307 2.09244 2.1108 2.12813 2.14443 2.15971 2.17397 2.18722 2.19915 2.20806 nan nan nan nan nan nan nan nan 
nan nan nan nan nan nan nan 0.148859 0.161267 0.170636 0.179717 0.188756 0.197737 0.206667 0.215572 0.224478 0.233416 0.242416 0.251514 0.260747 0.27016 0.279799 0.289718 0.299971 0.310617 0.321719 0.333343 0.345555 0.358427 0.37203 0.386438 0.401726 0.417969 0.435241 0.453615 0.473162 0.493948 0.516035 0.539477 0.564321 0.590602 0.618346 0.647563 0.678251 0.710391 0.743949 0.778872 0.815092 0.852525 0.891071 0.930619 0.971045 1.01222 1.054 1.09624 1.13881 1.18155 1.22434 1.26704 1.30952 1.35166 1.39337 1.43453 1.47507 1.51491 1.55397 1.59219 1.62953 1.66594 1.70139 1.73584 1.76927 1.80167 1.83301 1.8633 1.89252 1.92066 1.94774 1.97375 1.99869 2.02257 2.04539 2.06716 2.08789 2.10757 2.12621 2.14381 2.16036 2.17587 2.19035 2.20377 2.21609 2.22753 2.24087 nan nan nan nan nan nan nan 
nan nan nan nan nan nan nan 0.135588 0.143094 0.151554 0.160099 0.168592 0.177007 0.185351 0.193648 0.201927 0.210219 0.218561 0.22699 0.235549 0.244284 0.253245 0.262487 0.272068 0.282051 0.292502 0.30349 0.315088 0.327372 0.340419 0.354311 0.369129 0.384956 0.401876 0.41997 0.439318 0.459996 0.482075 0.505619 0.530683 0.557311 0.585535 0.615371 0.646819 0.679861 0.714461 0.750562 0.78809 0.82695 0.867031 0.908206 0.950336 0.993272 1.03686 1.08093 1.12533 1.16991 1.2145 1.25896 1.30316 1.34696 1.39027 1.43296 1.47495 1.51615 1.55651 1.59595 1.63443 1.67191 1.70836 1.74374 1.77803 1.81123 1.84332 1.87429 1.90414 1.93287 1.96049 1.98699 2.01239 2.03669 2.0599 2.08203 2.10307 2.12305 2.14196 2.15981 2.17661 2.19235 2.20704 2.22065 2.23315 2.24436 2.25335 nan nan nan nan nan nan nan 
nan nan nan nan nan nan 0.101346 0.11402 0.123208 0.131638 0.139791 0.147774 0.155624 0.163369 0.171039 0.178669 0.186293 0.193951 0.201684 0.209537 0.217559 0.225804 0.234329 0.243195 0.252468 0.262218 0.272519 0.283449 0.295089 0.307523 0.320841 0.33513 0.350484 0.366995 0.384755 0.403854 0.424379 0.446412 0.470029 0.495295 0.522264 0.550974 0.58145 0.613696 0.647695 0.683409 0.720778 0.759718 0.800124 0.84187 0.884813 0.928794 0.973645 1.01919 1.06524 1.11162 1.15816 1.20468 1.25103 1.29705 1.34261 1.38759 1.43187 1.47536 1.51799 1.55967 1.60036 1.64 1.67855 1.71599 1.7523 1.78745 1.82143 1.85425 1.88588 1.91635 1.94565 1.97378 2.00076 2.0266 2.05129 2.07486 2.09731 2.11866 2.13892 2.15808 2.17617 2.19319 2.20915 2.22406 2.23792 2.25075 2.26263 2.27404 2.28778 nan nan nan nan nan nan 
nan nan nan nan nan nan 0.0878103 0.0952235 0.103339 0.111258 0.11892 0.126363 0.133628 0.140753 0.147775 0.154732 0.161663 0.168609 0.175616 0.18273 0.190004 0.197493 0.205257 0.213362 0.221876 0.230873 0.240432 0.250636 0.261572 0.273331 0.28601 0.299707 0.314523 0.330561 0.347925 0.366717 0.387037 0.40898 0.432633 0.458075 0.485372 0.514573 0.545709 0.578791 0.613806 0.650714 0.689449 0.729919 0.772005 0.815565 0.860436 0.906437 0.953374 1.00105 1.04925 1.09777 1.14643 1.19502 1.24337 1.29133 1.33874 1.38547 1.43141 1.47646 1.52054 1.56359 1.60553 1.64634 1.68597 1.72441 1.76163 1.79761 1.83237 1.86589 1.89817 1.92922 1.95906 1.98768 2.0151 2.04134 2.06641 2.09031 2.11307 2.13469 2.1552 2.17459 2.1929 2.21013 2.22629 2.2414 2.25548 2.26855 2.28064 2.29166 2.30067 nan nan nan nan nan nan 
nan nan nan nan nan 0.0535308 0.0660729 0.0749717 0.0829232 0.0904011 0.0975395 0.104409 0.111061 0.117541 0.123889 0.130147 0.136356 0.142562 0.14881 0.15515 0.161637 0.16833 0.175289 0.182585 0.190288 0.198477 0.207235 0.216651 0.226818 0.237835 0.249806 0.262838 0.277044 0.292538 0.309436 0.327854 0.347906 0.369702 0.393347 0.418932 0.446539 0.476229 0.508044 0.542004 0.578097 0.616285 0.656497 0.698629 0.742549 0.788093 0.835074 0.883285 0.932503 0.982498 1.03304 1.08388 1.13482 1.18564 1.23614 1.28614 1.3355 1.38407 1.43173 1.47839 1.52397 1.56839 1.61161 1.65359 1.6943 1.73371 1.77183 1.80863 1.84413 1.87832 1.91122 1.94283 1.97316 2.00224 2.03008 2.05669 2.08209 2.10629 2.12932 2.15119 2.17192 2.19152 2.21002 2.22743 2.24376 2.25905 2.27332 2.2866 2.29896 2.31053 2.32179 2.33557 nan nan nan nan nan 
nan nan nan nan nan 0.0401265 0.0472622 0.0549284 0.0622444 0.0691527 0.0757047 0.0819579 0.0879633 0.0937671 0.0994129 0.104943 0.110402 0.115836 0.121292 0.126823 0.132485 0.138337 0.144446 0.150882 0.157721 0.165044 0.17294 0.181502 0.19083 0.201031 0.212217 0.224506 0.238021 0.252889 0.26924 0.287205 0.306917 0.328502 0.352081 0.377767 0.405656 0.435828 0.468338 0.503215 0.540455 0.580019 0.621831 0.665777 0.711704 0.759426 0.808727 0.859368 0.911091 0.96363 1.01672 1.07009 1.1235 1.1767 1.22949 1.28167 1.33308 1.38357 1.43302 1.48134 1.52843 1.57425 1.61875 1.66189 1.70366 1.74403 1.78301 1.8206 1.85681 1.89164 1.92511 1.95723 1.98804 2.01753 2.04574 2.07268 2.09838 2.12285 2.14612 2.1682 2.18912 2.2089 2.22755 2.2451 2.26158 2.277 2.29141 2.30484 2.31735 2.32898 2.33966 2.34849 nan nan nan nan nan 
nan nan nan nan 0.00674445 0.0187929 0.0271646 0.034492 0.0412377 0.0475329 0.05345 0.0590457 0.0643694 0.0694663 0.0743799 0.0791537 0.0838321 0.0884618 0.0930924 0.097777 0.102573 0.107543 0.112754 0.118278 0.124196 0.130593 0.13756 0.145198 0.153613 0.162918 0.173236 0.184694 0.197428 0.211578 0.227291 0.244715 0.263999 0.285293 0.308738 0.334468 0.362603 0.39324 0.426455 0.46229 0.500748 0.541794 0.585346 0.631276 0.679411 0.729536 0.7814 0.834724 0.889208 0.944545 1.00043 1.05655 1.11263 1.1684 1.22364 1.27813 1.33169 1.38418 1.43547 1.48548 1.53412 1.58134 1.62711 1.67139 1.71419 1.75549 1.7953 1.83363 1.8705 1.90593 1.93993 1.97252 2.00374 2.03361 2.06214 2.08937 2.11533 2.14002 2.16349 2.18575 2.20682 2.22673 2.24551 2.26317 2.27974 2.29527 2.30976 2.32328 2.33588 2.34762 2.35864 2.36945 2.38285 nan nan nan nan 
nan nan nan nan -0.00617126 0.000408513 0.00736568 0.0138958 0.0199479 0.0255663 0.0308018 0.0357018 0.0403104 0.04467 0.0488224 0.0528104 0.056678 0.0604722 0.0642429 0.0680441 0.0719341 0.0759765 0.0802404 0.084801 0.0897401 0.0951468 0.101118 0.107757 0.115178 0.123503 0.132861 0.143393 0.155246 0.168576 0.183545 0.200322 0.219078 0.239985 0.263211 0.288915 0.317243 0.34832 0.382243 0.419071 0.458824 0.501468 0.546917 0.595028 0.645603 0.698392 0.753101 0.809402 0.866946 0.925372 0.984321 1.04345 1.10243 1.16097 1.21882 1.27575 1.33157 1.38613 1.43932 1.49104 1.54123 1.58984 1.63685 1.68226 1.72604 1.76822 1.80882 1.84784 1.88532 1.92128 1.95575 1.98877 2.02035 2.05053 2.07934 2.10682 2.13298 2.15785 2.18147 2.20386 2.22505 2.24506 2.26391 2.28164 2.29828 2.31384 2.32838 2.34193 2.35453 2.36623 2.37711 2.3871 2.39538 nan nan nan nan 
nan nan nan -0.037338 -0.0264729 -0.0191208 -0.0127583 -0.0069642 -0.00164036 0.00326074 0.0077784 0.0119504 0.0158146 0.0194089 0.0227727 0.0259468 0.0289745 0.0319019 0.034779 0.0376598 0.0406032 0.0436737 0.0469415 0.0504837 0.0543844 0.0587358 0.0636382 0.0692014 0.0755443 0.0827964 0.0910974 0.100598 0.111459 0.123852 0.137959 0.153969 0.172078 0.192484 0.215386 0.240974 0.269426 0.3009 0.335522 0.373378 0.414502 0.458872 0.506397 0.556916 0.610201 0.66596 0.723845 0.783469 0.844419 0.90627 0.968604 1.03102 1.09316 1.15468 1.21531 1.27481 1.33299 1.38969 1.4448 1.49825 1.54998 1.59996 1.64818 1.69465 1.73937 1.78237 1.82368 1.86333 1.90136 1.93779 1.97267 2.00604 2.03792 2.06836 2.0974 2.12506 2.15137 2.17638 2.20011 2.22258 2.24383 2.26389 2.28279 2.30054 2.31719 2.33276 2.34728 2.36079 2.37334 2.38495 2.3957 2.40569 2.4154 2.42753 nan nan nan 
nan nan nan -0.0490816 -0.0440122 -0.0384206 -0.0330651 -0.0280949 -0.023536 -0.0193801 -0.0156062 -0.0121869 -0.00909156 -0.00628674 -0.00373652 -0.00140228 0.000757589 0.00278824 0.00473882 0.00666307 0.0086199 0.010674 0.0128964 0.0153655 0.0181671 0.021396 0.025156 0.0295611 0.0347364 0.0408184 0.0479559 0.0563109 0.0660582 0.0773863 0.0904961 0.105601 0.122922 0.142692 0.16514 0.190498 0.218982 0.250791 0.286089 0.324995 0.367572 0.413807 0.46361 0.516801 0.573114 0.632204 0.693657 0.757012 0.821774 0.887441 0.953524 1.01956 1.08513 1.14986 1.21345 1.27565 1.33627 1.39516 1.45222 1.50738 1.56062 1.61192 1.66129 1.70876 1.75434 1.79809 1.84004 1.88023 1.91872 1.95555 1.99077 2.02441 2.05653 2.08717 2.11636 2.14414 2.17056 2.19564 2.21942 2.24193 2.2632 2.28326 2.30215 2.31988 2.3365 2.35202 2.36648 2.37991 2.39234 2.4038 2.41429 2.42381 2.43223 2.4388 nan nan nan 
nan nan nan -0.0667297 -0.0628596 -0.0582488 -0.0537378 -0.0495536 -0.0457561 -0.0423544 -0.0393385 -0.0366891 -0.0343814 -0.0323864 -0.0306715 -0.0292006 -0.0279342 -0.0268286 -0.0258359 -0.0249031 -0.023972 -0.0229779 -0.0218498 -0.0205086 -0.0188673 -0.0168292 -0.0142878 -0.0111251 -0.00721107 -0.0024024 0.00345853 0.0105446 0.0190446 0.0291639 0.0411246 0.0551647 0.0715371 0.0905066 0.112346 0.137329 0.165723 0.197777 0.233705 0.273673 0.317778 0.366033 0.418345 0.474516 0.534234 0.597086 0.662576 0.730145 0.7992 0.869143 0.939392 1.00941 1.07871 1.1469 1.21363 1.27866 1.34179 1.40289 1.46188 1.51873 1.57341 1.62596 1.6764 1.72477 1.77112 1.81551 1.858 1.89865 1.93751 1.97465 2.01011 2.04396 2.07623 2.10699 2.13627 2.16411 2.19056 2.21566 2.23943 2.26193 2.28317 2.30319 2.32202 2.33969 2.35623 2.37166 2.38602 2.39932 2.4116 2.42286 2.43311 2.44228 2.45014 2.45578 nan nan nan 
nan nan -0.0997343 -0.0890138 -0.0832164 -0.0787361 -0.0748313 -0.0713615 -0.0683044 -0.0656543 -0.0634024 -0.0615335 -0.060027 -0.0588579 -0.0579967 -0.0574099 -0.0570601 -0.0569057 -0.0569002 -0.056992 -0.057124 -0.0572324 -0.0572464 -0.0570872 -0.0566671 -0.0558886 -0.054643 -0.0528095 -0.0502537 -0.0468265 -0.0423622 -0.0366776 -0.0295703 -0.0208178 -0.0101766 0.00261827 0.0178521 0.0358289 0.0568676 0.0812955 0.109439 0.141612 0.178094 0.219113 0.264819 0.315256 0.370344 0.429859 0.493433 0.560567 0.630657 0.703022 0.776945 0.851702 0.926603 1.00101 1.07439 1.14628 1.21633 1.28428 1.34996 1.41327 1.47415 1.5326 1.58865 1.64233 1.69372 1.74287 1.78987 1.8348 1.87771 1.9187 1.95783 1.99518 2.03079 2.06474 2.09709 2.12788 2.15717 2.185 2.21142 2.23647 2.26019 2.28261 2.30376 2.32369 2.34242 2.35997 2.37639 2.39169 2.40591 2.41905 2.43115 2.44221 2.45225 2.46129 2.4695 2.47765 2.48957 nan nan 
nan nan -0.111334 -0.107109 -0.103014 -0.0994011 -0.0962335 -0.0934891 -0.0911658 -0.0892633 -0.0877765 -0.0866937 -0.0859979 -0.085667 -0.0856743 -0.0859892 -0.0865765 -0.0873967 -0.0884053 -0.0895527 -0.0907831 -0.0920342 -0.0932365 -0.0943119 -0.0951731 -0.0957224 -0.0958502 -0.0954338 -0.0943358 -0.092402 -0.0894603 -0.085318 -0.0797601 -0.0725475 -0.063415 -0.0520703 -0.0381933 -0.021437 -0.00143041 0.0222162 0.0499015 0.0820186 0.118934 0.160961 0.208323 0.261119 0.319287 0.382579 0.450556 0.522607 0.597984 0.675852 0.75533 0.835541 0.915656 0.994929 1.07273 1.14858 1.22209 1.29304 1.36128 1.42674 1.48942 1.54936 1.60663 1.6613 1.71349 1.76328 1.81078 1.85609 1.8993 1.9405 1.97978 2.01721 2.05287 2.08683 2.11915 2.1499 2.17911 2.20686 2.23318 2.25811 2.2817 2.30398 2.325 2.34478 2.36336 2.38076 2.39701 2.41214 2.42617 2.43912 2.45101 2.46184 2.47164 2.48039 2.48816 2.495 2.50062 nan nan 
nan nan -0.128004 -0.125862 -0.123092 -0.120373 -0.117953 -0.115924 -0.114322 -0.11316 -0.112435 -0.11214 -0.112261 -0.112777 -0.113664 -0.114895 -0.116437 -0.118252 -0.120299 -0.12253 -0.124891 -0.127323 -0.129757 -0.132117 -0.134318 -0.136262 -0.13784 -0.138928 -0.139389 -0.139063 -0.137775 -0.135323 -0.131481 -0.125996 -0.11858 -0.108916 -0.0966453 -0.0813767 -0.0626809 -0.0400967 -0.0131395 0.018684 0.0558519 0.0987926 0.147839 0.203174 0.264773 0.332367 0.405421 0.483172 0.564682 0.648913 0.734781 0.821211 0.907196 0.991853 1.07447 1.1545 1.23161 1.30557 1.37629 1.44379 1.50812 1.56937 1.62766 1.68314 1.73594 1.78618 1.83401 1.87953 1.92288 1.96414 2.00343 2.04083 2.07642 2.11027 2.14247 2.17307 2.20213 2.2297 2.25584 2.28059 2.30399 2.32608 2.3469 2.36648 2.38485 2.40205 2.41809 2.43301 2.44682 2.45955 2.47121 2.4818 2.49131 2.49973 2.50697 2.51277 2.51645 nan nan 
nan nan -0.147612 -0.146019 -0.14388 -0.141792 -0.140016 -0.138656 -0.137752 -0.137316 -0.137348 -0.13784 -0.138779 -0.140147 -0.141924 -0.144082 -0.146592 -0.14942 -0.152526 -0.155865 -0.159386 -0.163033 -0.166739 -0.170431 -0.174026 -0.177428 -0.180531 -0.183211 -0.185329 -0.186728 -0.187226 -0.186618 -0.184668 -0.18111 -0.175639 -0.167908 -0.157528 -0.144057 -0.127005 -0.10583 -0.0799474 -0.0487404 -0.0115875 0.0320979 0.0828068 0.140855 0.206293 0.278831 0.357807 0.44224 0.530935 0.62259 0.715865 0.809433 0.902059 0.992683 1.08049 1.16492 1.24566 1.32256 1.39564 1.46497 1.5307 1.59301 1.65209 1.70813 1.76129 1.81177 1.85971 1.90526 1.94856 1.98973 2.02887 2.06609 2.10148 2.13512 2.16708 2.19743 2.22624 2.25356 2.27944 2.30393 2.32707 2.3489 2.36946 2.38879 2.40691 2.42385 2.43965 2.45431 2.46788 2.48035 2.49176 2.50209 2.51135 2.51951 2.52644 2.53188 2.53516 nan nan 
nan nan -0.169568 -0.167479 -0.165366 -0.163641 -0.162395 -0.161653 -0.161421 -0.161699 -0.16248 -0.163755 -0.165513 -0.167737 -0.170407 -0.173501 -0.17699 -0.180844 -0.185026 -0.189494 -0.194201 -0.199092 -0.204106 -0.209174 -0.214213 -0.219134 -0.223832 -0.228186 -0.232061 -0.235298 -0.237716 -0.239107 -0.239231 -0.237811 -0.234526 -0.229009 -0.220835 -0.209518 -0.194502 -0.17516 -0.150792 -0.120635 -0.0838836 -0.0397376 0.0125256 0.0734351 0.143181 0.221469 0.307454 0.399822 0.497019 0.597409 0.699341 0.801171 0.901347 0.998579 1.09195 1.1809 1.26521 1.34486 1.42 1.49085 1.55766 1.6207 1.68024 1.73652 1.78978 1.84022 1.88804 1.9334 1.97645 2.01733 2.05617 2.09306 2.12811 2.1614 2.19301 2.22301 2.25147 2.27845 2.30399 2.32814 2.35095 2.37246 2.39271 2.41172 2.42954 2.44618 2.46168 2.47606 2.48934 2.50153 2.51266 2.52274 2.53177 2.53975 2.54666 2.55237 2.55639 nan nan 
nan -0.205328 -0.194323 -0.189698 -0.187206 -0.185746 -0.184996 -0.184855 -0.185285 -0.186267 -0.187791 -0.189847 -0.192421 -0.195501 -0.199067 -0.203101 -0.207577 -0.212466 -0.217737 -0.22335 -0.229263 -0.235424 -0.241778 -0.248257 -0.254787 -0.261281 -0.267639 -0.273746 -0.279469 -0.284654 -0.289124 -0.29267 -0.295051 -0.295985 -0.295143 -0.292137 -0.286517 -0.277754 -0.265231 -0.248232 -0.225932 -0.197399 -0.161601 -0.117452 -0.0638914 -4.45907e-05 0.0745436 0.159626 0.254068 0.356005 0.463354 0.574091 0.686229 0.797717 0.906535 1.01106 1.11028 1.20373 1.29137 1.3734 1.45016 1.52206 1.58948 1.65281 1.71241 1.76857 1.82159 1.8717 1.91912 1.96404 2.00662 2.04702 2.08537 2.12177 2.15633 2.18914 2.22028 2.24983 2.27784 2.30437 2.32949 2.35323 2.37564 2.39676 2.41663 2.43528 2.45274 2.46903 2.48419 2.49824 2.5112 2.52308 2.53391 2.54371 2.5525 2.56033 2.56732 2.57379 2.58094 2.59331 nan 
nan -0.21721 -0.213405 -0.210521 -0.208755 -0.207872 -0.207713 -0.2082 -0.209296 -0.21098 -0.213243 -0.216073 -0.21946 -0.223393 -0.227855 -0.232829 -0.238294 -0.244225 -0.250593 -0.257363 -0.264496 -0.271948 -0.279666 -0.287588 -0.295647 -0.303761 -0.311837 -0.319766 -0.327423 -0.334661 -0.341306 -0.347158 -0.351977 -0.355484 -0.357344 -0.357163 -0.35447 -0.348703 -0.339191 -0.325136 -0.305588 -0.279428 -0.245358 -0.201921 -0.147574 -0.0808786 -0.000863819 0.0924158 0.197362 0.31104 0.430585 0.553608 0.677876 0.800841 0.919647 1.03217 1.13736 1.23501 1.32544 1.40919 1.48691 1.55921 1.62665 1.68973 1.74889 1.8045 1.85688 1.90632 1.95304 1.99725 2.03913 2.07884 2.11651 2.15225 2.18617 2.21836 2.2489 2.27787 2.30533 2.33134 2.35594 2.37919 2.40113 2.4218 2.44123 2.45945 2.4765 2.49241 2.50718 2.52086 2.53346 2.545 2.5555 2.56498 2.57347 2.58103 2.58775 2.59382 2.59954 2.60482 nan 
nan -0.23374 -0.232346 -0.230983 -0.230166 -0.230008 -0.230507 -0.231647 -0.233414 -0.235799 -0.238793 -0.242392 -0.246585 -0.251365 -0.256718 -0.262631 -0.269084 -0.276057 -0.283525 -0.291459 -0.299823 -0.308578 -0.317677 -0.327067 -0.336685 -0.346457 -0.3563 -0.366112 -0.375778 -0.38516 -0.394096 -0.402393 -0.409823 -0.416114 -0.420937 -0.423898 -0.424519 -0.42222 -0.416293 -0.405873 -0.389896 -0.367063 -0.335784 -0.294152 -0.239961 -0.170865 -0.0848768 0.0185827 0.137191 0.265573 0.399717 0.537206 0.676008 0.813034 0.943569 1.06469 1.17557 1.27664 1.36888 1.45334 1.53106 1.60289 1.66959 1.73176 1.78991 1.84447 1.89579 1.94417 1.98987 2.03309 2.07401 2.1128 2.14959 2.18449 2.21762 2.24905 2.27887 2.30715 2.33395 2.35933 2.38334 2.40602 2.42741 2.44756 2.46649 2.48424 2.50083 2.51629 2.53064 2.54391 2.55611 2.56727 2.5774 2.58651 2.59464 2.60182 2.60807 2.61343 2.61782 2.62075 nan 
nan -0.252469 -0.252037 -0.251657 -0.251665 -0.252218 -0.253381 -0.255175 -0.25761 -0.260686 -0.264404 -0.268761 -0.273751 -0.27937 -0.285606 -0.29245 -0.299887 -0.307898 -0.316465 -0.325561 -0.335159 -0.345223 -0.355715 -0.366587 -0.377785 -0.389245 -0.400891 -0.412634 -0.424371 -0.435975 -0.4473 -0.458169 -0.468367 -0.477639 -0.485671 -0.492083 -0.496407 -0.498062 -0.49633 -0.490306 -0.478851 -0.460513 -0.433435 -0.395225 -0.342841 -0.27256 -0.180407 -0.0638644 0.0740106 0.221157 0.372316 0.526272 0.682576 0.838041 0.982661 1.11252 1.22796 1.33084 1.42322 1.5069 1.58332 1.6536 1.71864 1.77912 1.83561 1.88857 1.93837 1.9853 2.02962 2.07154 2.11125 2.14889 2.1846 2.21849 2.25066 2.28119 2.31016 2.33763 2.36367 2.38833 2.41166 2.43369 2.45447 2.47403 2.4924 2.50961 2.5257 2.54067 2.55456 2.56738 2.57915 2.58989 2.59961 2.60833 2.61605 2.62279 2.62854 2.63325 2.63678 2.63879 nan 
nan -0.27241 -0.272445 -0.2727 -0.273361 -0.274551 -0.276341 -0.278769 -0.281855 -0.285609 -0.290036 -0.295138 -0.300913 -0.307358 -0.314466 -0.322231 -0.33064 -0.339682 -0.34934 -0.359594 -0.370421 -0.381794 -0.393679 -0.406039 -0.418827 -0.43199 -0.445464 -0.459172 -0.473024 -0.486913 -0.500706 -0.514249 -0.527349 -0.539774 -0.551238 -0.561388 -0.569782 -0.575867 -0.578943 -0.578113 -0.572217 -0.559733 -0.538623 -0.506105 -0.458274 -0.389587 -0.292469 -0.158781 0.0104461 0.181443 0.350758 0.521725 0.698806 0.88237 1.04408 1.18121 1.29824 1.39993 1.48992 1.57075 1.64423 1.71165 1.77397 1.83192 1.88605 1.93683 1.9846 2.02967 2.07226 2.11259 2.15082 2.18708 2.22151 2.25421 2.28526 2.31475 2.34274 2.3693 2.39447 2.41832 2.44088 2.46219 2.48228 2.50119 2.51894 2.53557 2.55109 2.56554 2.57891 2.59125 2.60255 2.61284 2.62213 2.63042 2.63772 2.64402 2.6493 2.65349 2.65648 2.65807 nan 
nan -0.293081 -0.293391 -0.294087 -0.295267 -0.297011 -0.29938 -0.302409 -0.306122 -0.310533 -0.315652 -0.321482 -0.328025 -0.33528 -0.343246 -0.351916 -0.361284 -0.371342 -0.382077 -0.393477 -0.405522 -0.418194 -0.431466 -0.445309 -0.459686 -0.474556 -0.489866 -0.505556 -0.521551 -0.537761 -0.554079 -0.570371 -0.586476 -0.602193 -0.617273 -0.631404 -0.644194 -0.655141 -0.663601 -0.668738 -0.66945 -0.664262 -0.651149 -0.627227 -0.588135 -0.526719 -0.430234 -0.276053 -0.042851 0.154478 0.338319 0.522317 0.720854 0.960933 1.14056 1.27833 1.39039 1.48592 1.56993 1.64534 1.71398 1.77709 1.83557 1.89008 1.94114 1.98914 2.03441 2.07719 2.11771 2.15614 2.19263 2.22729 2.26025 2.29157 2.32136 2.34967 2.37656 2.40209 2.42631 2.44926 2.47097 2.49147 2.51081 2.52901 2.54609 2.56208 2.577 2.59086 2.60369 2.6155 2.62631 2.63612 2.64495 2.6528 2.65967 2.66554 2.6704 2.67418 2.6768 2.67815 nan 
nan -0.314196 -0.314701 -0.315734 -0.317342 -0.319574 -0.322471 -0.326065 -0.330377 -0.335423 -0.341212 -0.34775 -0.355042 -0.363089 -0.371892 -0.381449 -0.391757 -0.402812 -0.414606 -0.427131 -0.440377 -0.454329 -0.468971 -0.484281 -0.500234 -0.5168 -0.53394 -0.551609 -0.569751 -0.588298 -0.607166 -0.626251 -0.645425 -0.664527 -0.683355 -0.701653 -0.719094 -0.735255 -0.749586 -0.761363 -0.769626 -0.77308 -0.769956 -0.757762 -0.732755 -0.688426 -0.609863 -0.448129 nan nan nan nan nan 1.12267 1.29474 1.41202 1.50693 1.58938 1.66321 1.73042 1.79227 1.84963 1.90316 1.95338 2.00065 2.04531 2.0876 2.12771 2.16582 2.20207 2.23657 2.26943 2.30072 2.33051 2.35889 2.38589 2.41157 2.43597 2.45913 2.48109 2.50187 2.52151 2.54003 2.55746 2.57381 2.58912 2.60338 2.61663 2.62887 2.64013 2.6504 2.65971 2.66806 2.67546 2.68189 2.68736 2.69183 2.69527 2.69763 2.69884 nan 
nan -0.335557 -0.336228 -0.337547 -0.339526 -0.342194 -0.345578 -0.349703 -0.354586 -0.36024 -0.366676 -0.3739 -0.381919 -0.390736 -0.400354 -0.410775 -0.421999 -0.434026 -0.446854 -0.46048 -0.4749 -0.490106 -0.50609 -0.522841 -0.540343 -0.558579 -0.577525 -0.597151 -0.617423 -0.638293 -0.659705 -0.681588 -0.70385 -0.726378 -0.749023 -0.771596 -0.793851 -0.815467 -0.836016 -0.854932 -0.871455 -0.884568 -0.89292 -0.894788 -0.88822 -0.871991 -0.849942 nan nan nan nan nan nan nan 1.52795 1.58124 1.64481 1.70799 1.76816 1.82486 1.87825 1.9286 1.97622 2.02135 2.06423 2.10503 2.14391 2.181 2.2164 2.25021 2.2825 2.31335 2.3428 2.37092 2.39775 2.42332 2.44768 2.47085 2.49287 2.51376 2.53355 2.55226 2.5699 2.5865 2.60207 2.61664 2.63021 2.6428 2.65442 2.66509 2.67481 2.68359 2.69144 2.69837 2.70437 2.70944 2.71356 2.71671 2.71886 2.71997 nan 
nan -0.356992 -0.357851 -0.359437 -0.361752 -0.364818 -0.368656 -0.373281 -0.378707 -0.384945 -0.392004 -0.399891 -0.408612 -0.418174 -0.428581 -0.439839 -0.451951 -0.464921 -0.478752 -0.493447 -0.509006 -0.525431 -0.542721 -0.560874 -0.579886 -0.599751 -0.62046 -0.642002 -0.66436 -0.687511 -0.711428 -0.736073 -0.761394 -0.787327 -0.813785 -0.840652 -0.867774 -0.894945 -0.921883 -0.948206 -0.973387 -0.996705 -1.01719 -1.03359 -1.04452 -1.04907 -1.04848 nan nan nan nan nan nan nan 1.72527 1.75224 1.79195 1.83637 1.88184 1.9268 1.97062 2.01304 2.05397 2.0934 2.13136 2.16788 2.203 2.23676 2.26919 2.30033 2.33022 2.35889 2.38636 2.41267 2.43783 2.46187 2.48481 2.50667 2.52747 2.54722 2.56594 2.58365 2.60036 2.61608 2.63083 2.64462 2.65745 2.66935 2.68032 2.69036 2.6995 2.70773 2.71507 2.72151 2.72707 2.73173 2.73551 2.7384 2.74039 2.74146 nan 
-0.377385 -0.378314 -0.37949 -0.381335 -0.383957 -0.387392 -0.391655 -0.396755 -0.402701 -0.409499 -0.417157 -0.425681 -0.435079 -0.445358 -0.456525 -0.468589 -0.481556 -0.495435 -0.510233 -0.525957 -0.542616 -0.560216 -0.578765 -0.59827 -0.618739 -0.640177 -0.66259 -0.685983 -0.71036 -0.735722 -0.762069 -0.789397 -0.817696 -0.846951 -0.877139 -0.90822 -0.940139 -0.972812 -1.00611 -1.03986 -1.07378 -1.10744 -1.14021 -1.17108 -1.19848 -1.22004 -1.23248 nan nan nan nan nan nan nan -4.37407 -4.36163 -4.34007 -4.31267 -4.2818 -4.24904 -4.21537 -4.18145 -4.14771 -4.1144 -4.08173 -4.04981 -4.01873 -3.98854 -3.95929 -3.93099 -3.90366 -3.87732 -3.85195 -3.82758 -3.80418 -3.78177 -3.76033 -3.73986 -3.72036 -3.70181 -3.68421 -3.66755 -3.65183 -3.63703 -3.62315 -3.61018 -3.59812 -3.58695 -3.57667 -3.56727 -3.55875 -3.55109 -3.54429 -3.53835 -3.53325 -3.52898 -3.52555 -3.52293 -3.52108 -3.51991 -3.51898 
nan -0.400133 -0.401201 -0.40319 -0.406078 -0.409858 -0.414527 -0.420083 -0.426527 -0.433863 -0.442095 -0.45123 -0.461277 -0.472244 -0.48414 -0.496976 -0.510762 -0.52551 -0.541233 -0.557942 -0.575651 -0.594374 -0.614127 -0.634925 -0.656785 -0.679725 -0.703765 -0.728926 -0.755231 -0.782704 -0.811371 -0.841261 -0.872405 -0.904837 -0.938592 -0.97371 -1.01023 -1.04819 -1.08762 -1.12856 -1.17097 -1.21479 -1.25976 -1.30522 -1.34964 -1.38935 -1.41632 nan nan nan nan nan nan nan -4.19007 -4.19066 -4.18612 -4.17518 -4.15878 -4.1383 -4.11498 -4.0898 -4.06348 -4.03654 -4.00937 -3.98224 -3.95538 -3.92892 -3.90299 -3.87767 -3.85302 -3.8291 -3.80595 -3.78359 -3.76205 -3.74134 -3.72148 -3.70247 -3.68431 -3.66702 -3.6506 -3.63504 -3.62034 -3.60651 -3.59354 -3.58143 -3.57017 -3.55977 -3.5502 -3.54148 -3.5336 -3.52654 -3.5203 -3.51487 -3.51025 -3.50641 -3.50335 -3.50103 -3.49944 -3.49858 nan 
nan -0.421625 -0.422732 -0.424885 -0.428037 -0.432158 -0.437223 -0.443222 -0.450148 -0.458 -0.466783 -0.476503 -0.487169 -0.498792 -0.511382 -0.524953 -0.539518 -0.555093 -0.571693 -0.589336 -0.608041 -0.627828 -0.648719 -0.670739 -0.693913 -0.718272 -0.743846 -0.770673 -0.798791 -0.828248 -0.859093 -0.891385 -0.925194 -0.960595 -0.997682 -1.03656 -1.07736 -1.12024 -1.16538 -1.21299 -1.26334 -1.31673 -1.37343 -1.43361 -1.49679 -1.56035 -1.61365 nan nan nan nan nan nan nan -3.99153 -4.01358 -4.02981 -4.03638 -4.03451 -4.02616 -4.01305 -3.99652 -3.97761 -3.95706 -3.93544 -3.91319 -3.89062 -3.86797 -3.84544 -3.82318 -3.8013 -3.77989 -3.75902 -3.73874 -3.71912 -3.70017 -3.68194 -3.66443 -3.64768 -3.6317 -3.61649 -3.60207 -3.58845 -3.57562 -3.56359 -3.55237 -3.54195 -3.53233 -3.52351 -3.51549 -3.50827 -3.50183 -3.49618 -3.4913 -3.48717 -3.48379 -3.48112 -3.47914 -3.47782 -3.47715 nan 
nan -0.442757 -0.443963 -0.44632 -0.449763 -0.454235 -0.4597 -0.466135 -0.473528 -0.481878 -0.491188 -0.501466 -0.512721 -0.524965 -0.538212 -0.552478 -0.567778 -0.584131 -0.601558 -0.620079 -0.639719 -0.660504 -0.682461 -0.705623 -0.730025 -0.755705 -0.782706 -0.811079 -0.840878 -0.872167 -0.90502 -0.93952 -0.975768 -1.01388 -1.054 -1.09628 -1.14094 -1.18822 -1.23843 -1.29197 -1.34933 -1.41117 -1.47838 -1.55221 -1.63466 -1.72958 -1.84685 -2.01893 nan nan nan nan nan -3.58972 -3.75146 -3.83002 -3.87435 -3.89935 -3.91155 -3.91467 -3.91122 -3.90296 -3.89118 -3.87685 -3.86069 -3.84325 -3.82495 -3.80612 -3.78702 -3.76784 -3.74876 -3.72989 -3.71134 -3.6932 -3.67553 -3.65839 -3.64183 -3.62587 -3.61056 -3.59592 -3.58197 -3.56872 -3.5562 -3.5444 -3.53335 -3.52304 -3.51348 -3.50468 -3.49663 -3.48934 -3.4828 -3.47702 -3.47197 -3.46766 -3.46406 -3.46117 -3.45893 -3.45733 -3.45629 -3.45579 nan 
nan -0.463438 -0.464794 -0.467415 -0.471195 -0.476048 -0.481923 -0.488791 -0.49664 -0.505469 -0.515282 -0.526088 -0.5379 -0.55073 -0.564595 -0.579512 -0.5955 -0.612582 -0.630779 -0.650118 -0.670627 -0.692337 -0.715282 -0.739499 -0.765031 -0.791925 -0.820234 -0.850019 -0.881348 -0.914299 -0.948965 -0.98545 -1.02388 -1.0644 -1.10719 -1.15245 -1.20045 -1.25151 -1.30602 -1.3645 -1.42762 -1.49625 -1.57166 -1.65567 -1.7512 -1.86327 -2.00103 -2.18066 -2.42074 -2.61928 -2.80327 -2.98712 -3.18444 -3.41765 -3.57183 -3.66831 -3.72973 -3.76882 -3.79274 -3.80585 -3.81104 -3.81033 -3.80519 -3.79673 -3.78579 -3.773 -3.75887 -3.74379 -3.72807 -3.71196 -3.69567 -3.67935 -3.66314 -3.64715 -3.63146 -3.61615 -3.60128 -3.5869 -3.57306 -3.55979 -3.54711 -3.53507 -3.52367 -3.51293 -3.50288 -3.49351 -3.48484 -3.47687 -3.46962 -3.46307 -3.45724 -3.45213 -3.44771 -3.444 -3.44097 -3.4386 -3.43686 -3.43568 -3.43498 -3.43467 nan 
nan -0.483526 -0.485117 -0.488103 -0.492293 -0.49757 -0.503871 -0.511171 -0.519463 -0.52875 -0.53904 -0.550345 -0.562679 -0.576057 -0.590498 -0.606022 -0.622649 -0.640404 -0.659313 -0.679406 -0.700714 -0.723271 -0.747118 -0.772296 -0.798855 -0.826848 -0.856335 -0.887388 -0.920083 -0.954511 -0.990777 -1.029 -1.06933 -1.11192 -1.15699 -1.20476 -1.25554 -1.30968 -1.36762 -1.42994 -1.49736 -1.57084 -1.65167 -1.74166 -1.84336 -1.96038 -2.09752 -2.25922 -2.44279 -2.61987 -2.79083 -2.96015 -3.13115 -3.30037 -3.43406 -3.53118 -3.59987 -3.6477 -3.68022 -3.70133 -3.71381 -3.71971 -3.72054 -3.71746 -3.71137 -3.70298 -3.69283 -3.68137 -3.66894 -3.65584 -3.6423 -3.62851 -3.61462 -3.60076 -3.58706 -3.57358 -3.56042 -3.54763 -3.53527 -3.52339 -3.51201 -3.50119 -3.49093 -3.48127 -3.47223 -3.46382 -3.45606 -3.44895 -3.44251 -3.43673 -3.43163 -3.4272 -3.42345 -3.42036 -3.41793 -3.41614 -3.41495 -3.41429 -3.41404 -3.414 nan 
nan -0.502798 -0.504812 -0.508341 -0.513052 -0.518801 -0.525541 -0.533266 -0.541983 -0.551705 -0.562444 -0.574215 -0.587036 -0.600923 -0.615896 -0.631978 -0.649192 -0.667565 -0.687124 -0.707903 -0.729935 -0.75326 -0.777919 -0.803959 -0.831435 -0.860405 -0.890935 -0.923102 -0.95699 -0.992699 -1.03034 -1.07005 -1.11197 -1.15629 -1.20322 -1.25302 -1.30598 -1.36247 -1.42296 -1.48799 -1.55827 -1.63469 -1.71837 -1.81076 -1.91364 -2.02907 -2.15893 -2.30355 -2.45902 -2.61532 -2.76928 -2.92044 -3.06758 -3.20546 -3.322 -3.41415 -3.48443 -3.53682 -3.57503 -3.60211 -3.62044 -3.6319 -3.63792 -3.63966 -3.638 -3.63368 -3.62726 -3.61923 -3.60996 -3.59976 -3.58889 -3.57757 -3.56596 -3.55423 -3.54248 -3.53084 -3.51938 -3.50818 -3.49731 -3.48682 -3.47675 -3.46715 -3.45806 -3.44949 -3.44148 -3.43404 -3.4272 -3.42096 -3.41534 -3.41035 -3.406 -3.40228 -3.3992 -3.39677 -3.39497 -3.39381 -3.39326 -3.39325 -3.39363 -3.39406 nan 
nan -0.520844 -0.52377 -0.528161 -0.533521 -0.539775 -0.546948 -0.555078 -0.564195 -0.574322 -0.585478 -0.597681 -0.61095 -0.625305 -0.640766 -0.657358 -0.675105 -0.694036 -0.714182 -0.735577 -0.758257 -0.782264 -0.807643 -0.834445 -0.862724 -0.892545 -0.923978 -0.957101 -0.992005 -1.02879 -1.06758 -1.10851 -1.15173 -1.19742 -1.2458 -1.29712 -1.35168 -1.40984 -1.472 -1.5387 -1.61053 -1.68825 -1.77272 -1.86495 -1.96602 -2.0769 -2.19802 -2.32856 -2.46558 -2.60439 -2.74188 -2.87602 -3.0044 -3.12301 -3.22647 -3.31246 -3.38155 -3.43575 -3.47738 -3.50866 -3.53149 -3.54747 -3.55789 -3.56381 -3.56611 -3.56549 -3.56253 -3.55771 -3.55142 -3.54399 -3.53569 -3.52675 -3.51737 -3.5077 -3.49789 -3.48805 -3.47828 -3.46866 -3.45927 -3.45017 -3.44142 -3.43305 -3.42512 -3.41765 -3.41068 -3.40422 -3.39831 -3.39296 -3.38818 -3.38398 -3.38039 -3.37739 -3.37501 -3.37324 -3.3721 -3.3716 -3.37176 -3.37258 -3.37394 -3.37533 nan 
nan -0.536775 -0.542049 -0.547774 -0.553848 -0.560567 -0.568124 -0.576616 -0.586096 -0.596593 -0.608132 -0.62073 -0.634408 -0.649188 -0.66509 -0.682141 -0.700367 -0.719797 -0.740464 -0.762403 -0.785653 -0.810257 -0.836262 -0.86372 -0.892689 -0.923233 -0.955425 -0.989346 -1.02509 -1.06275 -1.10246 -1.14434 -1.18855 -1.23527 -1.28471 -1.33709 -1.3927 -1.45186 -1.51494 -1.58238 -1.65468 -1.7324 -1.81615 -1.90658 -2.00423 -2.10942 -2.22195 -2.34075 -2.46372 -2.58798 -2.71101 -2.83055 -2.94423 -3.04918 -3.14246 -3.22247 -3.28917 -3.34351 -3.38695 -3.42102 -3.44718 -3.46673 -3.48078 -3.4903 -3.49606 -3.49876 -3.49894 -3.49708 -3.49357 -3.48875 -3.4829 -3.47625 -3.46902 -3.46136 -3.45343 -3.44535 -3.43724 -3.42918 -3.42126 -3.41354 -3.40609 -3.39896 -3.39219 -3.38582 -3.37989 -3.37442 -3.36945 -3.36499 -3.36105 -3.35767 -3.35484 -3.35257 -3.35089 -3.34979 -3.34931 -3.34946 -3.35035 -3.35211 -3.355 -3.3588 nan 
nan -0.54828 -0.560656 -0.567798 -0.574275 -0.581259 -0.589089 -0.59788 -0.607678 -0.61851 -0.630394 -0.64335 -0.657398 -0.672559 -0.688856 -0.706315 -0.724963 -0.744831 -0.765953 -0.788365 -0.812106 -0.837221 -0.863757 -0.891767 -0.92131 -0.952451 -0.985261 -1.01982 -1.05622 -1.09457 -1.13497 -1.17756 -1.22248 -1.2699 -1.32001 -1.37302 -1.42918 -1.48878 -1.55211 -1.61954 -1.69143 -1.7682 -1.85022 -1.93786 -2.03131 -2.13053 -2.23506 -2.34388 -2.45536 -2.5675 -2.67824 -2.78559 -2.88752 -2.98197 -3.06705 -3.14164 -3.20548 -3.25904 -3.30319 -3.33899 -3.36752 -3.38982 -3.40682 -3.41935 -3.42811 -3.43373 -3.43674 -3.43758 -3.43664 -3.43426 -3.43072 -3.42625 -3.42106 -3.41534 -3.40923 -3.40287 -3.39638 -3.38985 -3.38337 -3.37702 -3.37086 -3.36494 -3.35933 -3.35406 -3.34917 -3.34469 -3.34066 -3.33709 -3.33401 -3.33144 -3.32938 -3.32786 -3.32688 -3.32645 -3.32659 -3.32734 -3.3288 -3.33129 -3.33592 -3.34692 nan 
nan nan -0.585199 -0.589227 -0.594938 -0.601841 -0.609823 -0.618854 -0.628931 -0.640061 -0.652258 -0.665535 -0.679913 -0.695411 -0.712055 -0.72987 -0.748884 -0.76913 -0.79064 -0.813452 -0.837606 -0.863146 -0.890119 -0.918579 -0.948582 -0.980194 -1.01348 -1.04853 -1.08542 -1.12426 -1.16514 -1.20819 -1.25355 -1.30137 -1.35181 -1.40507 -1.46136 -1.52089 -1.58394 -1.65074 -1.72159 -1.79673 -1.87638 -1.96069 -2.04965 -2.14301 -2.24025 -2.34042 -2.44225 -2.54418 -2.64457 -2.74177 -2.83414 -2.92012 -2.99841 -3.06816 -3.12907 -3.18133 -3.22548 -3.26223 -3.29238 -3.31675 -3.33609 -3.35111 -3.36243 -3.3706 -3.37612 -3.3794 -3.38082 -3.3807 -3.37931 -3.37689 -3.37365 -3.36978 -3.36542 -3.36073 -3.35581 -3.35077 -3.3457 -3.34068 -3.33579 -3.33109 -3.32662 -3.32244 -3.31858 -3.31509 -3.312 -3.30933 -3.30711 -3.30535 -3.30407 -3.30329 -3.30301 -3.30325 -3.30399 -3.30523 -3.30696 -3.30907 -3.31116 nan nan 
nan nan -0.60643 -0.609717 -0.615153 -0.622086 -0.630238 -0.6395 -0.649837 -0.66124 -0.673717 -0.68728 -0.701947 -0.717741 -0.734684 -0.752803 -0.772128 -0.79269 -0.814523 -0.837664 -0.862153 -0.888033 -0.915351 -0.944159 -0.974513 -1.00648 -1.04011 -1.0755 -1.11272 -1.15186 -1.19303 -1.23633 -1.28188 -1.32982 -1.3803 -1.43347 -1.4895 -1.54858 -1.61089 -1.67663 -1.74596 -1.81903 -1.89593 -1.97667 -2.0611 -2.14891 -2.23953 -2.33216 -2.42573 -2.519 -2.61066 -2.69935 -2.78379 -2.86276 -2.9353 -3.00074 -3.05879 -3.10949 -3.15318 -3.19033 -3.22154 -3.24742 -3.2686 -3.28565 -3.29912 -3.3095 -3.31723 -3.3227 -3.32626 -3.32821 -3.32882 -3.32832 -3.32692 -3.3248 -3.32212 -3.31902 -3.31562 -3.31202 -3.30833 -3.30463 -3.30098 -3.29746 -3.29412 -3.29101 -3.28819 -3.28567 -3.28352 -3.28174 -3.28037 -3.27943 -3.27894 -3.27891 -3.27934 -3.28025 -3.28161 -3.28338 -3.28547 -3.28761 -3.2892 nan nan 
nan nan -0.625139 -0.628824 -0.634627 -0.64186 -0.650278 -0.659796 -0.670386 -0.682042 -0.69477 -0.708585 -0.723503 -0.739548 -0.756743 -0.775116 -0.794695 -0.815514 -0.837605 -0.861004 -0.885752 -0.91189 -0.939464 -0.968523 -0.999122 -1.03132 -1.06518 -1.10077 -1.13816 -1.17745 -1.21872 -1.26206 -1.30759 -1.35541 -1.40566 -1.45845 -1.51393 -1.57223 -1.63348 -1.6978 -1.7653 -1.83603 -1.90999 -1.98709 -2.06713 -2.14974 -2.2344 -2.32038 -2.40681 -2.49268 -2.57691 -2.65842 -2.73617 -2.80923 -2.87682 -2.93842 -2.99375 -3.0428 -3.08574 -3.12291 -3.15473 -3.18169 -3.20427 -3.22297 -3.23824 -3.25051 -3.26017 -3.26759 -3.27307 -3.27692 -3.27937 -3.28066 -3.28098 -3.28052 -3.27943 -3.27785 -3.27591 -3.27371 -3.27135 -3.26892 -3.26648 -3.26412 -3.26189 -3.25985 -3.25803 -3.25649 -3.25526 -3.25437 -3.25385 -3.25373 -3.25403 -3.25475 -3.25592 -3.25752 -3.25955 -3.26197 -3.26468 -3.26745 -3.2696 nan nan 
nan nan -0.640969 -0.646597 -0.653438 -0.6612 -0.669957 -0.679748 -0.690583 -0.702471 -0.715423 -0.729454 -0.744584 -0.760837 -0.778237 -0.796813 -0.816593 -0.837609 -0.859894 -0.883484 -0.908417 -0.934734 -0.962478 -0.991696 -1.02244 -1.05476 -1.08872 -1.12438 -1.16182 -1.20109 -1.24229 -1.2855 -1.33081 -1.37831 -1.4281 -1.48029 -1.53497 -1.59223 -1.65217 -1.71485 -1.78031 -1.84855 -1.9195 -1.99302 -2.06886 -2.14666 -2.22594 -2.30605 -2.38626 -2.46574 -2.54361 -2.61899 -2.69104 -2.75901 -2.82231 -2.88047 -2.93327 -2.98063 -3.02266 -3.05957 -3.09169 -3.11938 -3.14302 -3.16303 -3.17979 -3.19366 -3.20501 -3.21414 -3.22135 -3.22691 -3.23105 -3.23399 -3.23593 -3.23703 -3.23744 -3.23732 -3.23677 -3.2359 -3.23483 -3.23363 -3.23238 -3.23115 -3.23 -3.22899 -3.22817 -3.22758 -3.22727 -3.22726 -3.22759 -3.22829 -3.22937 -3.23086 -3.23276 -3.23508 -3.23783 -3.24099 -3.24461 -3.2487 -3.25293 nan nan 
nan nan -0.652019 -0.663946 -0.672094 -0.6803 -0.689346 -0.699384 -0.710445 -0.722541 -0.735686 -0.749898 -0.765201 -0.781618 -0.799177 -0.817904 -0.837831 -0.858987 -0.881406 -0.905121 -0.930169 -0.956589 -0.984421 -1.01371 -1.0445 -1.07685 -1.1108 -1.14642 -1.18376 -1.22289 -1.26388 -1.3068 -1.35172 -1.39872 -1.44787 -1.49926 -1.55294 -1.60899 -1.66744 -1.72832 -1.79163 -1.85731 -1.92527 -1.99532 -2.0672 -2.14058 -2.21499 -2.28989 -2.36465 -2.43857 -2.51094 -2.58103 -2.64816 -2.71173 -2.77125 -2.82634 -2.87677 -2.92248 -2.9635 -2.99998 -3.03215 -3.0603 -3.08473 -3.10576 -3.12374 -3.13897 -3.15177 -3.16241 -3.17116 -3.17827 -3.18395 -3.18842 -3.19185 -3.1944 -3.19624 -3.19748 -3.19826 -3.19868 -3.19884 -3.19883 -3.19872 -3.19858 -3.19849 -3.1985 -3.19865 -3.199 -3.19959 -3.20045 -3.20162 -3.20313 -3.205 -3.20725 -3.2099 -3.21295 -3.21642 -3.22033 -3.22481 -3.23061 -3.24133 nan nan 
nan nan nan -0.685808 -0.691451 -0.699314 -0.708487 -0.718731 -0.729993 -0.742269 -0.755574 -0.769931 -0.785365 -0.801903 -0.819574 -0.838404 -0.858425 -0.879666 -0.902159 -0.925936 -0.951032 -0.977483 -1.00533 -1.0346 -1.06536 -1.09763 -1.13148 -1.16694 -1.20408 -1.24294 -1.28359 -1.32608 -1.37047 -1.41683 -1.4652 -1.51563 -1.56818 -1.62287 -1.67971 -1.7387 -1.79981 -1.86293 -1.92796 -1.99469 -2.06288 -2.13218 -2.2022 -2.27245 -2.34239 -2.41145 -2.47902 -2.54451 -2.60736 -2.66708 -2.72325 -2.77556 -2.82381 -2.86792 -2.90789 -2.94382 -2.97587 -3.00426 -3.02925 -3.05109 -3.07006 -3.08643 -3.10047 -3.11243 -3.12255 -3.13105 -3.13813 -3.144 -3.1488 -3.15272 -3.15588 -3.15842 -3.16046 -3.1621 -3.16344 -3.16457 -3.16556 -3.1665 -3.16743 -3.16842 -3.16953 -3.17079 -3.17226 -3.17398 -3.17597 -3.17828 -3.18093 -3.18395 -3.18735 -3.19115 -3.19533 -3.19984 -3.20445 -3.20832 nan nan nan 
nan nan nan -0.702797 -0.70936 -0.717779 -0.727303 -0.737797 -0.74925 -0.761678 -0.775108 -0.78957 -0.805093 -0.821708 -0.839444 -0.85833 -0.878394 -0.899667 -0.922177 -0.945957 -0.971037 -0.997452 -1.02524 -1.05443 -1.08506 -1.11718 -1.15083 -1.18604 -1.22287 -1.26136 -1.30156 -1.34351 -1.38725 -1.43284 -1.4803 -1.52967 -1.58097 -1.63421 -1.68938 -1.74643 -1.80532 -1.86594 -1.92814 -1.99173 -2.05647 -2.12203 -2.18807 -2.25415 -2.31982 -2.38458 -2.44794 -2.50939 -2.56848 -2.62479 -2.67798 -2.72779 -2.77402 -2.8166 -2.8555 -2.8908 -2.92261 -2.95109 -2.97645 -2.9989 -3.01867 -3.03599 -3.0511 -3.06421 -3.07553 -3.08528 -3.09364 -3.10077 -3.10686 -3.11203 -3.11644 -3.1202 -3.12343 -3.12623 -3.1287 -3.13092 -3.13297 -3.13493 -3.13685 -3.1388 -3.14084 -3.14299 -3.14533 -3.14788 -3.15068 -3.15378 -3.1572 -3.16097 -3.16513 -3.16969 -3.17466 -3.18001 -3.1856 -3.19067 nan nan nan 
nan nan nan -0.714059 -0.726197 -0.735903 -0.745897 -0.756643 -0.768258 -0.780799 -0.794312 -0.808835 -0.824404 -0.841051 -0.858807 -0.8777 -0.897759 -0.919012 -0.941487 -0.965213 -0.990219 -1.01654 -1.04419 -1.07323 -1.10367 -1.13556 -1.16892 -1.2038 -1.24023 -1.27826 -1.31791 -1.35922 -1.40222 -1.44694 -1.49341 -1.54163 -1.59161 -1.64334 -1.69679 -1.75191 -1.80861 -1.86678 -1.92628 -1.98691 -2.04843 -2.11057 -2.17299 -2.23532 -2.29717 -2.35812 -2.41775 -2.47563 -2.53139 -2.58468 -2.6352 -2.68272 -2.72709 -2.76822 -2.80607 -2.84069 -2.87217 -2.90062 -2.92621 -2.94911 -2.96951 -2.98762 -3.00363 -3.01774 -3.03013 -3.04099 -3.0505 -3.0588 -3.06605 -3.07239 -3.07795 -3.08286 -3.08721 -3.09111 -3.09465 -3.09792 -3.10099 -3.10393 -3.10681 -3.10969 -3.11262 -3.11565 -3.11882 -3.12218 -3.12578 -3.12964 -3.13381 -3.13833 -3.14323 -3.14856 -3.15435 -3.16071 -3.16807 -3.17893 nan nan nan 
nan nan nan nan -0.746211 -0.754495 -0.764487 -0.775358 -0.787067 -0.799666 -0.813211 -0.827748 -0.843316 -0.85995 -0.87768 -0.896536 -0.916543 -0.937728 -0.960118 -0.983738 -1.00861 -1.03478 -1.06225 -1.09106 -1.12124 -1.15283 -1.18584 -1.22031 -1.25627 -1.29375 -1.33278 -1.37337 -1.41555 -1.45934 -1.50474 -1.55175 -1.60037 -1.65056 -1.70228 -1.75546 -1.81003 -1.86585 -1.92277 -1.98062 -2.03916 -2.09815 -2.15727 -2.21622 -2.27465 -2.33219 -2.38849 -2.4432 -2.49599 -2.54656 -2.59468 -2.64013 -2.68277 -2.72252 -2.75935 -2.79327 -2.82435 -2.85268 -2.87838 -2.90161 -2.92251 -2.94127 -2.95805 -2.97302 -2.98635 -2.9982 -3.00873 -3.01809 -3.02641 -3.03384 -3.04048 -3.04645 -3.05185 -3.05679 -3.06135 -3.06562 -3.06966 -3.07355 -3.07735 -3.08112 -3.08491 -3.08878 -3.09277 -3.09692 -3.10128 -3.10589 -3.11079 -3.11603 -3.12164 -3.1277 -3.13423 -3.14118 -3.14776 nan nan nan nan 
nan nan nan nan -0.758746 -0.772142 -0.782948 -0.793975 -0.805716 -0.818309 -0.831829 -0.846328 -0.861848 -0.878424 -0.896086 -0.91486 -0.934772 -0.955845 -0.978103 -1.00157 -1.02627 -1.05222 -1.07945 -1.10799 -1.13785 -1.16907 -1.20167 -1.23567 -1.27109 -1.30796 -1.34629 -1.3861 -1.4274 -1.4702 -1.51449 -1.56025 -1.60747 -1.65611 -1.70612 -1.75741 -1.8099 -1.86347 -1.91795 -1.97319 -2.02896 -2.08505 -2.14117 -2.19705 -2.25238 -2.30687 -2.36019 -2.41206 -2.46218 -2.51032 -2.55625 -2.5998 -2.64084 -2.6793 -2.71514 -2.74835 -2.77899 -2.80712 -2.83285 -2.8563 -2.87759 -2.89688 -2.9143 -2.93001 -2.94416 -2.9569 -2.96836 -2.97867 -2.98798 -2.99639 -3.00403 -3.011 -3.0174 -3.02331 -3.02884 -3.03405 -3.03902 -3.04382 -3.0485 -3.05313 -3.05776 -3.06244 -3.06721 -3.07213 -3.07722 -3.08255 -3.08814 -3.09406 -3.10035 -3.1071 -3.11443 -3.1228 -3.13485 nan nan nan nan 
nan nan nan nan nan -0.793101 -0.801929 -0.812617 -0.824244 -0.836749 -0.850181 -0.86459 -0.880015 -0.896491 -0.914043 -0.932696 -0.952472 -0.973392 -0.995475 -1.01874 -1.04321 -1.06891 -1.09585 -1.12406 -1.15356 -1.18436 -1.21649 -1.24996 -1.28479 -1.32099 -1.35858 -1.39756 -1.43793 -1.4797 -1.52284 -1.56734 -1.61316 -1.66026 -1.70857 -1.75802 -1.80851 -1.85992 -1.9121 -1.96489 -2.0181 -2.0715 -2.12487 -2.17796 -2.2305 -2.28222 -2.33287 -2.38217 -2.42989 -2.47582 -2.51976 -2.56157 -2.60114 -2.63838 -2.67325 -2.70576 -2.73594 -2.76383 -2.78951 -2.81309 -2.83468 -2.85439 -2.87235 -2.8887 -2.90357 -2.91709 -2.92938 -2.94056 -2.95076 -2.96009 -2.96865 -2.97655 -2.98387 -2.99071 -2.99715 -3.00326 -3.00911 -3.01477 -3.0203 -3.02576 -3.03119 -3.03665 -3.04218 -3.04783 -3.05363 -3.05963 -3.06589 -3.07244 -3.07935 -3.08666 -3.09433 -3.10147 nan nan nan nan nan 
nan nan nan nan nan -0.806024 -0.819805 -0.831061 -0.842628 -0.854991 -0.868276 -0.882544 -0.897832 -0.914167 -0.931573 -0.950068 -0.969671 -0.9904 -1.01227 -1.0353 -1.05951 -1.08491 -1.11151 -1.13935 -1.16843 -1.19877 -1.23038 -1.26327 -1.29747 -1.33296 -1.36977 -1.40788 -1.44729 -1.488 -1.52998 -1.5732 -1.61762 -1.6632 -1.70986 -1.75752 -1.80609 -1.85545 -1.90546 -1.95596 -2.00677 -2.05771 -2.10856 -2.15909 -2.20909 -2.25831 -2.30652 -2.3535 -2.39904 -2.44296 -2.4851 -2.52531 -2.5635 -2.59959 -2.63355 -2.66536 -2.69505 -2.72266 -2.74825 -2.77189 -2.79369 -2.81374 -2.83216 -2.84905 -2.86455 -2.87875 -2.89179 -2.90376 -2.91477 -2.92494 -2.93436 -2.94312 -2.9513 -2.95901 -2.9663 -2.97326 -2.97996 -2.98644 -2.99278 -2.99903 -3.00524 -3.01145 -3.0177 -3.02405 -3.03053 -3.03718 -3.04405 -3.05119 -3.05867 -3.06662 -3.07552 -3.08806 nan nan nan nan nan 
nan nan nan nan nan nan -0.840919 -0.849934 -0.860955 -0.873041 -0.886113 -0.900194 -0.915305 -0.931467 -0.948693 -0.966998 -0.986397 -1.0069 -1.02853 -1.05128 -1.07519 -1.10025 -1.12649 -1.15391 -1.18254 -1.21237 -1.24342 -1.27571 -1.30922 -1.34398 -1.37997 -1.41718 -1.45562 -1.49525 -1.53606 -1.57801 -1.62105 -1.66513 -1.71018 -1.75613 -1.80286 -1.85027 -1.89822 -1.94657 -1.99517 -2.04382 -2.09235 -2.14055 -2.18822 -2.23516 -2.28116 -2.32603 -2.36959 -2.41167 -2.45214 -2.49088 -2.52779 -2.5628 -2.59588 -2.62702 -2.65622 -2.68352 -2.70896 -2.73261 -2.75456 -2.77488 -2.79367 -2.81103 -2.82707 -2.84189 -2.85558 -2.86826 -2.88002 -2.89096 -2.90116 -2.91072 -2.91972 -2.92823 -2.93634 -2.9441 -2.95159 -2.95886 -2.96598 -2.97298 -2.97993 -2.98686 -2.99382 -3.00084 -3.00796 -3.01523 -3.02267 -3.03033 -3.03825 -3.04637 -3.05378 nan nan nan nan nan nan 
nan nan nan nan nan nan -0.853808 -0.867556 -0.878961 -0.890844 -0.903673 -0.917534 -0.932441 -0.948402 -0.965422 -0.983511 -1.00268 -1.02293 -1.04428 -1.06673 -1.0903 -1.115 -1.14083 -1.16781 -1.19594 -1.22524 -1.25571 -1.28735 -1.32016 -1.35415 -1.38929 -1.4256 -1.46304 -1.50159 -1.54124 -1.58192 -1.62361 -1.66623 -1.70972 -1.75401 -1.79898 -1.84454 -1.89056 -1.93691 -1.98343 -2.02997 -2.07635 -2.12241 -2.16795 -2.2128 -2.25678 -2.29972 -2.34147 -2.38187 -2.42081 -2.45818 -2.4939 -2.5279 -2.56014 -2.59062 -2.61933 -2.6463 -2.67156 -2.69518 -2.71721 -2.73774 -2.75684 -2.7746 -2.79111 -2.80646 -2.82075 -2.83407 -2.8465 -2.85814 -2.86907 -2.87937 -2.88912 -2.8984 -2.90726 -2.91579 -2.92403 -2.93206 -2.93991 -2.94764 -2.9553 -2.96292 -2.97055 -2.97822 -2.98597 -2.99382 -3.0018 -3.00996 -3.01838 -3.02757 -3.04025 nan nan nan nan nan nan 
nan nan nan nan nan nan nan -0.888238 -0.897235 -0.908442 -0.920938 -0.934556 -0.949244 -0.964986 -0.98178 -0.999631 -1.01854 -1.03852 -1.05957 -1.08169 -1.1049 -1.1292 -1.1546 -1.1811 -1.20872 -1.23745 -1.26731 -1.29828 -1.33036 -1.36356 -1.39786 -1.43324 -1.46968 -1.50716 -1.54564 -1.58508 -1.62544 -1.66665 -1.70864 -1.75133 -1.79463 -1.83844 -1.88263 -1.9271 -1.97169 -2.01626 -2.06066 -2.10474 -2.14832 -2.19126 -2.23339 -2.27456 -2.31464 -2.3535 -2.39103 -2.42713 -2.46173 -2.49477 -2.52622 -2.55606 -2.58428 -2.61091 -2.63597 -2.65952 -2.6816 -2.70227 -2.72162 -2.73972 -2.75664 -2.77246 -2.78728 -2.80117 -2.81422 -2.8265 -2.8381 -2.84909 -2.85954 -2.86952 -2.87911 -2.88835 -2.89731 -2.90604 -2.9146 -2.92303 -2.93137 -2.93967 -2.94794 -2.95624 -2.96459 -2.973 -2.98149 -2.99004 -2.9985 -3.006 nan nan nan nan nan nan nan 
nan nan nan nan nan nan nan -0.900719 -0.914063 -0.925503 -0.937827 -0.951245 -0.965718 -0.981232 -0.997787 -1.01538 -1.03402 -1.0537 -1.07443 -1.0962 -1.11903 -1.14291 -1.16785 -1.19385 -1.22093 -1.24908 -1.27829 -1.30858 -1.33992 -1.37232 -1.40575 -1.4402 -1.47565 -1.51206 -1.5494 -1.58763 -1.62668 -1.66652 -1.70706 -1.74822 -1.78993 -1.83208 -1.87456 -1.91725 -1.96004 -2.00279 -2.04535 -2.0876 -2.12938 -2.17055 -2.21097 -2.25052 -2.28907 -2.3265 -2.36272 -2.39764 -2.4312 -2.46334 -2.49403 -2.52325 -2.55099 -2.57727 -2.60212 -2.62556 -2.64764 -2.66843 -2.68798 -2.70635 -2.72362 -2.73987 -2.75515 -2.76956 -2.78317 -2.79604 -2.80825 -2.81987 -2.83098 -2.84162 -2.85187 -2.86179 -2.87143 -2.88085 -2.89008 -2.89918 -2.90818 -2.91711 -2.92602 -2.93493 -2.94386 -2.95284 -2.96188 -2.97096 -2.98033 -2.99273 nan nan nan nan nan nan nan 
nan nan nan nan nan nan nan nan -0.93353 -0.94244 -0.954372 -0.967619 -0.981885 -0.997162 -1.01346 -1.03079 -1.04915 -1.06852 -1.08891 -1.11031 -1.13273 -1.15617 -1.18063 -1.20612 -1.23264 -1.26018 -1.28874 -1.31833 -1.34892 -1.38051 -1.41308 -1.4466 -1.48106 -1.51641 -1.55263 -1.58966 -1.62746 -1.66597 -1.70511 -1.74482 -1.78501 -1.82558 -1.86644 -1.90748 -1.94858 -1.98962 -2.03048 -2.07103 -2.11114 -2.15068 -2.18954 -2.22758 -2.26471 -2.30082 -2.33583 -2.36965 -2.40223 -2.43352 -2.46349 -2.49211 -2.51938 -2.54531 -2.56992 -2.59324 -2.6153 -2.63616 -2.65586 -2.67447 -2.69204 -2.70865 -2.72435 -2.73923 -2.75333 -2.76674 -2.77952 -2.79173 -2.80343 -2.8147 -2.82558 -2.83614 -2.84642 -2.85648 -2.86635 -2.87609 -2.88573 -2.8953 -2.90481 -2.91431 -2.92381 -2.93336 -2.94296 -2.95234 -2.95985 nan nan nan nan nan nan nan nan 
nan nan nan nan nan nan nan nan -0.944898 -0.957139 -0.970364 -0.983724 -0.99778 -1.0128 -1.02883 -1.04589 -1.06395 -1.08301 -1.10305 -1.12406 -1.14606 -1.16904 -1.19301 -1.21796 -1.2439 -1.27083 -1.29873 -1.3276 -1.35743 -1.38821 -1.41991 -1.45252 -1.486 -1.52031 -1.55543 -1.5913 -1.62788 -1.66511 -1.70291 -1.74123 -1.77997 -1.81905 -1.85838 -1.89786 -1.93738 -1.97684 -2.0161 -2.05508 -2.09364 -2.13167 -2.16907 -2.20572 -2.24154 -2.27642 -2.31029 -2.34309 -2.37476 -2.40524 -2.43452 -2.46256 -2.48937 -2.51496 -2.53932 -2.56249 -2.58451 -2.6054 -2.62522 -2.64402 -2.66186 -2.67878 -2.69486 -2.71015 -2.72471 -2.73861 -2.7519 -2.76465 -2.77692 -2.78876 -2.80023 -2.81139 -2.82227 -2.83295 -2.84344 -2.8538 -2.86406 -2.87423 -2.88434 -2.89441 -2.90445 -2.91456 -2.92503 -2.93638 -2.94768 nan nan nan nan nan nan nan nan 
nan nan nan nan nan nan nan nan nan -0.971635 -0.986971 -0.999883 -1.01346 -1.02814 -1.04391 -1.0607 -1.07848 -1.09721 -1.11689 -1.13751 -1.15907 -1.18158 -1.20503 -1.22943 -1.25478 -1.28108 -1.30831 -1.33647 -1.36554 -1.39551 -1.42635 -1.45804 -1.49056 -1.52385 -1.5579 -1.59265 -1.62804 -1.66403 -1.70055 -1.73754 -1.7749 -1.81257 -1.85046 -1.88847 -1.92651 -1.96448 -2.00226 -2.03977 -2.07689 -2.11352 -2.14956 -2.18492 -2.21952 -2.25326 -2.28608 -2.31791 -2.34871 -2.37844 -2.40706 -2.43455 -2.46092 -2.48615 -2.51026 -2.53327 -2.55522 -2.57612 -2.59603 -2.61499 -2.63304 -2.65025 -2.66665 -2.68231 -2.69728 -2.71163 -2.72539 -2.73864 -2.75143 -2.76381 -2.77583 -2.78754 -2.79901 -2.81026 -2.82135 -2.83231 -2.84317 -2.85395 -2.86465 -2.87526 -2.88576 -2.89617 -2.90698 -2.92126 nan nan nan nan nan nan nan nan nan 
nan nan nan nan nan nan nan nan nan nan -1.00672 -1.01613 -1.0288 -1.04315 -1.05869 -1.07525 -1.09275 -1.11117 -1.13048 -1.15069 -1.1718 -1.19382 -1.21675 -1.24059 -1.26534 -1.291 -1.31755 -1.34499 -1.3733 -1.40247 -1.43246 -1.46325 -1.49482 -1.52712 -1.56012 -1.59377 -1.62803 -1.66283 -1.69812 -1.73383 -1.76989 -1.80622 -1.84274 -1.87937 -1.91602 -1.95259 -1.98899 -2.02513 -2.0609 -2.09623 -2.13101 -2.16517 -2.19862 -2.2313 -2.26313 -2.29407 -2.32406 -2.35306 -2.38105 -2.40802 -2.43394 -2.45883 -2.48269 -2.50553 -2.52738 -2.54828 -2.56825 -2.58733 -2.60557 -2.62301 -2.63971 -2.6557 -2.67105 -2.68579 -2.7 -2.7137 -2.72697 -2.73984 -2.75237 -2.76462 -2.77662 -2.78842 -2.80008 -2.81162 -2.82308 -2.83447 -2.84579 -2.85698 -2.86791 -2.87813 -2.88616 nan nan nan nan nan nan nan nan nan nan 
nan nan nan nan nan nan nan nan nan nan -1.01787 -1.0299 -1.04323 -1.05771 -1.0732 -1.08959 -1.10684 -1.12493 -1.14387 -1.16366 -1.18431 -1.20582 -1.22821 -1.25148 -1.27562 -1.30064 -1.32651 -1.35324 -1.38079 -1.40916 -1.43831 -1.46822 -1.49886 -1.53019 -1.56218 -1.59477 -1.62792 -1.66158 -1.69569 -1.73018 -1.765 -1.80006 -1.83529 -1.87062 -1.90596 -1.94122 -1.97632 -2.01117 -2.0457 -2.0798 -2.11341 -2.14645 -2.17884 -2.21052 -2.24142 -2.27151 -2.30073 -2.32905 -2.35645 -2.3829 -2.4084 -2.43295 -2.45655 -2.47921 -2.50097 -2.52183 -2.54183 -2.56101 -2.57941 -2.59706 -2.61401 -2.6303 -2.64598 -2.6611 -2.6757 -2.68982 -2.70353 -2.71686 -2.72987 -2.7426 -2.7551 -2.76743 -2.77963 -2.79173 -2.80378 -2.8158 -2.82779 -2.83973 -2.85153 -2.86306 -2.87417 nan nan nan nan nan nan nan nan nan nan 
nan nan nan nan nan nan nan nan nan nan nan -1.04315 -1.05726 -1.07204 -1.08755 -1.1038 -1.1208 -1.13857 -1.15712 -1.17647 -1.19663 -1.21763 -1.23947 -1.26215 -1.28568 -1.31005 -1.33525 -1.36126 -1.38807 -1.41565 -1.44397 -1.47302 -1.50275 -1.53314 -1.56413 -1.5957 -1.62779 -1.66035 -1.69333 -1.72666 -1.76029 -1.79415 -1.82816 -1.86225 -1.89636 -1.93039 -1.96427 -1.99793 -2.03128 -2.06424 -2.09675 -2.12874 -2.16013 -2.19088 -2.22091 -2.2502 -2.2787 -2.30637 -2.3332 -2.35916 -2.38425 -2.40846 -2.4318 -2.45428 -2.47592 -2.49673 -2.51675 -2.53601 -2.55453 -2.57236 -2.58954 -2.6061 -2.62208 -2.63753 -2.65249 -2.667 -2.68111 -2.69486 -2.7083 -2.72148 -2.73446 -2.74727 -2.75997 -2.77261 -2.78524 -2.7979 -2.8106 -2.82336 -2.83621 -2.84921 nan nan nan nan nan nan nan nan nan nan nan 
nan nan nan nan nan nan nan nan nan nan nan nan -1.07141 -1.08639 -1.1019 -1.118 -1.13474 -1.15216 -1.17029 -1.18917 -1.20883 -1.22928 -1.25055 -1.27265 -1.29556 -1.31928 -1.34381 -1.36911 -1.39518 -1.42199 -1.4495 -1.4777 -1.50655 -1.53602 -1.56606 -1.59663 -1.6277 -1.6592 -1.6911 -1.72332 -1.75582 -1.78853 -1.82139 -1.85432 -1.88726 -1.92014 -1.95287 -1.9854 -2.01765 -2.04955 -2.08103 -2.11203 -2.14249 -2.17235 -2.20158 -2.23011 -2.25792 -2.28498 -2.31126 -2.33675 -2.36144 -2.38532 -2.4084 -2.43069 -2.4522 -2.47296 -2.49297 -2.51228 -2.53091 -2.5489 -2.56627 -2.58307 -2.59932 -2.61507 -2.63036 -2.64523 -2.65971 -2.67384 -2.68768 -2.70127 -2.71467 -2.72792 -2.74109 -2.75424 -2.76742 -2.78068 -2.79408 -2.80767 -2.82152 nan nan nan nan nan nan nan nan nan nan nan nan 
nan nan nan nan nan nan nan nan nan nan nan nan nan -1.10098 -1.1164 -1.13229 -1.14873 -1.16576 -1.18344 -1.20182 -1.22094 -1.24083 -1.26151 -1.28301 -1.3053 -1.32838 -1.35224 -1.37685 -1.40219 -1.42823 -1.45496 -1.48233 -1.51032 -1.53889 -1.56801 -1.59762 -1.6277 -1.65819 -1.68905 -1.72022 -1.75164 -1.78326 -1.81502 -1.84685 -1.87869 -1.91048 -1.94214 -1.97361 -2.00482 -2.03572 -2.06623 -2.09631 -2.12589 -2.15493 -2.18338 -2.2112 -2.23836 -2.26483 -2.29059 -2.31563 -2.33993 -2.36349 -2.38631 -2.40841 -2.42978 -2.45046 -2.47046 -2.48981 -2.50852 -2.52664 -2.54419 -2.5612 -2.5777 -2.59373 -2.60932 -2.6245 -2.63932 -2.65381 -2.66801 -2.68196 -2.69573 -2.70937 -2.72296 -2.73656 -2.75024 -2.76408 -2.77814 -2.79248 nan nan nan nan nan nan nan nan nan nan nan nan nan 
nan nan nan nan nan nan nan nan nan nan nan nan nan nan -1.13118 -1.14679 -1.16286 -1.17945 -1.19662 -1.21445 -1.23299 -1.25229 -1.27238 -1.29326 -1.31494 -1.33738 -1.36058 -1.3845 -1.40913 -1.43444 -1.46039 -1.48696 -1.51412 -1.54182 -1.57004 -1.59873 -1.62786 -1.65737 -1.68723 -1.71739 -1.74779 -1.77837 -1.80909 -1.83988 -1.87068 -1.90144 -1.93208 -1.96255 -1.9928 -2.02275 -2.05235 -2.08156 -2.11031 -2.13857 -2.1663 -2.19345 -2.21999 -2.2459 -2.27116 -2.29576 -2.31968 -2.34292 -2.36549 -2.38739 -2.40863 -2.42922 -2.44919 -2.46856 -2.48734 -2.50557 -2.52327 -2.54047 -2.55719 -2.57347 -2.58934 -2.60482 -2.61995 -2.63475 -2.64927 -2.66355 -2.67763 -2.6916 -2.70553 -2.71952 -2.73365 -2.748 -2.76265 nan nan nan nan nan nan nan nan nan nan nan nan nan nan 
nan nan nan nan nan nan nan nan nan nan nan nan nan nan nan -1.16158 -1.17721 -1.19328 -1.20989 -1.2271 -1.245 -1.26368 -1.28316 -1.30344 -1.3245 -1.34632 -1.36887 -1.39213 -1.41606 -1.44065 -1.46585 -1.49164 -1.51799 -1.54485 -1.5722 -1.6 -1.62821 -1.65679 -1.68569 -1.71488 -1.7443 -1.7739 -1.80363 -1.83343 -1.86325 -1.89303 -1.92271 -1.95225 -1.98157 -2.01064 -2.03939 -2.06777 -2.09575 -2.12327 -2.15031 -2.17682 -2.20277 -2.22815 -2.25294 -2.27711 -2.30067 -2.3236 -2.34591 -2.36761 -2.3887 -2.4092 -2.42913 -2.4485 -2.46733 -2.48566 -2.50349 -2.52086 -2.53779 -2.55431 -2.57043 -2.58618 -2.60159 -2.61669 -2.6315 -2.64605 -2.66038 -2.6746 -2.68879 -2.70309 -2.71759 -2.73238 nan nan nan nan nan nan nan nan nan nan nan nan nan nan nan 
nan nan nan nan nan nan nan nan nan nan nan nan nan nan nan nan -1.19186 -1.20734 -1.22329 -1.2398 -1.257 -1.27499 -1.29386 -1.31355 -1.33402 -1.35522 -1.37715 -1.39976 -1.42302 -1.44691 -1.47138 -1.49642 -1.52197 -1.54802 -1.57453 -1.60147 -1.62879 -1.65647 -1.68446 -1.71272 -1.7412 -1.76986 -1.79865 -1.82751 -1.8564 -1.88526 -1.91404 -1.94269 -1.97115 -1.99938 -2.02732 -2.05494 -2.08218 -2.10901 -2.13539 -2.16129 -2.18669 -2.21156 -2.23589 -2.25965 -2.28285 -2.30548 -2.32754 -2.34903 -2.36997 -2.39037 -2.41024 -2.4296 -2.44848 -2.46688 -2.48484 -2.50237 -2.51949 -2.53622 -2.55258 -2.56858 -2.58426 -2.59963 -2.6147 -2.62949 -2.644 -2.65834 -2.67269 -2.6872 -2.70197 nan nan nan nan nan nan nan nan nan nan nan nan nan nan nan nan 
nan nan nan nan nan nan nan nan nan nan nan nan nan nan nan nan nan -1.22169 -1.23688 -1.25257 -1.26893 -1.28619 -1.30447 -1.32361 -1.34351 -1.36413 -1.38544 -1.40743 -1.43004 -1.45326 -1.47703 -1.50133 -1.52613 -1.55139 -1.57708 -1.60318 -1.62965 -1.65646 -1.68357 -1.71094 -1.73853 -1.7663 -1.79419 -1.82216 -1.85017 -1.87815 -1.90608 -1.93389 -1.96153 -1.98897 -2.01615 -2.04304 -2.06959 -2.09576 -2.12153 -2.14685 -2.17172 -2.1961 -2.21998 -2.24336 -2.26621 -2.28854 -2.31034 -2.33163 -2.35241 -2.3727 -2.3925 -2.41185 -2.43075 -2.44922 -2.46729 -2.48496 -2.50226 -2.5192 -2.53578 -2.55203 -2.56796 -2.58359 -2.59894 -2.61395 -2.62851 -2.64284 -2.65719 -2.67177 nan nan nan nan nan nan nan nan nan nan nan nan nan nan nan nan nan 
nan nan nan nan nan nan nan nan nan nan nan nan nan nan nan nan nan nan -1.25072 -1.26542 -1.28074 -1.29711 -1.31496 -1.33365 -1.35301 -1.37306 -1.39379 -1.41517 -1.43717 -1.45974 -1.48283 -1.50643 -1.53049 -1.55498 -1.57989 -1.60518 -1.63082 -1.65679 -1.68306 -1.70958 -1.73631 -1.76322 -1.79026 -1.81738 -1.84455 -1.87171 -1.89882 -1.92584 -1.95272 -1.97941 -2.00587 -2.03207 -2.05797 -2.08352 -2.1087 -2.13348 -2.15783 -2.18175 -2.2052 -2.22819 -2.25071 -2.27274 -2.2943 -2.31538 -2.336 -2.35616 -2.37589 -2.3952 -2.41411 -2.43264 -2.45081 -2.46863 -2.4861 -2.50324 -2.52004 -2.53651 -2.55268 -2.56858 -2.58426 -2.5996 -2.61402 -2.62806 -2.6422 nan nan nan nan nan nan nan nan nan nan nan nan nan nan nan nan nan nan 
nan nan nan nan nan nan nan nan nan nan nan nan nan nan nan nan nan nan nan -1.27841 -1.29227 -1.30733 -1.32537 -1.34377 -1.36256 -1.38204 -1.4022 -1.42302 -1.44443 -1.46639 -1.48884 -1.51175 -1.53509 -1.55885 -1.58298 -1.60749 -1.63233 -1.65749 -1.68294 -1.70864 -1.73455 -1.76064 -1.78687 -1.81319 -1.83956 -1.86593 -1.89228 -1.91855 -1.9447 -1.97069 -1.99648 -2.02203 -2.0473 -2.07226 -2.09688 -2.12114 -2.14501 -2.16848 -2.19153 -2.21415 -2.23633 -2.25808 -2.27938 -2.30025 -2.32069 -2.34073 -2.36037 -2.37963 -2.39854 -2.41712 -2.43539 -2.45334 -2.47099 -2.48833 -2.50535 -2.52204 -2.53842 -2.55452 -2.57068 -2.58692 -2.60069 -2.61395 nan nan nan nan nan nan nan nan nan nan nan nan nan nan nan nan nan nan nan 
nan nan nan nan nan nan nan nan nan nan nan nan nan nan nan nan nan nan nan nan -1.30338 -1.31536 -1.33618 -1.35424 -1.37217 -1.39108 -1.4107 -1.43101 -1.45188 -1.47326 -1.49509 -1.51735 -1.53999 -1.56302 -1.5864 -1.61013 -1.6342 -1.65857 -1.68323 -1.70814 -1.73328 -1.75859 -1.78404 -1.80959 -1.8352 -1.86083 -1.88645 -1.91201 -1.93747 -1.9628 -1.98795 -2.01289 -2.03758 -2.06198 -2.08608 -2.10984 -2.13324 -2.15627 -2.17893 -2.20119 -2.22305 -2.24451 -2.26557 -2.28622 -2.30648 -2.32637 -2.3459 -2.36511 -2.38401 -2.40262 -2.42098 -2.43907 -2.45691 -2.47447 -2.49173 -2.50862 -2.52517 -2.54116 -2.55777 -2.57752 -2.58867 nan nan nan nan nan nan nan nan nan nan nan nan nan nan nan nan nan nan nan nan 
nan nan nan nan nan nan nan nan nan nan nan nan nan nan nan nan nan nan nan nan nan nan -1.35046 -1.36559 -1.38155 -1.40016 -1.41924 -1.43916 -1.45954 -1.4804 -1.50164 -1.52326 -1.54523 -1.56754 -1.59018 -1.61315 -1.63645 -1.66006 -1.68396 -1.70811 -1.73249 -1.75706 -1.78178 -1.80659 -1.83148 -1.85641 -1.88133 -1.90622 -1.93104 -1.95574 -1.9803 -2.00466 -2.0288 -2.05267 -2.07626 -2.09955 -2.1225 -2.14512 -2.16739 -2.18931 -2.21086 -2.23204 -2.25284 -2.27327 -2.29334 -2.31306 -2.33247 -2.3516 -2.37046 -2.38911 -2.40755 -2.42579 -2.44384 -2.46164 -2.47924 -2.4963 -2.51324 -2.52794 -2.54243 nan nan nan nan nan nan nan nan nan nan nan nan nan nan nan nan nan nan nan nan nan nan 
nan nan nan nan nan nan nan nan nan nan nan nan nan nan nan nan nan nan nan nan nan nan nan -1.37688 -1.38905 -1.40953 -1.4277 -1.44759 -1.46746 -1.48787 -1.50855 -1.52956 -1.55085 -1.57244 -1.59433 -1.61655 -1.6391 -1.66196 -1.68512 -1.70855 -1.73222 -1.75608 -1.78009 -1.80421 -1.82841 -1.85265 -1.87692 -1.90117 -1.92538 -1.9495 -1.9735 -1.99732 -2.02094 -2.04432 -2.06744 -2.09026 -2.11278 -2.13499 -2.15689 -2.17847 -2.19973 -2.22063 -2.24118 -2.26138 -2.28124 -2.30079 -2.32005 -2.33905 -2.35786 -2.37651 -2.39504 -2.41342 -2.43175 -2.44976 -2.46803 -2.48486 -2.50433 -2.51569 nan nan nan nan nan nan nan nan nan nan nan nan nan nan nan nan nan nan nan nan nan nan nan 
nan nan nan nan nan nan nan nan nan nan nan nan nan nan nan nan nan nan nan nan nan nan nan nan nan -1.42194 -1.43521 -1.45678 -1.47557 -1.49582 -1.51587 -1.5363 -1.5569 -1.57776 -1.59889 -1.62035 -1.64216 -1.66429 -1.68672 -1.70945 -1.73245 -1.75565 -1.779 -1.80244 -1.82597 -1.84957 -1.8732 -1.89686 -1.9205 -1.94408 -1.96755 -1.99088 -2.01402 -2.03693 -2.05959 -2.08197 -2.10406 -2.12587 -2.14741 -2.16868 -2.18965 -2.2103 -2.23059 -2.25054 -2.27018 -2.28953 -2.30859 -2.32744 -2.34615 -2.36477 -2.38341 -2.40186 -2.42073 -2.43835 -2.45903 -2.47152 nan nan nan nan nan nan nan nan nan nan nan nan nan nan nan nan nan nan nan nan nan nan nan nan nan 
nan nan nan nan nan nan nan nan nan nan nan nan nan nan nan nan nan nan nan nan nan nan nan nan nan nan nan -1.46945 -1.48299 -1.50472 -1.52353 -1.54363 -1.56343 -1.58355 -1.60386 -1.62453 -1.64563 -1.66703 -1.68875 -1.71081 -1.73319 -1.75579 -1.77851 -1.8013 -1.82418 -1.84714 -1.87018 -1.89327 -1.91637 -1.93945 -1.96245 -1.98532 -2.00802 -2.0305 -2.05272 -2.07467 -2.09634 -2.11774 -2.13892 -2.15989 -2.18062 -2.20103 -2.22107 -2.24075 -2.26014 -2.27928 -2.2981 -2.31669 -2.33528 -2.35374 -2.37273 -2.3906 -2.41172 -2.4246 nan nan nan nan nan nan nan nan nan nan nan nan nan nan nan nan nan nan nan nan nan nan nan nan nan nan nan 
nan nan nan nan nan nan nan nan nan nan nan nan nan nan nan nan nan nan nan nan nan nan nan nan nan nan nan nan nan -1.51727 -1.53067 -1.552 -1.57039 -1.58992 -1.60922 -1.62905 -1.64953 -1.6702 -1.69117 -1.71259 -1.73444 -1.75654 -1.77867 -1.8008 -1.82301 -1.84535 -1.86781 -1.89037 -1.91299 -1.93561 -1.95819 -1.98065 -2.00295 -2.02503 -2.04684 -2.06837 -2.0896 -2.11057 -2.13136 -2.15206 -2.17264 -2.19288 -2.21266 -2.232 -2.2511 -2.27011 -2.28858 -2.3067 -2.32529 -2.34294 -2.3639 -2.37682 nan nan nan nan nan nan nan nan nan nan nan nan nan nan nan nan nan nan nan nan nan nan nan nan nan nan nan nan nan 
nan nan nan nan nan nan nan nan nan nan nan nan nan nan nan nan nan nan nan nan nan nan nan nan nan nan nan nan nan nan nan -1.56405 -1.57697 -1.59727 -1.61481 -1.63366 -1.65401 -1.67381 -1.69389 -1.71468 -1.73616 -1.758 -1.77955 -1.80096 -1.82246 -1.84416 -1.86606 -1.88814 -1.91032 -1.93255 -1.95475 -1.97687 -1.99883 -2.02056 -2.04199 -2.06309 -2.08385 -2.10432 -2.12464 -2.14507 -2.16573 -2.18595 -2.20542 -2.22423 -2.24289 -2.26225 -2.28016 -2.29699 -2.31701 -2.32954 nan nan nan nan nan nan nan nan nan nan nan nan nan nan nan nan nan nan nan nan nan nan nan nan nan nan nan nan nan nan nan 
nan nan nan nan nan nan nan nan nan nan nan nan nan nan nan nan nan nan nan nan nan nan nan nan nan nan nan nan nan nan nan nan nan -1.60813 -1.61988 -1.63753 -1.65981 -1.67791 -1.69666 -1.71682 -1.73827 -1.76049 -1.78132 -1.80178 -1.82245 -1.8435 -1.86488 -1.88653 -1.90834 -1.93023 -1.95213 -1.97399 -1.99568 -2.01712 -2.03821 -2.0589 -2.07914 -2.09896 -2.11857 -2.13859 -2.16002 -2.18051 -2.19962 -2.21739 -2.23474 -2.2566 -2.27359 -2.28486 nan nan nan nan nan nan nan nan nan nan nan nan nan nan nan nan nan nan nan nan nan nan nan nan nan nan nan nan nan nan nan nan nan 
nan nan nan nan nan nan nan nan nan nan nan nan nan nan nan nan nan nan nan nan nan nan nan nan nan nan nan nan nan nan nan nan nan nan nan nan -1.67053 -1.68213 -1.6988 -1.71841 -1.74036 -1.76512 -1.7842 -1.80314 -1.82283 -1.84324 -1.86419 -1.8855 -1.90702 -1.92865 -1.95029 -1.972 -1.99353 -2.01476 -2.03559 -2.05591 -2.07561 -2.09457 -2.11284 -2.13145 -2.156 -2.17723 -2.19593 -2.21177 -2.22282 nan nan nan nan nan nan nan nan nan nan nan nan nan nan nan nan nan nan nan nan nan nan nan nan nan nan nan nan nan nan nan nan nan nan nan nan 
nan nan nan nan nan nan nan nan nan nan nan nan nan nan nan nan nan nan nan nan nan nan nan nan nan nan nan nan nan nan nan nan nan nan nan nan nan nan nan nan nan -1.77612 -1.78801 -1.80454 -1.82327 -1.84321 -1.86388 -1.88499 -1.90635 -1.92779 -1.94911 -1.97093 -1.99242 -2.01355 -2.03423 -2.05432 -2.07359 -2.09164 -2.10757 -2.11908 nan nan nan nan nan nan nan nan nan nan nan nan nan nan nan nan nan nan nan nan nan nan nan nan nan nan nan nan nan nan nan nan nan nan nan nan nan nan nan nan nan 
nan nan nan nan nan nan nan nan nan nan nan nan nan nan nan nan nan nan nan nan nan nan nan nan nan nan nan nan nan nan nan nan nan nan nan nan nan nan nan nan nan nan nan nan nan nan nan nan nan nan -1.94818 nan nan nan nan nan nan nan nan nan nan nan nan nan nan nan nan nan nan nan nan nan nan nan nan nan nan nan nan nan nan nan nan nan nan nan nan nan nan nan nan nan nan nan nan nan nan nan nan nan nan 
