nan nan nan nan nan nan nan nan nan nan nan nan nan nan nan nan nan nan nan nan nan nan nan nan nan nan nan nan nan nan nan nan nan nan nan nan nan nan nan nan nan nan nan nan nan nan nan nan nan nan 2.98112 nan nan nan nan nan nan nan nan nan nan nan nan nan nan nan nan nan nan nan nan nan nan nan nan nan nan nan nan nan nan nan nan nan nan nan nan nan nan nan nan nan nan nan nan nan nan nan nan nan nan 
nan nan nan nan nan nan nan nan nan nan nan nan nan nan nan nan nan nan nan nan nan nan nan nan nan nan nan nan nan nan nan nan nan nan nan nan nan nan nan nan nan 2.81026 2.82175 2.83767 2.8557 2.87496 2.89503 2.9157 2.93683 2.95832 2.98015 3.00146 3.02289 3.04426 3.06539 3.08607 3.10603 3.12477 3.14132 3.15321 nan nan nan nan nan nan nan nan nan nan nan nan nan nan nan nan nan nan nan nan nan nan nan nan nan nan nan nan nan nan nan nan nan nan nan nan nan nan nan nan nan 
nan nan nan nan nan nan nan nan nan nan nan nan nan nan nan nan nan nan nan nan nan nan nan nan nan nan nan nan nan nan nan nan nan nan nan nan 2.70656 2.7176 2.73341 2.7521 2.77331 2.79785 2.81644 2.8347 2.85364 2.87332 2.89363 2.91444 2.93567 2.9572 2.97891 3.00055 3.02217 3.04371 3.06503 3.08599 3.10641 3.12612 3.14508 3.16418 3.18894 3.21092 3.23055 3.24724 3.25885 nan nan nan nan nan nan nan nan nan nan nan nan nan nan nan nan nan nan nan nan nan nan nan nan nan nan nan nan nan nan nan nan nan nan nan nan 
nan nan nan nan nan nan nan nan nan nan nan nan nan nan nan nan nan nan nan nan nan nan nan nan nan nan nan nan nan nan nan nan nan 2.64453 2.65578 2.67276 2.69461 2.71194 2.72968 2.74876 2.76923 2.79063 2.81064 2.83023 2.85002 2.87024 2.89091 2.91199 2.93342 2.9551 2.97696 2.99886 3.02075 3.04257 3.06424 3.08564 3.10671 3.1274 3.14789 3.16874 3.19098 3.21246 3.23265 3.25143 3.26954 3.29184 3.30951 3.32126 nan nan nan nan nan nan nan nan nan nan nan nan nan nan nan nan nan nan nan nan nan nan nan nan nan nan nan nan nan nan nan nan nan 
nan nan nan nan nan nan nan nan nan nan nan nan nan nan nan nan nan nan nan nan nan nan nan nan nan nan nan nan nan nan nan 2.59984 2.61236 2.63236 2.64918 2.66706 2.68639 2.70502 2.72379 2.74323 2.76341 2.78404 2.80444 2.82474 2.84518 2.86591 2.88699 2.9084 2.93011 2.95207 2.97419 2.99639 3.01863 3.04082 3.06291 3.08484 3.10656 3.12809 3.14953 3.17111 3.19299 3.21451 3.23533 3.25545 3.27528 3.29566 3.31454 3.3321 3.35241 3.36533 nan nan nan nan nan nan nan nan nan nan nan nan nan nan nan nan nan nan nan nan nan nan nan nan nan nan nan nan nan nan nan 
nan nan nan nan nan nan nan nan nan nan nan nan nan nan nan nan nan nan nan nan nan nan nan nan nan nan nan nan nan 2.55255 2.56546 2.58641 2.60403 2.62259 2.64068 2.65911 2.67808 2.69714 2.71643 2.73616 2.75636 2.7769 2.79755 2.81831 2.83925 2.86045 2.88194 2.90373 2.9258 2.94809 2.97055 2.99313 3.01576 3.0384 3.06098 3.08347 3.10583 3.12807 3.15025 3.17242 3.19456 3.21646 3.23792 3.25894 3.27965 3.30018 3.32005 3.33938 3.35894 3.37735 3.39869 3.41211 nan nan nan nan nan nan nan nan nan nan nan nan nan nan nan nan nan nan nan nan nan nan nan nan nan nan nan nan nan 
nan nan nan nan nan nan nan nan nan nan nan nan nan nan nan nan nan nan nan nan nan nan nan nan nan nan nan 2.50477 2.51764 2.53874 2.55658 2.57553 2.59395 2.6125 2.63104 2.64981 2.66889 2.68822 2.70784 2.72783 2.74819 2.76887 2.78978 2.81091 2.83228 2.85391 2.87583 2.89803 2.92049 2.94317 2.96604 2.98904 3.01213 3.03526 3.05837 3.08144 3.10444 3.12735 3.15019 3.17296 3.19562 3.21805 3.24017 3.26195 3.28341 3.30456 3.32529 3.34565 3.36581 3.38565 3.40578 3.42462 3.44638 3.45993 nan nan nan nan nan nan nan nan nan nan nan nan nan nan nan nan nan nan nan nan nan nan nan nan nan nan nan 
nan nan nan nan nan nan nan nan nan nan nan nan nan nan nan nan nan nan nan nan nan nan nan nan nan 2.45787 2.47033 2.49099 2.50858 2.52741 2.54581 2.5644 2.58296 2.60161 2.62039 2.63939 2.65866 2.67823 2.69811 2.71834 2.73891 2.75982 2.78103 2.80251 2.82427 2.84633 2.86867 2.8913 2.91419 2.93732 2.96064 2.98412 3.00771 3.03137 3.05505 3.07873 3.10237 3.12595 3.14945 3.17285 3.19612 3.21918 3.24199 3.26449 3.28669 3.30857 3.3301 3.3513 3.37222 3.39288 3.41337 3.43345 3.45375 3.47258 3.49417 3.50746 nan nan nan nan nan nan nan nan nan nan nan nan nan nan nan nan nan nan nan nan nan nan nan nan nan 
nan nan nan nan nan nan nan nan nan nan nan nan nan nan nan nan nan nan nan nan nan nan nan 2.41372 2.42506 2.44451 2.4613 2.47952 2.49748 2.51575 2.53406 2.55252 2.57109 2.58982 2.60874 2.62791 2.64737 2.66715 2.68726 2.70772 2.72855 2.74973 2.77124 2.79308 2.81523 2.8377 2.86048 2.88356 2.90692 2.93052 2.95435 2.97835 3.00248 3.02671 3.051 3.07531 3.09961 3.12386 3.14804 3.17213 3.19607 3.21982 3.24333 3.26657 3.28952 3.31216 3.33446 3.35645 3.37811 3.39948 3.42056 3.4413 3.46178 3.4817 3.50163 3.51984 3.54035 3.55254 nan nan nan nan nan nan nan nan nan nan nan nan nan nan nan nan nan nan nan nan nan nan nan 
nan nan nan nan nan nan nan nan nan nan nan nan nan nan nan nan nan nan nan nan nan nan 2.38697 2.40145 2.41612 2.43301 2.45001 2.46755 2.48527 2.50324 2.5214 2.53975 2.55829 2.57706 2.59608 2.61538 2.635 2.65497 2.6753 2.696 2.71709 2.73855 2.76038 2.78258 2.80513 2.82803 2.85126 2.87482 2.89867 2.92279 2.94715 2.97171 2.99643 3.02127 3.0462 3.07117 3.09616 3.12111 3.146 3.1708 3.19546 3.21993 3.24419 3.26819 3.2919 3.3153 3.33838 3.36113 3.38353 3.4056 3.42731 3.44864 3.46958 3.49003 3.51001 3.52915 3.54781 3.56381 3.57895 nan nan nan nan nan nan nan nan nan nan nan nan nan nan nan nan nan nan nan nan nan nan 
nan nan nan nan nan nan nan nan nan nan nan nan nan nan nan nan nan nan nan nan 2.34076 2.35189 2.37161 2.38818 2.40411 2.42059 2.4374 2.45458 2.47205 2.48978 2.50777 2.52601 2.54451 2.56328 2.58237 2.60178 2.62154 2.64168 2.66222 2.68316 2.70451 2.72627 2.74844 2.77101 2.79397 2.81731 2.84101 2.86506 2.88943 2.9141 2.93904 2.9642 2.98954 3.01504 3.04064 3.06631 3.09201 3.1177 3.14334 3.16888 3.1943 3.21954 3.24456 3.26934 3.29383 3.31802 3.34188 3.36538 3.38853 3.4113 3.43366 3.45561 3.47709 3.49805 3.51845 3.53814 3.55712 3.57511 3.5932 3.61405 3.62606 nan nan nan nan nan nan nan nan nan nan nan nan nan nan nan nan nan nan nan nan 
nan nan nan nan nan nan nan nan nan nan nan nan nan nan nan nan nan nan nan 2.31547 2.32871 2.34244 2.35864 2.37474 2.39076 2.40705 2.42364 2.44055 2.45778 2.4753 2.49312 2.51125 2.52969 2.54846 2.56758 2.58708 2.60697 2.62727 2.64801 2.66918 2.6908 2.71287 2.73538 2.75834 2.78172 2.80551 2.82971 2.85428 2.87921 2.90446 2.93001 2.9558 2.98182 3.008 3.03432 3.06073 3.08718 3.11363 3.14005 3.16638 3.19259 3.21863 3.24446 3.27004 3.29534 3.32033 3.34498 3.36926 3.39315 3.41663 3.43968 3.46226 3.48434 3.50587 3.5268 3.54706 3.56663 3.58549 3.60395 3.62204 3.63714 3.65101 nan nan nan nan nan nan nan nan nan nan nan nan nan nan nan nan nan nan nan 
nan nan nan nan nan nan nan nan nan nan nan nan nan nan nan nan nan nan 2.2872 2.30133 2.31533 2.32971 2.34497 2.36057 2.37637 2.39242 2.40877 2.42544 2.44244 2.45976 2.47742 2.49543 2.5138 2.53255 2.55169 2.57126 2.59126 2.61172 2.63264 2.65405 2.67595 2.69833 2.7212 2.74455 2.76837 2.79264 2.81735 2.84247 2.86799 2.89386 2.92005 2.94652 2.97324 3.00016 3.02723 3.05441 3.08166 3.10892 3.13616 3.16332 3.19036 3.21723 3.2439 3.27032 3.29645 3.32225 3.34771 3.37278 3.39744 3.42166 3.44541 3.46867 3.49138 3.51352 3.53503 3.55588 3.57604 3.5955 3.61427 3.63219 3.64862 3.66398 3.67869 nan nan nan nan nan nan nan nan nan nan nan nan nan nan nan nan nan nan 
nan nan nan nan nan nan nan nan nan nan nan nan nan nan nan nan nan 2.25762 2.27219 2.2865 2.30077 2.31526 2.33017 2.34541 2.36092 2.37672 2.39282 2.40924 2.42601 2.44314 2.46064 2.47852 2.49681 2.51552 2.53467 2.55429 2.57439 2.59499 2.61611 2.63775 2.65992 2.68262 2.70586 2.72962 2.75389 2.77867 2.80392 2.82962 2.85575 2.88227 2.90915 2.93634 2.96381 2.9915 3.01937 3.04738 3.07546 3.10357 3.13167 3.1597 3.18761 3.21536 3.24289 3.27018 3.29717 3.32382 3.35011 3.37599 3.40144 3.42642 3.45091 3.47486 3.49824 3.52102 3.54316 3.56462 3.58538 3.6054 3.62465 3.64302 3.66035 3.67678 3.69251 3.70771 nan nan nan nan nan nan nan nan nan nan nan nan nan nan nan nan nan 
nan nan nan nan nan nan nan nan nan nan nan nan nan nan nan nan 2.22741 2.24217 2.25663 2.27092 2.28519 2.2996 2.31426 2.3292 2.34443 2.35994 2.37578 2.39195 2.40849 2.42541 2.44274 2.46048 2.47868 2.49734 2.51649 2.53615 2.55634 2.57707 2.59837 2.62025 2.6427 2.66573 2.68935 2.71353 2.73828 2.76358 2.78939 2.81571 2.84249 2.86971 2.89731 2.92527 2.95352 2.98204 3.01075 3.03962 3.06859 3.0976 3.1266 3.15554 3.18436 3.21302 3.24147 3.26965 3.29753 3.32507 3.35221 3.37893 3.4052 3.43096 3.4562 3.48088 3.50497 3.52842 3.55121 3.57331 3.59468 3.61529 3.63511 3.65409 3.67219 3.68947 3.70604 3.72203 3.73753 nan nan nan nan nan nan nan nan nan nan nan nan nan nan nan nan 
nan nan nan nan nan nan nan nan nan nan nan nan nan nan nan 2.19701 2.21177 2.22623 2.24046 2.25457 2.26868 2.28289 2.2973 2.31195 2.32687 2.3421 2.35765 2.37356 2.38985 2.40656 2.4237 2.4413 2.45938 2.47798 2.49711 2.5168 2.53707 2.55793 2.57941 2.60152 2.62425 2.64763 2.67163 2.69626 2.72151 2.74735 2.77376 2.80072 2.82819 2.85614 2.88452 2.91328 2.94238 2.97176 3.00137 3.03116 3.06105 3.09101 3.12096 3.15086 3.18064 3.21026 3.23965 3.26878 3.29758 3.32602 3.35406 3.38164 3.40875 3.43533 3.46135 3.48678 3.51159 3.53575 3.55921 3.58196 3.60397 3.6252 3.64564 3.66526 3.68406 3.70207 3.71937 3.73604 3.75216 3.7678 nan nan nan nan nan nan nan nan nan nan nan nan nan nan nan 
nan nan nan nan nan nan nan nan nan nan nan nan nan nan 2.16674 2.18136 2.19566 2.20972 2.22362 2.23744 2.25128 2.26521 2.27932 2.29366 2.30826 2.32317 2.33843 2.35406 2.37009 2.38656 2.4035 2.42093 2.4389 2.45741 2.47651 2.49622 2.51655 2.53754 2.5592 2.58153 2.60456 2.62828 2.65269 2.67778 2.70355 2.72996 2.75701 2.78464 2.81285 2.84157 2.87076 2.90038 2.93037 2.96068 2.99124 3.02199 3.05287 3.08383 3.11479 3.14569 3.17648 3.2071 3.23748 3.26758 3.29735 3.32673 3.35568 3.38417 3.41214 3.43956 3.46639 3.4926 3.51816 3.54304 3.5672 3.59062 3.61328 3.63515 3.65622 3.67648 3.69593 3.7146 3.73254 3.7498 3.76646 3.78257 3.79821 nan nan nan nan nan nan nan nan nan nan nan nan nan nan 
nan nan nan nan nan nan nan nan nan nan nan nan nan 2.13691 2.15123 2.16524 2.17901 2.1926 2.20608 2.21953 2.23301 2.2466 2.26036 2.27435 2.28861 2.30318 2.31811 2.33343 2.34919 2.3654 2.38212 2.39937 2.41719 2.43561 2.45466 2.47437 2.49477 2.51587 2.5377 2.56027 2.58359 2.60766 2.63249 2.65806 2.68437 2.71139 2.7391 2.76745 2.79643 2.82597 2.85604 2.88657 2.9175 2.94879 2.98035 3.01213 3.04406 3.07607 3.10809 3.14005 3.1719 3.20356 3.23499 3.26611 3.29687 3.32724 3.35714 3.38655 3.41541 3.4437 3.47136 3.49838 3.52471 3.55032 3.5752 3.59931 3.62263 3.64515 3.66685 3.68774 3.70781 3.72708 3.7456 3.76339 3.78052 3.79703 3.81297 3.82842 nan nan nan nan nan nan nan nan nan nan nan nan nan 
nan nan nan nan nan nan nan nan nan nan nan nan 2.10789 2.12171 2.13525 2.14857 2.16174 2.1748 2.1878 2.20081 2.21388 2.22706 2.24043 2.25403 2.26791 2.28211 2.29669 2.31168 2.32713 2.34307 2.35954 2.37659 2.39425 2.41255 2.43154 2.45123 2.47167 2.49288 2.51487 2.53767 2.56129 2.58573 2.611 2.63707 2.66395 2.6916 2.72001 2.74913 2.77892 2.80934 2.84033 2.87183 2.90377 2.9361 2.96873 3.0016 3.03464 3.06776 3.1009 3.13398 3.16694 3.1997 3.23221 3.2644 3.29621 3.32758 3.35848 3.38884 3.41863 3.4478 3.47633 3.50416 3.53128 3.55766 3.58326 3.60807 3.63206 3.65523 3.67756 3.69906 3.71972 3.73956 3.7586 3.77688 3.79442 3.81126 3.82743 3.84299 3.858 nan nan nan nan nan nan nan nan nan nan nan nan 
nan nan nan nan nan nan nan nan nan nan nan 2.08022 2.09318 2.10598 2.11867 2.13127 2.1438 2.15629 2.16876 2.18127 2.19387 2.2066 2.21953 2.2327 2.24617 2.25997 2.27417 2.2888 2.30391 2.31954 2.33575 2.35256 2.37003 2.3882 2.4071 2.42677 2.44724 2.46854 2.49069 2.51373 2.53765 2.56246 2.58817 2.61478 2.64225 2.67058 2.69972 2.72965 2.76031 2.79166 2.82363 2.85616 2.88918 2.92262 2.95639 2.99042 3.02462 3.05893 3.09325 3.12752 3.16164 3.19556 3.2292 3.2625 3.2954 3.32783 3.35975 3.3911 3.42184 3.45193 3.48133 3.51001 3.53793 3.56508 3.59142 3.61693 3.6416 3.66542 3.68837 3.71046 3.73169 3.75207 3.77161 3.79032 3.80824 3.82537 3.84172 3.8573 3.87213 3.88627 nan nan nan nan nan nan nan nan nan nan nan 
nan nan nan nan nan nan nan nan nan nan 2.05526 2.06635 2.07783 2.08956 2.1014 2.11326 2.12513 2.13701 2.14892 2.16089 2.17298 2.18522 2.19767 2.21037 2.22338 2.23675 2.25053 2.26477 2.27951 2.29481 2.31071 2.32727 2.34453 2.36253 2.38132 2.40094 2.42142 2.4428 2.46512 2.48838 2.5126 2.53781 2.56399 2.59113 2.61924 2.64827 2.6782 2.70899 2.74058 2.77292 2.80594 2.83957 2.87374 2.90835 2.94334 2.9786 3.01405 3.04961 3.08519 3.1207 3.15606 3.19119 3.22602 3.26048 3.2945 3.32803 3.36101 3.39338 3.4251 3.45613 3.48643 3.51597 3.54471 3.57264 3.59972 3.62595 3.6513 3.67576 3.69933 3.722 3.74378 3.76466 3.78467 3.80381 3.82207 3.83947 3.85598 3.87157 3.88613 3.89951 3.91156 nan nan nan nan nan nan nan nan nan nan 
nan nan nan nan nan nan nan nan nan nan 2.04325 2.05124 2.0614 2.07223 2.0833 2.09447 2.10568 2.11694 2.12826 2.13967 2.1512 2.16291 2.17484 2.18704 2.19956 2.21245 2.22578 2.23958 2.25392 2.26885 2.28442 2.30068 2.3177 2.33551 2.35416 2.37371 2.39419 2.41564 2.4381 2.46159 2.48612 2.51172 2.53839 2.56611 2.59487 2.62466 2.65542 2.68712 2.7197 2.7531 2.78724 2.82205 2.85744 2.89332 2.9296 2.96617 3.00296 3.03985 3.07675 3.11357 3.15023 3.18664 3.22272 3.25839 3.29359 3.32825 3.36232 3.39575 3.42847 3.46047 3.49169 3.5221 3.55168 3.58039 3.60823 3.63516 3.66119 3.68629 3.71046 3.73371 3.75602 3.7774 3.79786 3.8174 3.83601 3.85368 3.87039 3.88606 3.9005 3.91324 3.92268 nan nan nan nan nan nan nan nan nan nan 
nan nan nan nan nan nan nan nan nan 2.00815 2.02241 2.03315 2.04348 2.05385 2.06432 2.07485 2.08543 2.09606 2.10677 2.11758 2.12853 2.13967 2.15104 2.16269 2.17468 2.18707 2.1999 2.21323 2.22713 2.24165 2.25685 2.27279 2.28952 2.30711 2.3256 2.34505 2.3655 2.38701 2.4096 2.43331 2.45816 2.48416 2.51133 2.53965 2.56911 2.59969 2.63134 2.66401 2.69765 2.73218 2.76753 2.8036 2.8403 2.87753 2.91519 2.95318 2.99137 3.02968 3.06799 3.1062 3.14423 3.18198 3.21936 3.2563 3.29272 3.32857 3.36377 3.39827 3.43204 3.46501 3.49717 3.52847 3.55889 3.5884 3.61699 3.64464 3.67133 3.69707 3.72183 3.74563 3.76846 3.79033 3.81123 3.83116 3.85012 3.86809 3.88506 3.90097 3.91577 3.92944 3.94241 3.95777 nan nan nan nan nan nan nan nan nan 
nan nan nan nan nan nan nan nan 1.98174 1.99301 2.00431 2.0147 2.0247 2.0346 2.0445 2.05441 2.06435 2.07436 2.08443 2.09462 2.10496 2.11549 2.12627 2.13734 2.14876 2.16059 2.17289 2.18571 2.19913 2.21319 2.22798 2.24355 2.25997 2.27729 2.29559 2.31491 2.33532 2.35685 2.37956 2.40349 2.42865 2.45507 2.48276 2.51171 2.54191 2.57332 2.60591 2.63963 2.6744 2.71015 2.74679 2.78421 2.82233 2.86101 2.90015 2.93964 2.97934 3.01916 3.05896 3.09865 3.13813 3.17728 3.21603 3.25429 3.29199 3.32905 3.36542 3.40104 3.43586 3.46984 3.50295 3.53515 3.56641 3.59672 3.62606 3.65442 3.68178 3.70814 3.73349 3.75783 3.78117 3.8035 3.82482 3.84514 3.86445 3.88274 3.9 3.91621 3.93136 3.94553 3.95897 3.97225 3.98451 nan nan nan nan nan nan nan nan 
nan nan nan nan nan nan nan nan 1.96955 1.97702 1.98633 1.99583 2.00525 2.01458 2.02388 2.03317 2.04248 2.05184 2.06126 2.07081 2.0805 2.09039 2.10054 2.11098 2.12179 2.13302 2.14474 2.15701 2.1699 2.18347 2.1978 2.21296 2.22901 2.24604 2.2641 2.28326 2.30358 2.32513 2.34794 2.37207 2.39754 2.42439 2.45262 2.48223 2.5132 2.54551 2.57911 2.61394 2.64993 2.68698 2.72501 2.7639 2.80353 2.84378 2.88451 2.92561 2.96693 3.00835 3.04975 3.091 3.132 3.17263 3.21282 3.25246 3.29148 3.3298 3.36737 3.40413 3.44003 3.47503 3.5091 3.5422 3.57432 3.60543 3.63552 3.66457 3.69259 3.71956 3.74548 3.77035 3.79418 3.81696 3.8387 3.8594 3.87906 3.89767 3.91522 3.93172 3.94716 3.96156 3.97491 3.98691 3.99586 nan nan nan nan nan nan nan nan 
nan nan nan nan nan nan nan 1.93666 1.94904 1.95836 1.96735 1.97626 1.98509 1.99383 2.00251 2.01117 2.01982 2.02851 2.03727 2.04613 2.05515 2.06437 2.07384 2.08362 2.09378 2.10437 2.11546 2.12712 2.13943 2.15246 2.16628 2.18098 2.19663 2.2133 2.23109 2.25004 2.27025 2.29178 2.31467 2.33899 2.36478 2.39205 2.42084 2.45114 2.48293 2.51619 2.55087 2.5869 2.62419 2.66266 2.70219 2.74266 2.78393 2.82586 2.86831 2.91114 2.95419 2.99733 3.04042 3.08332 3.12593 3.16813 3.20981 3.25089 3.29128 3.33091 3.36971 3.40764 3.44463 3.48067 3.51571 3.54972 3.58268 3.61459 3.64542 3.67516 3.70382 3.73139 3.75786 3.78325 3.80755 3.83077 3.85291 3.87398 3.89397 3.91289 3.93074 3.94751 3.96322 3.97785 3.99139 4.0038 4.0153 4.02867 nan nan nan nan nan nan nan 
nan nan nan nan nan nan nan 1.92337 1.93083 1.93922 1.94765 1.956 1.96423 1.97237 1.98042 1.98842 1.9964 2.0044 2.01246 2.02062 2.02893 2.03743 2.04619 2.05527 2.06472 2.07462 2.08504 2.09605 2.10772 2.12015 2.13342 2.1476 2.16278 2.17906 2.19651 2.21523 2.23528 2.25674 2.2797 2.30419 2.33027 2.35799 2.38735 2.41837 2.45104 2.48531 2.52114 2.55846 2.59717 2.63717 2.67832 2.7205 2.76354 2.8073 2.8516 2.89629 2.9412 2.98617 3.03106 3.07573 3.12004 3.16388 3.20713 3.2497 3.29151 3.33248 3.37255 3.41166 3.44977 3.48685 3.52286 3.55778 3.59159 3.62428 3.65583 3.68625 3.71554 3.74368 3.77069 3.79657 3.82133 3.84496 3.86749 3.88891 3.90922 3.92845 3.94657 3.96361 3.97957 3.99444 4.0082 4.02081 4.03209 4.04113 nan nan nan nan nan nan nan 
nan nan nan nan nan nan 1.88913 1.90178 1.9109 1.91924 1.92726 1.93507 1.94272 1.95023 1.95763 1.96495 1.97224 1.97953 1.98686 1.99428 2.00184 2.0096 2.0176 2.02593 2.03463 2.04379 2.05348 2.06378 2.07477 2.08654 2.09918 2.11279 2.12745 2.14327 2.16034 2.17875 2.1986 2.21997 2.24294 2.26759 2.29396 2.32212 2.35208 2.38385 2.41744 2.45279 2.48986 2.52857 2.56882 2.61047 2.65339 2.69743 2.7424 2.78813 2.83444 2.88114 2.92805 2.97499 3.0218 3.06833 3.11444 3.15999 3.20489 3.24901 3.29228 3.33463 3.37599 3.41631 3.45555 3.49367 3.53066 3.56647 3.60112 3.63457 3.66684 3.69792 3.72781 3.75651 3.78403 3.81038 3.83556 3.85959 3.88248 3.90423 3.92485 3.94436 3.96275 3.98004 3.99624 4.01135 4.02538 4.03834 4.05032 4.06179 4.07556 nan nan nan nan nan nan 
nan nan nan nan nan nan 1.87558 1.88295 1.89098 1.89878 1.90629 1.91354 1.92058 1.92745 1.93417 1.9408 1.94736 1.95391 1.96049 1.96714 1.97392 1.98088 1.98809 1.99562 2.00352 2.01189 2.02079 2.03032 2.04056 2.05161 2.06357 2.07653 2.09061 2.1059 2.12252 2.14057 2.16016 2.18138 2.20433 2.2291 2.25575 2.28434 2.31492 2.34748 2.38204 2.41855 2.45696 2.49717 2.53908 2.58255 2.6274 2.67346 2.72053 2.76842 2.8169 2.86577 2.91483 2.96389 3.01275 3.06126 3.10927 3.15663 3.20323 3.24896 3.29375 3.33751 3.38018 3.42172 3.46209 3.50125 3.5392 3.5759 3.61136 3.64557 3.67852 3.71023 3.74069 3.76992 3.79793 3.82472 3.85031 3.8747 3.89793 3.91998 3.94089 3.96065 3.97929 3.99681 4.01323 4.02857 4.04284 4.05607 4.06827 4.07938 4.08844 nan nan nan nan nan nan 
nan nan nan nan nan 1.84131 1.85382 1.86266 1.87051 1.87785 1.88481 1.89147 1.89787 1.90406 1.91009 1.91599 1.9218 1.92758 1.93337 1.93921 1.94517 1.9513 1.95767 1.96435 1.97141 1.97892 1.98698 1.99568 2.0051 2.01536 2.02656 2.03881 2.05222 2.06691 2.08301 2.10063 2.11989 2.14091 2.16379 2.18864 2.21555 2.24457 2.27577 2.30916 2.34475 2.3825 2.42235 2.4642 2.50793 2.55336 2.60033 2.64861 2.69798 2.74822 2.79907 2.8503 2.90168 2.95301 3.00407 3.05468 3.10468 3.15394 3.20231 3.24971 3.29604 3.34124 3.38524 3.42801 3.4695 3.5097 3.54859 3.58616 3.62241 3.65734 3.69095 3.72326 3.75427 3.78399 3.81245 3.83965 3.8656 3.89034 3.91387 3.9362 3.95736 3.97735 3.99621 4.01394 4.03056 4.0461 4.06058 4.07404 4.08654 4.09821 4.10953 4.12334 nan nan nan nan nan 
nan nan nan nan nan 1.8279 1.83499 1.84257 1.84976 1.85651 1.86287 1.86888 1.87462 1.88011 1.88541 1.89055 1.89559 1.90057 1.90553 1.91053 1.91563 1.92089 1.92637 1.93215 1.9383 1.94491 1.95206 1.95986 1.9684 1.97779 1.98815 1.9996 2.01227 2.02628 2.04177 2.05888 2.07774 2.09848 2.12123 2.14612 2.17324 2.20268 2.23451 2.26876 2.30544 2.34452 2.38594 2.42957 2.47529 2.52289 2.57218 2.6229 2.67481 2.72761 2.78105 2.83485 2.88875 2.94251 2.99591 3.04876 3.10087 3.1521 3.20232 3.25143 3.29935 3.346 3.39133 3.43532 3.47793 3.51914 3.55895 3.59736 3.63436 3.66998 3.70421 3.73708 3.7686 3.79878 3.82765 3.85522 3.88151 3.90654 3.93034 3.95292 3.9743 3.99449 4.01353 4.03143 4.04822 4.06392 4.07856 4.09219 4.10486 4.11661 4.12738 4.13625 nan nan nan nan nan 
nan nan nan nan 1.79454 1.80655 1.81486 1.82208 1.82869 1.8348 1.8405 1.84584 1.85086 1.85563 1.86017 1.86453 1.86876 1.8729 1.87701 1.88113 1.88533 1.88967 1.89422 1.89905 1.90423 1.90987 1.91605 1.92288 1.93046 1.9389 1.94834 1.95891 1.97073 1.98397 1.99876 2.01526 2.03362 2.05401 2.07656 2.10142 2.12871 2.15855 2.19101 2.22615 2.26399 2.3045 2.34761 2.3932 2.4411 2.4911 2.54295 2.59638 2.65107 2.70671 2.76298 2.81957 2.8762 2.93259 2.98849 3.0437 3.09803 3.15132 3.20345 3.25432 3.30384 3.35195 3.39862 3.44381 3.48751 3.5297 3.5704 3.6096 3.64733 3.68358 3.71839 3.75178 3.78375 3.81435 3.84358 3.87148 3.89806 3.92336 3.94739 3.97017 3.99173 4.01209 4.03128 4.04932 4.06623 4.08205 4.0968 4.11054 4.12332 4.1352 4.14633 4.1572 4.17063 nan nan nan nan 
nan nan nan nan 1.78161 1.78815 1.79502 1.80143 1.80732 1.81274 1.81773 1.82235 1.82664 1.83064 1.8344 1.83795 1.84134 1.84462 1.84783 1.85104 1.8543 1.85768 1.86124 1.86506 1.86923 1.87384 1.87898 1.88476 1.89129 1.8987 1.90713 1.91671 1.92759 1.93995 1.95393 1.96971 1.98748 2.0074 2.02966 2.05442 2.08183 2.11202 2.14512 2.18118 2.22024 2.26228 2.30724 2.35497 2.40528 2.45794 2.51264 2.56907 2.62685 2.68562 2.74501 2.80467 2.86426 2.92347 2.98205 3.03976 3.09642 3.15185 3.20594 3.25858 3.30972 3.35929 3.40727 3.45364 3.49839 3.54153 3.58306 3.62302 3.6614 3.69825 3.73358 3.76742 3.79981 3.83076 3.86032 3.88849 3.91532 3.94083 3.96504 3.98799 4.00969 4.03018 4.04947 4.0676 4.0846 4.10049 4.1153 4.12909 4.14189 4.15376 4.16475 4.17483 4.18316 nan nan nan nan 
nan nan nan 1.75047 1.7613 1.76859 1.77485 1.7805 1.78565 1.79033 1.79459 1.79846 1.80198 1.8052 1.80814 1.81085 1.81337 1.81575 1.81804 1.8203 1.82258 1.82495 1.82748 1.83024 1.83333 1.83684 1.84086 1.84552 1.85092 1.85721 1.86452 1.87301 1.88284 1.89419 1.90724 1.92219 1.93924 1.95858 1.98043 2.00499 2.03244 2.06294 2.09665 2.13365 2.174 2.2177 2.26466 2.31475 2.36775 2.42337 2.48126 2.54104 2.60227 2.66452 2.72735 2.79037 2.85317 2.91544 2.97687 3.03722 3.0963 3.15394 3.21003 3.26448 3.31722 3.36823 3.41749 3.46499 3.51074 3.55476 3.59708 3.63771 3.6767 3.71407 3.74986 3.7841 3.81683 3.84809 3.8779 3.9063 3.93332 3.959 3.98335 4.00641 4.02821 4.04878 4.06813 4.08631 4.10334 4.11926 4.13408 4.14785 4.16062 4.17241 4.1833 4.19339 4.20316 4.21533 nan nan nan 
nan nan nan 1.73871 1.74374 1.74925 1.75449 1.75931 1.76367 1.76759 1.77108 1.77418 1.77691 1.77931 1.78141 1.78326 1.78489 1.78635 1.78768 1.78895 1.79021 1.79153 1.79297 1.79463 1.79657 1.79891 1.80175 1.8052 1.80938 1.81445 1.82054 1.82782 1.83648 1.84669 1.85868 1.87265 1.88883 1.90745 1.92876 1.953 1.98038 2.01112 2.0454 2.08335 2.12506 2.17053 2.2197 2.27241 2.3284 2.38734 2.44883 2.51237 2.57747 2.6436 2.71025 2.77695 2.84326 2.90881 2.97328 3.03641 3.098 3.15791 3.21602 3.27226 3.32659 3.37899 3.42947 3.47804 3.52472 3.56955 3.61257 3.65381 3.69331 3.73113 3.76731 3.80188 3.83489 3.86638 3.89639 3.92496 3.95211 3.97789 4.00233 4.02546 4.04731 4.06791 4.08728 4.10547 4.12249 4.13838 4.15316 4.16687 4.17954 4.19119 4.20184 4.21148 4.21998 4.22658 nan nan nan 
nan nan nan 1.72104 1.72487 1.72939 1.73377 1.73778 1.74136 1.74451 1.74723 1.74953 1.75146 1.75303 1.75427 1.75523 1.75593 1.75644 1.75679 1.75703 1.75723 1.75746 1.75777 1.75826 1.759 1.76011 1.76168 1.76384 1.76671 1.77044 1.7752 1.78115 1.7885 1.79744 1.8082 1.82103 1.83617 1.85391 1.87452 1.89829 1.92547 1.95635 1.99114 2.03004 2.07316 2.12054 2.17212 2.22774 2.2871 2.3498 2.41535 2.48316 2.55263 2.62312 2.69402 2.76478 2.83491 2.90399 2.97168 3.03772 3.1019 3.1641 3.22423 3.28223 3.33809 3.39182 3.44344 3.49299 3.54051 3.58605 3.62967 3.67143 3.71137 3.74955 3.78602 3.82084 3.85405 3.88571 3.91584 3.94451 3.97173 3.99756 4.02203 4.04517 4.06701 4.0876 4.10694 4.12509 4.14205 4.15787 4.17257 4.18618 4.19871 4.21019 4.2206 4.22991 4.23786 4.24355 nan nan nan 
nan nan 1.68806 1.69875 1.70448 1.70886 1.71262 1.7159 1.71873 1.7211 1.72304 1.72455 1.72565 1.72637 1.72674 1.72679 1.72655 1.72608 1.72541 1.7246 1.72371 1.72279 1.72193 1.72119 1.72068 1.72048 1.72071 1.72149 1.72295 1.72525 1.72855 1.73304 1.73892 1.74643 1.75579 1.7673 1.78122 1.79788 1.81759 1.84069 1.86752 1.89839 1.9336 1.97341 2.01799 2.06742 2.12166 2.18053 2.2437 2.31068 2.38088 2.45357 2.528 2.6034 2.67906 2.75431 2.8286 2.90146 2.97255 3.04159 3.10842 3.17291 3.23501 3.29471 3.35202 3.40697 3.45962 3.51003 3.55828 3.60442 3.64853 3.69069 3.73095 3.76939 3.80607 3.84105 3.87438 3.90611 3.9363 3.96499 3.99222 4.01803 4.04247 4.06556 4.08735 4.10786 4.12713 4.14519 4.16205 4.17776 4.19234 4.2058 4.21817 4.22946 4.23969 4.24888 4.25719 4.2654 4.27736 nan nan 
nan nan 1.67644 1.68063 1.68465 1.68815 1.69116 1.6937 1.69578 1.69739 1.69854 1.69925 1.69952 1.69938 1.69886 1.69798 1.69679 1.69531 1.6936 1.69171 1.68968 1.68759 1.6855 1.6835 1.68166 1.68009 1.6789 1.67821 1.67817 1.67892 1.68064 1.68352 1.68779 1.69368 1.70146 1.71143 1.72391 1.73926 1.75784 1.78005 1.80629 1.83697 1.87247 1.91312 1.95918 2.01079 2.06796 2.13049 2.198 2.26991 2.34547 2.42378 2.5039 2.5849 2.66589 2.7461 2.8249 2.9018 2.97644 3.04857 3.11804 3.18478 3.24877 3.31005 3.36867 3.42471 3.47825 3.52938 3.5782 3.6248 3.66927 3.71171 3.75218 3.79076 3.82754 3.86257 3.89592 3.92765 3.9578 3.98644 4.0136 4.03933 4.06367 4.08666 4.10834 4.12873 4.14787 4.16579 4.18251 4.19807 4.21248 4.22577 4.23794 4.24903 4.25902 4.26794 4.27582 4.28273 4.2884 nan nan 
nan nan 1.65975 1.66185 1.66454 1.66713 1.66938 1.67119 1.67253 1.67339 1.67377 1.67367 1.6731 1.6721 1.67067 1.66886 1.66668 1.66419 1.66142 1.65841 1.65522 1.65192 1.64856 1.64524 1.64202 1.63902 1.63633 1.63409 1.63243 1.63152 1.63152 1.63266 1.63514 1.63923 1.64522 1.65343 1.66422 1.67798 1.69514 1.71617 1.74156 1.7718 1.80738 1.84875 1.89628 1.95021 2.01059 2.07726 2.14977 2.2274 2.30921 2.39407 2.48078 2.56817 2.65516 2.74086 2.82456 2.90573 2.98403 3.05926 3.13131 3.20019 3.26594 3.32863 3.38839 3.44532 3.49956 3.55123 3.60046 3.64735 3.69203 3.73459 3.77513 3.81374 3.85049 3.88547 3.91874 3.95036 3.9804 4.0089 4.03591 4.06149 4.08567 4.10849 4.12999 4.15021 4.16917 4.1869 4.20344 4.2188 4.23301 4.24609 4.25806 4.26891 4.27864 4.28723 4.29459 4.30048 4.30421 nan nan 
nan nan 1.64012 1.64167 1.64371 1.64566 1.64726 1.64839 1.64902 1.64914 1.64874 1.64784 1.64644 1.64456 1.64223 1.63946 1.6363 1.63277 1.62891 1.62477 1.62039 1.61584 1.61118 1.60649 1.60184 1.59733 1.59308 1.5892 1.58583 1.58314 1.5813 1.58053 1.58105 1.58314 1.58711 1.59331 1.60211 1.61398 1.6294 1.6489 1.67308 1.70255 1.73793 1.77982 1.82874 1.88508 1.949 2.02037 2.09868 2.18306 2.27226 2.36484 2.45925 2.554 2.64778 2.73953 2.82847 2.9141 2.99611 3.07437 3.14888 3.2197 3.28697 3.35084 3.41149 3.46908 3.52379 3.57579 3.62521 3.67221 3.71692 3.75944 3.7999 3.83838 3.87499 3.90979 3.94287 3.97428 4.0041 4.03238 4.05917 4.08452 4.10847 4.13106 4.15233 4.17231 4.19104 4.20854 4.22485 4.23998 4.25395 4.2668 4.27852 4.28913 4.29862 4.30696 4.31403 4.31956 4.3229 nan nan 
nan nan 1.61815 1.62018 1.62219 1.62377 1.62482 1.62532 1.62527 1.62466 1.6235 1.6218 1.61956 1.61681 1.61357 1.60985 1.60568 1.6011 1.59614 1.59085 1.58526 1.57943 1.57343 1.56733 1.5612 1.55514 1.54924 1.54364 1.53847 1.53389 1.53007 1.52723 1.52562 1.5255 1.52721 1.53111 1.53762 1.54724 1.56052 1.57808 1.60061 1.62888 1.66366 1.70575 1.7559 1.8147 1.88248 1.95922 2.04435 2.13675 2.23483 2.33663 2.44014 2.54343 2.64488 2.74327 2.83779 2.92797 3.01361 3.09472 3.17141 3.24388 3.31236 3.37709 3.43831 3.49627 3.55118 3.60323 3.65262 3.69951 3.74404 3.78634 3.82655 3.86476 3.90107 3.93557 3.96834 3.99945 4.02895 4.05692 4.0834 4.10844 4.13209 4.15438 4.17536 4.19505 4.21349 4.23072 4.24674 4.2616 4.27531 4.28788 4.29935 4.30971 4.31898 4.32716 4.33421 4.34002 4.34411 nan nan 
nan 1.58241 1.59338 1.59794 1.60032 1.60162 1.60217 1.60206 1.60133 1.6 1.59809 1.59559 1.59252 1.5889 1.58474 1.58006 1.57489 1.56926 1.56319 1.55672 1.5499 1.54278 1.53541 1.52786 1.5202 1.51253 1.50493 1.49754 1.49047 1.48388 1.47796 1.47291 1.46897 1.46643 1.46561 1.46692 1.47079 1.47777 1.48846 1.50357 1.52392 1.55042 1.58405 1.62588 1.67693 1.73812 1.81008 1.89296 1.9862 2.08837 2.19726 2.31026 2.42467 2.53795 2.64806 2.75365 2.85393 2.94859 3.03762 3.12121 3.19967 3.27335 3.3426 3.40777 3.46919 3.52715 3.58192 3.63374 3.68282 3.72934 3.77348 3.81537 3.85514 3.89291 3.92879 3.96285 3.99519 4.02587 4.05496 4.08252 4.1086 4.13326 4.15653 4.17846 4.19908 4.21842 4.23653 4.25342 4.26913 4.28367 4.29707 4.30935 4.32052 4.33062 4.33966 4.3477 4.35484 4.36143 4.36864 4.38105 nan 
nan 1.57052 1.57429 1.57709 1.57874 1.57945 1.5794 1.57865 1.57725 1.57521 1.57254 1.56925 1.56536 1.56087 1.5558 1.55017 1.54399 1.53729 1.5301 1.52246 1.51439 1.50595 1.49719 1.48817 1.47895 1.46962 1.46027 1.45101 1.44196 1.43327 1.42512 1.4177 1.41126 1.40607 1.40248 1.40088 1.40175 1.40564 1.41323 1.42531 1.44281 1.46682 1.49857 1.53943 1.59084 1.65416 1.73052 1.82044 1.92346 2.03776 2.16011 2.28693 2.41461 2.53962 2.65945 2.77266 2.87867 2.97747 3.06937 3.15485 3.23445 3.30873 3.37818 3.44327 3.5044 3.56194 3.6162 3.66744 3.71591 3.76181 3.80531 3.84656 3.88571 3.92287 3.95815 3.99164 4.02341 4.05355 4.08212 4.10918 4.13478 4.15897 4.18179 4.20328 4.22349 4.24243 4.26014 4.27666 4.29199 4.30618 4.31924 4.33118 4.34204 4.35182 4.36058 4.36835 4.37524 4.38143 4.38724 4.39255 nan 
nan 1.55398 1.55533 1.55661 1.55729 1.55728 1.55656 1.55515 1.55306 1.55031 1.5469 1.54284 1.53813 1.53278 1.5268 1.52021 1.51303 1.50527 1.49696 1.48813 1.47882 1.46905 1.45888 1.44836 1.43755 1.42653 1.41538 1.40419 1.39309 1.38221 1.37171 1.36179 1.35268 1.34464 1.33801 1.3332 1.33066 1.33101 1.33493 1.3433 1.35717 1.37779 1.40667 1.44557 1.49643 1.5613 1.64206 1.73996 1.85497 1.98485 2.12429 2.26844 2.41261 2.55148 2.68198 2.80291 2.91419 3.01636 3.11023 3.19668 3.27655 3.35062 3.41955 3.48392 3.54421 3.60084 3.65415 3.70445 3.75198 3.79695 3.83956 3.87996 3.91828 3.95465 3.98917 4.02193 4.05302 4.0825 4.11045 4.1369 4.16193 4.18557 4.20787 4.22886 4.24858 4.26706 4.28433 4.30042 4.31534 4.32913 4.3418 4.35338 4.36387 4.37331 4.38171 4.3891 4.39553 4.40102 4.4055 4.40847 nan 
nan 1.53523 1.53562 1.53591 1.53577 1.53503 1.53364 1.53157 1.52881 1.52536 1.52122 1.51638 1.51086 1.50466 1.49779 1.49026 1.48208 1.47326 1.46384 1.45383 1.44326 1.43216 1.42057 1.40855 1.39613 1.38339 1.3704 1.35725 1.34404 1.33089 1.31795 1.3054 1.29346 1.28238 1.27247 1.26412 1.2578 1.25411 1.25376 1.25768 1.26699 1.28313 1.30788 1.3434 1.39231 1.45758 1.54228 1.64897 1.77884 1.92991 2.09133 2.25734 2.4229 2.57808 2.71976 2.84777 2.96311 3.06722 3.16163 3.24773 3.3267 3.39954 3.46708 3.52998 3.58879 3.64396 3.69586 3.7448 3.79104 3.83479 3.87624 3.91554 3.95284 3.98823 4.02183 4.05373 4.084 4.1127 4.13991 4.16567 4.19003 4.21305 4.23475 4.25517 4.27434 4.29231 4.30908 4.32469 4.33916 4.35251 4.36476 4.37593 4.38603 4.39507 4.40307 4.41004 4.41597 4.42082 4.42444 4.4265 nan 
nan 1.51527 1.51519 1.51485 1.51405 1.51267 1.51064 1.50793 1.50452 1.50038 1.49552 1.48993 1.48362 1.47658 1.46882 1.46036 1.45119 1.44134 1.43081 1.41962 1.4078 1.39538 1.38238 1.36884 1.35481 1.34034 1.32549 1.31034 1.29498 1.2795 1.26405 1.24878 1.23387 1.21957 1.20615 1.19399 1.18352 1.1753 1.17007 1.16873 1.17248 1.18285 1.20186 1.23212 1.27698 1.34061 1.42784 1.54346 1.6913 1.87476 2.06394 2.25671 2.45296 2.62648 2.7784 2.91141 3.02838 3.1321 3.22496 3.30892 3.38549 3.45588 3.521 3.58159 3.63821 3.69134 3.74133 3.78849 3.83308 3.8753 3.91532 3.95329 3.98935 4.02359 4.05611 4.08699 4.1163 4.14412 4.17048 4.19545 4.21907 4.24137 4.2624 4.28219 4.30076 4.31815 4.33437 4.34946 4.36344 4.37631 4.3881 4.39883 4.4085 4.41712 4.42471 4.43124 4.43671 4.44104 4.44411 4.44575 nan 
nan 1.49459 1.49423 1.49344 1.49212 1.49018 1.48758 1.48426 1.48021 1.47541 1.46985 1.46352 1.45643 1.44858 1.43996 1.43058 1.42044 1.40956 1.39794 1.38559 1.37254 1.3588 1.3444 1.32936 1.31372 1.29752 1.28081 1.26364 1.2461 1.22827 1.21025 1.19218 1.17422 1.15656 1.13946 1.12322 1.10826 1.09509 1.08437 1.07698 1.07409 1.07727 1.08865 1.11119 1.14897 1.20761 1.29441 1.41733 1.58251 1.82792 2.04679 2.26681 2.51919 2.70767 2.86521 2.99864 3.11307 3.21286 3.30132 3.38088 3.45328 3.5198 3.58139 3.63875 3.69245 3.74292 3.7905 3.83546 3.87803 3.91841 3.95673 3.99314 4.02775 4.06066 4.09194 4.12167 4.1499 4.17671 4.20213 4.22622 4.249 4.27052 4.29081 4.30989 4.3278 4.34456 4.36019 4.37471 4.38815 4.4005 4.41181 4.42206 4.43128 4.43947 4.44662 4.45274 4.45778 4.46171 4.46442 4.46583 nan 
nan 1.47346 1.47291 1.47178 1.47003 1.4676 1.46446 1.46057 1.45592 1.45048 1.44424 1.43721 1.42936 1.42071 1.41124 1.40096 1.38988 1.37799 1.3653 1.35182 1.33756 1.32252 1.30674 1.29022 1.27298 1.25507 1.2365 1.21734 1.19762 1.17742 1.15682 1.13591 1.11483 1.09372 1.0728 1.05232 1.03261 1.0141 0.997375 0.983202 0.972638 0.96715 0.968821 0.980681 1.00728 1.05568 1.13688 1.26445 1.41886 nan nan nan 2.67266 2.83525 2.98813 3.11426 3.21977 3.31076 3.39124 3.46376 3.53001 3.59117 3.64805 3.70128 3.75133 3.79854 3.8432 3.88555 3.92576 3.96399 4.00037 4.035 4.06797 4.09937 4.12926 4.15769 4.18473 4.21043 4.23481 4.25792 4.27979 4.30045 4.31993 4.33825 4.35544 4.37152 4.38651 4.40042 4.41327 4.42508 4.43586 4.44561 4.45436 4.4621 4.46882 4.47453 4.4792 4.48279 4.48524 4.4865 nan 
nan 1.4521 1.45137 1.44996 1.44783 1.44496 1.44133 1.43691 1.43169 1.42563 1.41875 1.41102 1.40244 1.39301 1.38273 1.37158 1.35958 1.34671 1.33298 1.31839 1.30294 1.28665 1.2695 1.25153 1.23273 1.21313 1.19275 1.1716 1.14974 1.12719 1.10401 1.08027 1.05605 1.03147 1.00667 0.981832 0.957202 0.933106 0.909987 0.888451 0.869345 0.853876 0.843811 0.841812 0.852108 0.882168 0.948392 1.10186 nan nan nan nan nan 2.98966 3.15331 3.26209 3.34963 3.42577 3.49425 3.55699 3.61514 3.66948 3.72056 3.7688 3.8145 3.8579 3.8992 3.93855 3.97608 4.01189 4.04608 4.07872 4.10988 4.13961 4.16797 4.19499 4.22072 4.2452 4.26845 4.2905 4.31138 4.33111 4.34972 4.36722 4.38364 4.39899 4.41329 4.42655 4.43878 4.45001 4.46023 4.46946 4.47771 4.48499 4.49128 4.49659 4.50091 4.50421 4.50646 4.50762 nan 
nan 1.43066 1.42975 1.42806 1.4256 1.42233 1.41825 1.41332 1.40755 1.40091 1.3934 1.38501 1.37573 1.36555 1.35447 1.34248 1.32959 1.31577 1.30103 1.28537 1.26878 1.25126 1.2328 1.21342 1.1931 1.17186 1.1497 1.12663 1.10266 1.07781 1.05211 1.02558 0.998271 0.970243 0.941573 0.912367 0.882771 0.852982 0.823276 0.794041 0.765833 0.739465 0.716138 0.697643 0.686547 0.685917 0.696014 nan nan nan nan nan nan nan 3.39872 3.44556 3.50071 3.55565 3.60856 3.65916 3.70755 3.75385 3.7982 3.84071 3.88148 3.9206 3.95814 3.99417 4.02873 4.06189 4.09369 4.12416 4.15334 4.18127 4.20796 4.23346 4.25778 4.28095 4.30298 4.3239 4.34372 4.36246 4.38014 4.39677 4.41236 4.42694 4.4405 4.45307 4.46465 4.47526 4.4849 4.49359 4.50132 4.50811 4.51397 4.51888 4.52286 4.5259 4.52799 4.52912 nan 
1.41033 1.40935 1.40811 1.40616 1.40339 1.39976 1.39524 1.38984 1.38355 1.37635 1.36824 1.35921 1.34925 1.33835 1.32651 1.31372 1.29997 1.28524 1.26953 1.25284 1.23515 1.21645 1.19673 1.17599 1.15422 1.1314 1.10753 1.0826 1.0566 1.02953 1.00138 0.972155 0.941848 0.910468 0.878029 0.844553 0.81008 0.77467 0.738416 0.701462 0.664029 0.626462 0.589315 0.553492 0.520535 0.49314 0.475994 nan nan nan nan nan nan nan -2.6656 -2.64845 -2.62106 -2.5881 -2.55228 -2.51513 -2.47756 -2.44013 -2.40318 -2.36692 -2.33151 -2.29704 -2.26356 -2.23112 -2.19974 -2.16944 -2.14021 -2.11206 -2.08499 -2.05899 -2.03406 -2.0102 -1.98738 -1.9656 -1.94486 -1.92515 -1.90645 -1.88875 -1.87206 -1.85635 -1.84163 -1.82787 -1.81508 -1.80324 -1.79234 -1.78238 -1.77335 -1.76524 -1.75804 -1.75175 -1.74635 -1.74184 -1.7382 -1.73543 -1.73348 -1.73224 -1.73127 
nan 1.38752 1.3864 1.38431 1.38127 1.37729 1.37238 1.36652 1.35973 1.35199 1.34331 1.33367 1.32306 1.31148 1.29891 1.28534 1.27077 1.25517 1.23855 1.22087 1.20212 1.1823 1.16138 1.13935 1.11619 1.09187 1.06637 1.03967 1.01175 0.982568 0.952097 0.920302 0.887142 0.852574 0.816548 0.779008 0.739888 0.699116 0.656607 0.612259 0.565958 0.517572 0.466963 0.414056 0.359118 0.303963 0.257126 nan nan nan nan nan nan nan -2.44558 -2.45568 -2.45505 -2.44395 -2.42545 -2.40213 -2.37576 -2.34755 -2.31832 -2.28861 -2.25882 -2.22923 -2.20002 -2.17135 -2.14332 -2.11601 -2.08948 -2.06378 -2.03893 -2.01496 -1.99189 -1.96973 -1.94849 -1.92817 -1.90879 -1.89034 -1.87282 -1.85622 -1.84056 -1.82582 -1.81201 -1.79911 -1.78712 -1.77604 -1.76587 -1.75659 -1.74819 -1.74068 -1.73404 -1.72827 -1.72335 -1.71926 -1.716 -1.71353 -1.71184 -1.71093 nan 
nan 1.36603 1.36487 1.36262 1.35932 1.355 1.34969 1.34339 1.33612 1.32787 1.31864 1.30841 1.29719 1.28495 1.2717 1.2574 1.24205 1.22563 1.20813 1.18952 1.16978 1.1489 1.12685 1.1036 1.07913 1.0534 1.02637 0.998019 0.968287 0.93713 0.904489 0.870299 0.834484 0.796955 0.757604 0.716305 0.672902 0.627204 0.57897 0.527887 0.473549 0.4154 0.352661 0.284174 0.208039 0.120499 0.0117173 -0.151936 nan nan nan nan nan -2.03973 -2.1932 -2.25942 -2.28948 -2.29978 -2.29778 -2.28772 -2.27225 -2.25314 -2.23161 -2.20849 -2.18439 -2.15976 -2.13492 -2.11012 -2.08554 -2.06132 -2.03758 -2.0144 -1.99186 -1.96999 -1.94884 -1.92846 -1.90886 -1.89006 -1.87209 -1.85495 -1.83865 -1.82321 -1.80862 -1.79489 -1.78202 -1.77001 -1.75886 -1.74858 -1.73915 -1.73057 -1.72285 -1.71596 -1.70991 -1.70468 -1.70026 -1.69663 -1.69376 -1.69164 -1.69022 -1.6895 nan 
nan 1.3449 1.34365 1.34119 1.33761 1.33294 1.32723 1.3205 1.31277 1.30402 1.29426 1.28349 1.27168 1.25882 1.24491 1.22993 1.21385 1.19666 1.17833 1.15885 1.13819 1.11632 1.09321 1.06883 1.04314 1.0161 0.987662 0.957775 0.926378 0.893405 0.858776 0.822399 0.784169 0.743957 0.70161 0.656945 0.609733 0.559691 0.50646 0.449575 0.38842 0.322165 0.249643 0.169167 0.0781769 -0.0273365 -0.153464 -0.306343 -0.468932 nan nan nan -1.72273 -1.87714 -2.00471 -2.08591 -2.13431 -2.16091 -2.17277 -2.17444 -2.16895 -2.15839 -2.14422 -2.12749 -2.10898 -2.08927 -2.06879 -2.04787 -2.02677 -2.00568 -1.98478 -1.96417 -1.94397 -1.92426 -1.90509 -1.88653 -1.86861 -1.85138 -1.83485 -1.81907 -1.80403 -1.78977 -1.77629 -1.7636 -1.75171 -1.74063 -1.73035 -1.72089 -1.71223 -1.70439 -1.69735 -1.69111 -1.68568 -1.68102 -1.67713 -1.67399 -1.67157 -1.66981 -1.66868 -1.66813 nan 
nan 1.32423 1.32283 1.32011 1.31619 1.31115 1.30503 1.29787 1.28969 1.28047 1.27021 1.25891 1.24655 1.23312 1.2186 1.20297 1.18621 1.1683 1.14921 1.12893 1.10741 1.08462 1.06054 1.03512 1.00831 0.980073 0.950345 0.919066 0.886162 0.851552 0.81514 0.776813 0.73644 0.693866 0.648904 0.601329 0.550862 0.497161 0.439793 0.378208 0.311688 0.239286 0.159728 0.0712648 -0.0285211 -0.142954 -0.276382 -0.433918 -0.622404 -0.874782 -1.0948 -1.31367 -1.55908 -1.72426 -1.84718 -1.93399 -1.99263 -2.03041 -2.05294 -2.06433 -2.0675 -2.06461 -2.05722 -2.0465 -2.03333 -2.01837 -2.00214 -1.98503 -1.96738 -1.94941 -1.93134 -1.91332 -1.89549 -1.87795 -1.86079 -1.84408 -1.82787 -1.81223 -1.79719 -1.78279 -1.76905 -1.756 -1.74366 -1.73204 -1.72115 -1.71102 -1.70164 -1.69301 -1.68516 -1.67807 -1.67175 -1.66619 -1.66139 -1.65733 -1.65402 -1.65141 -1.64947 -1.64815 -1.64736 -1.647 nan 
nan 1.30416 1.30252 1.29944 1.29511 1.28965 1.28311 1.27553 1.26691 1.25723 1.24651 1.23472 1.22184 1.20787 1.19278 1.17655 1.15917 1.14059 1.12081 1.09978 1.07748 1.05386 1.02889 1.00252 0.974712 0.945396 0.914514 0.881994 0.847754 0.811702 0.773727 0.733706 0.691488 0.646901 0.599737 0.549744 0.496621 0.439996 0.37941 0.314287 0.243901 0.167324 0.0833684 -0.00949631 -0.113214 -0.230186 -0.363189 -0.515116 -0.688628 -0.884879 -1.07766 -1.26683 -1.4503 -1.59813 -1.71375 -1.80098 -1.86462 -1.90948 -1.93973 -1.95874 -1.96912 -1.97286 -1.97153 -1.96629 -1.95808 -1.94761 -1.93544 -1.92202 -1.90772 -1.89281 -1.87754 -1.86209 -1.84662 -1.83125 -1.8161 -1.80125 -1.78678 -1.77275 -1.75921 -1.74621 -1.73379 -1.72197 -1.71079 -1.70026 -1.6904 -1.68123 -1.67277 -1.66501 -1.65798 -1.65166 -1.64608 -1.64121 -1.63708 -1.63366 -1.63095 -1.62892 -1.62755 -1.62675 -1.6264 -1.62632 nan 
nan 1.2849 1.28284 1.27923 1.27438 1.26845 1.26148 1.25348 1.24443 1.23434 1.22317 1.21092 1.19757 1.1831 1.16749 1.15071 1.13275 1.11357 1.09315 1.07145 1.04844 1.02408 0.998316 0.971109 0.942403 0.912136 0.880241 0.846639 0.811242 0.77395 0.734647 0.693197 0.649445 0.603206 0.554265 0.502363 0.447193 0.388383 0.325484 0.257947 0.185104 0.106134 0.0200411 -0.0743695 -0.178485 -0.293821 -0.421829 -0.563517 -0.718688 -0.884249 -1.05026 -1.21168 -1.36276 -1.49262 -1.59932 -1.68401 -1.74928 -1.79819 -1.83372 -1.85846 -1.8746 -1.88392 -1.88783 -1.88749 -1.88379 -1.87748 -1.86913 -1.85922 -1.84813 -1.83619 -1.82364 -1.8107 -1.79756 -1.78434 -1.77119 -1.7582 -1.74546 -1.73304 -1.72102 -1.70943 -1.69834 -1.68776 -1.67775 -1.66833 -1.65952 -1.65134 -1.6438 -1.63693 -1.63073 -1.62521 -1.62038 -1.61623 -1.61278 -1.61002 -1.60795 -1.60656 -1.60583 -1.60568 -1.60597 -1.60636 nan 
nan 1.26687 1.26391 1.25943 1.25394 1.24751 1.24011 1.23171 1.22228 1.21179 1.20021 1.18754 1.17375 1.15882 1.14274 1.12547 1.10699 1.08727 1.06628 1.04398 1.02034 0.995312 0.968854 0.940912 0.911429 0.880342 0.847578 0.813057 0.776686 0.738362 0.697965 0.655358 0.610383 0.562854 0.512558 0.459244 0.402615 0.342323 0.277955 0.209024 0.134956 0.0550824 -0.0313633 -0.125229 -0.227398 -0.338679 -0.45961 -0.590115 -0.728985 -0.873154 -1.0173 -1.15674 -1.28662 -1.40163 -1.49953 -1.58029 -1.64517 -1.69603 -1.73492 -1.7638 -1.78442 -1.79829 -1.80666 -1.81059 -1.81093 -1.8084 -1.80358 -1.79695 -1.78892 -1.7798 -1.76988 -1.75938 -1.7485 -1.7374 -1.72622 -1.71506 -1.70404 -1.69323 -1.68271 -1.67254 -1.66278 -1.65346 -1.64463 -1.63632 -1.62856 -1.62138 -1.61479 -1.60882 -1.60347 -1.59875 -1.59469 -1.59128 -1.58853 -1.58644 -1.58503 -1.58431 -1.5843 -1.58499 -1.58626 -1.58762 nan 
nan 1.25096 1.24564 1.23984 1.23364 1.22676 1.21899 1.21023 1.20044 1.18959 1.17764 1.16459 1.1504 1.13506 1.11855 1.10084 1.08189 1.06169 1.0402 1.01738 0.99319 0.96759 0.940532 0.911962 0.881821 0.850044 0.816558 0.78128 0.744119 0.70497 0.663713 0.620215 0.57432 0.525852 0.474606 0.420348 0.362808 0.301673 0.236584 0.167134 0.0928614 0.0132564 -0.0722233 -0.164121 -0.26292 -0.368935 -0.482148 -0.601975 -0.726985 -0.854658 -0.981482 -1.10383 -1.21814 -1.32115 -1.41107 -1.48743 -1.55076 -1.60216 -1.64302 -1.67477 -1.69878 -1.71628 -1.72836 -1.73595 -1.73984 -1.74071 -1.73911 -1.73552 -1.73034 -1.72389 -1.71648 -1.70832 -1.69964 -1.69059 -1.68132 -1.67197 -1.66264 -1.65343 -1.6444 -1.63564 -1.6272 -1.61914 -1.61149 -1.6043 -1.5976 -1.59143 -1.58579 -1.58072 -1.57623 -1.57234 -1.56905 -1.56639 -1.56434 -1.56294 -1.56219 -1.56214 -1.56286 -1.5645 -1.5673 -1.57107 nan 
nan 1.23946 1.22705 1.21984 1.21325 1.20611 1.19807 1.18903 1.17893 1.16775 1.15547 1.14207 1.12753 1.11183 1.09494 1.07683 1.05748 1.03686 1.01494 0.991666 0.967011 0.940927 0.913366 0.884274 0.853593 0.821257 0.787193 0.75132 0.713548 0.673774 0.631885 0.587751 0.541227 0.492148 0.440327 0.385555 0.327592 0.266174 0.201003 0.131755 0.0580805 -0.0203793 -0.103974 -0.193004 -0.287662 -0.387944 -0.493531 -0.603646 -0.71692 -0.831331 -0.944334 -1.05322 -1.1554 -1.24863 -1.33151 -1.40347 -1.46466 -1.51571 -1.55754 -1.59118 -1.61767 -1.63802 -1.65313 -1.66382 -1.6708 -1.67467 -1.67598 -1.67517 -1.67262 -1.66869 -1.66363 -1.65771 -1.65112 -1.64406 -1.63666 -1.62906 -1.62139 -1.61374 -1.60619 -1.59882 -1.59169 -1.58487 -1.57841 -1.57234 -1.5667 -1.56153 -1.55685 -1.55269 -1.54907 -1.546 -1.54351 -1.54159 -1.54026 -1.53954 -1.53943 -1.53997 -1.54128 -1.54365 -1.54821 -1.55918 nan 
nan nan 1.20251 1.19843 1.19262 1.18557 1.17739 1.16812 1.15775 1.14629 1.13371 1.12001 1.10515 1.08912 1.0719 1.05346 1.03376 1.01279 0.990496 0.96685 0.941808 0.915328 0.887361 0.857853 0.826748 0.79398 0.759478 0.723166 0.684955 0.64475 0.602443 0.557914 0.511029 0.461642 0.409585 0.354678 0.29672 0.235493 0.170763 0.102287 0.0298182 -0.0468734 -0.127982 -0.213627 -0.303804 -0.398319 -0.496708 -0.598159 -0.701452 -0.804963 -0.906767 -1.00484 -1.09725 -1.18238 -1.25911 -1.3269 -1.38569 -1.43584 -1.47793 -1.51272 -1.54098 -1.56351 -1.58107 -1.59435 -1.60397 -1.61049 -1.61438 -1.61609 -1.61597 -1.61436 -1.61152 -1.60771 -1.60312 -1.59795 -1.59235 -1.58646 -1.58039 -1.57426 -1.56816 -1.56216 -1.55633 -1.55075 -1.54545 -1.54049 -1.53591 -1.53174 -1.52803 -1.52478 -1.52203 -1.5198 -1.51809 -1.51693 -1.51632 -1.51627 -1.51677 -1.51782 -1.5194 -1.52141 -1.52345 nan nan 
nan nan 1.1813 1.17797 1.17244 1.16537 1.15703 1.14754 1.13693 1.1252 1.11236 1.09838 1.08325 1.06695 1.04945 1.03072 1.01074 0.989469 0.966878 0.942929 0.917581 0.890791 0.862511 0.83269 0.801272 0.768196 0.733392 0.696789 0.658304 0.617848 0.575323 0.530619 0.48362 0.434194 0.382202 0.327489 0.269895 0.209249 0.145376 0.0781066 0.00728273 -0.0672225 -0.145484 -0.227493 -0.31312 -0.402067 -0.493817 -0.587595 -0.682345 -0.776755 -0.869334 -0.958537 -1.04291 -1.12122 -1.19259 -1.25651 -1.31285 -1.36177 -1.40366 -1.43904 -1.46851 -1.49269 -1.5122 -1.52761 -1.53948 -1.54829 -1.55448 -1.55845 -1.56054 -1.56107 -1.56029 -1.55845 -1.55576 -1.55239 -1.54851 -1.54426 -1.53975 -1.53511 -1.53041 -1.52575 -1.5212 -1.51683 -1.51268 -1.50882 -1.50529 -1.50213 -1.49937 -1.49703 -1.49516 -1.49376 -1.49285 -1.49246 -1.49257 -1.4932 -1.49434 -1.49593 -1.49788 -1.49993 -1.50147 nan nan 
nan nan 1.16262 1.15889 1.153 1.14564 1.13705 1.12731 1.11646 1.1045 1.09142 1.07721 1.06185 1.04531 1.02758 1.00862 0.988402 0.9669 0.944077 0.919897 0.89432 0.867303 0.838802 0.808767 0.777144 0.743876 0.708899 0.672144 0.633538 0.592998 0.550437 0.50576 0.458864 0.409639 0.357967 0.303728 0.246794 0.18704 0.124345 0.0586003 -0.0102781 -0.0823366 -0.157563 -0.235865 -0.317036 -0.400729 -0.486428 -0.573422 -0.660809 -0.74752 -0.83238 -0.91419 -0.991827 -1.06434 -1.131 -1.19139 -1.24531 -1.29284 -1.33421 -1.36979 -1.40003 -1.42542 -1.44645 -1.46362 -1.47738 -1.48816 -1.49637 -1.50236 -1.50645 -1.50894 -1.51007 -1.51008 -1.50916 -1.5075 -1.50526 -1.50258 -1.49957 -1.49636 -1.49303 -1.48967 -1.48637 -1.48318 -1.48018 -1.4774 -1.47491 -1.47273 -1.47092 -1.4695 -1.46849 -1.46793 -1.46783 -1.4682 -1.46906 -1.4704 -1.47222 -1.47446 -1.47706 -1.47974 -1.48184 nan nan 
nan nan 1.14681 1.14114 1.13422 1.12634 1.11743 1.10743 1.09635 1.08417 1.07089 1.05648 1.04092 1.02419 1.00628 0.987137 0.966746 0.945072 0.922082 0.89774 0.872008 0.844847 0.816211 0.786056 0.75433 0.72098 0.685948 0.649172 0.610584 0.570113 0.527682 0.483209 0.436607 0.387787 0.336655 0.283118 0.227082 0.168461 0.107181 0.0431841 -0.0235564 -0.0930263 -0.165154 -0.23979 -0.316691 -0.395494 -0.475707 -0.556695 -0.63769 -0.717814 -0.796126 -0.87168 -0.943592 -1.01111 -1.07364 -1.1308 -1.18241 -1.22847 -1.26912 -1.30462 -1.3353 -1.36155 -1.38376 -1.40233 -1.41768 -1.43016 -1.44013 -1.44791 -1.4538 -1.45807 -1.46096 -1.46268 -1.46343 -1.46338 -1.46269 -1.4615 -1.45993 -1.45809 -1.45609 -1.454 -1.45191 -1.44989 -1.44799 -1.44628 -1.44481 -1.44361 -1.44273 -1.44221 -1.44207 -1.44235 -1.44305 -1.4442 -1.44582 -1.44789 -1.45044 -1.45345 -1.45694 -1.46096 -1.46515 nan nan 
nan nan 1.13577 1.12381 1.1156 1.10729 1.0981 1.08787 1.07658 1.06421 1.05074 1.03617 1.02046 1.00359 0.98554 0.966271 0.945758 0.923971 0.900876 0.876439 0.850624 0.823394 0.794706 0.764519 0.732786 0.699457 0.664481 0.627802 0.58936 0.549095 0.506939 0.462825 0.416683 0.368441 0.318029 0.265377 0.210425 0.153119 0.0934212 0.0313176 -0.0331759 -0.100001 -0.169047 -0.240132 -0.312995 -0.387281 -0.462533 -0.538188 -0.613595 -0.688025 -0.760716 -0.830908 -0.897894 -0.961063 -1.01993 -1.07418 -1.1236 -1.16818 -1.20799 -1.2432 -1.27408 -1.3009 -1.324 -1.34371 -1.36037 -1.3743 -1.3858 -1.39517 -1.40267 -1.40855 -1.41304 -1.41634 -1.41864 -1.4201 -1.42088 -1.42111 -1.42091 -1.4204 -1.41966 -1.4188 -1.41789 -1.41699 -1.41618 -1.41551 -1.41504 -1.41481 -1.41486 -1.41522 -1.41594 -1.41705 -1.41855 -1.42049 -1.42287 -1.42569 -1.42898 -1.43274 -1.43711 -1.44285 -1.45354 nan nan 
nan nan nan 1.10196 1.09627 1.08831 1.07901 1.06859 1.05712 1.04458 1.03098 1.01628 1.00046 0.983493 0.96535 0.946003 0.925422 0.903577 0.880437 0.855969 0.830139 0.802912 0.774251 0.744114 0.712462 0.679249 0.644429 0.607954 0.569773 0.529833 0.488081 0.44446 0.398917 0.351396 0.301849 0.250229 0.1965 0.140637 0.0826345 0.0225092 -0.0396907 -0.103877 -0.169912 -0.237601 -0.30668 -0.376809 -0.447572 -0.518477 -0.588964 -0.658429 -0.726243 -0.791789 -0.854491 -0.913851 -0.969468 -1.02105 -1.06843 -1.11155 -1.15045 -1.18524 -1.21612 -1.24331 -1.26707 -1.28768 -1.30542 -1.32057 -1.33339 -1.34416 -1.3531 -1.36044 -1.36639 -1.37115 -1.37488 -1.37776 -1.37991 -1.38148 -1.38259 -1.38333 -1.38382 -1.38414 -1.38436 -1.38456 -1.38481 -1.38515 -1.38566 -1.38637 -1.38732 -1.38857 -1.39014 -1.39206 -1.39437 -1.39709 -1.40023 -1.40381 -1.40783 -1.41221 -1.41673 -1.42055 nan nan nan 
nan nan nan 1.08499 1.07839 1.06989 1.06025 1.0496 1.03795 1.02528 1.01157 0.996785 0.980897 0.963875 0.945691 0.926314 0.905716 0.883868 0.86074 0.836301 0.81052 0.783365 0.754801 0.724792 0.693301 0.660289 0.625717 0.589542 0.551722 0.512214 0.470974 0.42796 0.383131 0.336449 0.287881 0.237402 0.184998 0.130666 0.0744256 0.0163172 -0.0435878 -0.105182 -0.168313 -0.232782 -0.29833 -0.364642 -0.43134 -0.497994 -0.564126 -0.629224 -0.692768 -0.754248 -0.813192 -0.869186 -0.921892 -0.97106 -1.01653 -1.05824 -1.09619 -1.13047 -1.16121 -1.18859 -1.21283 -1.23414 -1.25277 -1.26895 -1.28292 -1.2949 -1.30512 -1.31377 -1.32106 -1.32715 -1.33221 -1.3364 -1.33984 -1.34268 -1.34502 -1.34697 -1.34862 -1.35007 -1.35138 -1.35264 -1.35391 -1.35525 -1.3567 -1.35833 -1.36018 -1.36228 -1.36468 -1.36741 -1.37051 -1.37401 -1.37792 -1.38229 -1.3871 -1.39234 -1.39785 -1.40288 nan nan nan 
nan nan nan 1.07374 1.06157 1.0518 1.0417 1.03082 1.01902 1.00626 0.992488 0.977663 0.961752 0.944722 0.926542 0.907183 0.886617 0.864817 0.841755 0.817402 0.79173 0.764709 0.736309 0.706497 0.675241 0.642508 0.608264 0.572474 0.535103 0.496117 0.455483 0.41317 0.369149 0.323397 0.275897 0.22664 0.175629 0.122883 0.0684361 0.0123486 -0.0452931 -0.104369 -0.164723 -0.226155 -0.288421 -0.351227 -0.414238 -0.477074 -0.539323 -0.600553 -0.660328 -0.718222 -0.773842 -0.82684 -0.87693 -0.923895 -0.96759 -1.00794 -1.04494 -1.07865 -1.10915 -1.1366 -1.16116 -1.18301 -1.20236 -1.2194 -1.23435 -1.2474 -1.25875 -1.26858 -1.27707 -1.28438 -1.29067 -1.29608 -1.30073 -1.30475 -1.30826 -1.31135 -1.31412 -1.31664 -1.31901 -1.32129 -1.32355 -1.32584 -1.32822 -1.33075 -1.33346 -1.3364 -1.33961 -1.34313 -1.347 -1.35126 -1.35594 -1.36109 -1.36674 -1.373 -1.38029 -1.39113 nan nan nan 
nan nan nan nan 1.04156 1.03323 1.02316 1.01216 1.00029 0.987494 0.97371 0.958893 0.943005 0.926012 0.907881 0.888587 0.868101 0.846397 0.823451 0.799237 0.773729 0.7469 0.718723 0.689172 0.658217 0.625832 0.591987 0.556656 0.519809 0.481423 0.441472 0.399936 0.356798 0.312048 0.26568 0.2177 0.168127 0.116991 0.0643437 0.0102554 -0.045177 -0.101828 -0.15954 -0.218119 -0.277336 -0.336924 -0.39658 -0.455971 -0.514743 -0.572525 -0.628948 -0.683654 -0.736312 -0.786627 -0.834356 -0.879308 -0.921352 -0.960414 -0.996476 -1.02957 -1.05977 -1.08718 -1.11193 -1.13419 -1.15411 -1.17188 -1.18767 -1.20165 -1.214 -1.22488 -1.23446 -1.24289 -1.2503 -1.25684 -1.26262 -1.26775 -1.27236 -1.27653 -1.28035 -1.28391 -1.28729 -1.29055 -1.29376 -1.29698 -1.30025 -1.30364 -1.30719 -1.31095 -1.31495 -1.31924 -1.32386 -1.32886 -1.33427 -1.34017 -1.34657 -1.35345 -1.35998 nan nan nan nan 
nan nan nan nan 1.02904 1.01561 1.00474 0.993606 0.981723 0.968949 0.95521 0.940453 0.924636 0.907724 0.889688 0.870501 0.850139 0.828577 0.805794 0.781767 0.756472 0.729888 0.70199 0.672756 0.642161 0.610184 0.576802 0.541992 0.505734 0.468011 0.428807 0.38811 0.345913 0.302216 0.257025 0.210358 0.162243 0.112724 0.0618601 0.00973091 -0.0435613 -0.0978893 -0.153098 -0.209003 -0.265391 -0.322019 -0.378615 -0.434887 -0.490527 -0.545217 -0.598641 -0.650495 -0.700497 -0.748397 -0.793984 -0.837091 -0.877599 -0.915438 -0.950581 -0.983045 -1.01288 -1.04018 -1.06504 -1.08759 -1.10797 -1.12634 -1.14284 -1.15763 -1.17086 -1.18269 -1.19325 -1.20269 -1.21114 -1.21871 -1.22554 -1.23172 -1.23736 -1.24255 -1.24738 -1.25192 -1.25626 -1.26046 -1.26458 -1.26869 -1.27283 -1.27706 -1.28143 -1.28597 -1.29073 -1.29576 -1.30109 -1.30679 -1.31291 -1.31951 -1.32674 -1.33504 -1.34706 nan nan nan nan 
nan nan nan nan nan 0.994661 0.985788 0.975016 0.963267 0.950602 0.936972 0.922327 0.906628 0.889841 0.87194 0.852901 0.832703 0.811325 0.788747 0.764951 0.739916 0.713623 0.686052 0.657186 0.627003 0.595487 0.56262 0.528386 0.492771 0.455764 0.417357 0.377546 0.336333 0.293726 0.249741 0.204404 0.157753 0.109839 0.0607286 0.0105057 -0.0407249 -0.0928369 -0.145681 -0.199082 -0.252844 -0.306745 -0.360543 -0.413981 -0.466787 -0.518688 -0.569413 -0.6187 -0.666307 -0.712021 -0.755657 -0.797069 -0.83615 -0.872831 -0.907083 -0.938911 -0.968354 -0.995474 -1.02036 -1.04311 -1.06386 -1.08272 -1.09982 -1.11531 -1.12932 -1.14199 -1.15344 -1.1638 -1.17319 -1.18173 -1.18953 -1.19668 -1.20329 -1.20944 -1.21522 -1.2207 -1.22596 -1.23106 -1.23606 -1.24102 -1.246 -1.25104 -1.25618 -1.26148 -1.26698 -1.27271 -1.27873 -1.28508 -1.29183 -1.29902 -1.30661 -1.3137 nan nan nan nan nan 
nan nan nan nan nan 0.981751 0.967939 0.956618 0.944949 0.932447 0.918985 0.904504 0.888966 0.872344 0.854616 0.835762 0.815764 0.794607 0.772273 0.748747 0.724012 0.698053 0.670853 0.642398 0.612673 0.581663 0.549357 0.515744 0.480816 0.444567 0.406996 0.368106 0.327907 0.286414 0.24365 0.199648 0.154452 0.10812 0.060721 0.0123432 -0.0369095 -0.0869137 -0.137527 -0.188586 -0.239908 -0.291294 -0.342526 -0.393377 -0.443608 -0.492983 -0.541265 -0.588229 -0.633667 -0.677392 -0.719244 -0.759095 -0.796846 -0.832434 -0.865827 -0.897022 -0.926046 -0.952948 -0.977798 -1.00068 -1.0217 -1.04096 -1.05858 -1.07468 -1.08937 -1.10279 -1.11503 -1.12623 -1.13649 -1.14592 -1.15461 -1.16267 -1.17019 -1.17724 -1.18392 -1.19029 -1.19642 -1.20238 -1.20823 -1.21401 -1.21979 -1.2256 -1.2315 -1.23753 -1.24372 -1.25013 -1.25678 -1.26375 -1.27108 -1.27893 -1.28777 -1.30028 nan nan nan nan nan 
nan nan nan nan nan nan 0.946843 0.937784 0.926682 0.914477 0.901251 0.88698 0.871641 0.855218 0.837695 0.819057 0.799293 0.778389 0.756333 0.733112 0.708713 0.683125 0.656334 0.628329 0.599099 0.568635 0.536928 0.503972 0.469766 0.434308 0.397603 0.35966 0.320494 0.280126 0.238587 0.195913 0.152154 0.107371 0.0616354 0.015036 -0.0323248 -0.0803283 -0.128839 -0.177706 -0.22676 -0.275821 -0.324694 -0.373176 -0.421059 -0.468133 -0.514195 -0.559047 -0.602509 -0.644418 -0.684634 -0.723042 -0.759554 -0.79411 -0.826677 -0.857249 -0.885841 -0.912492 -0.937259 -0.960212 -0.981436 -1.00102 -1.01907 -1.03569 -1.05099 -1.06506 -1.07803 -1.08998 -1.10103 -1.11127 -1.1208 -1.12971 -1.13807 -1.14598 -1.1535 -1.16071 -1.16768 -1.17446 -1.18111 -1.18768 -1.19423 -1.20079 -1.20742 -1.21415 -1.22101 -1.22805 -1.2353 -1.24281 -1.25061 -1.25864 -1.26601 nan nan nan nan nan nan 
nan nan nan nan nan nan 0.93397 0.920196 0.908728 0.896749 0.883786 0.869757 0.854646 0.838449 0.821157 0.802763 0.783259 0.762637 0.740888 0.718002 0.693971 0.668785 0.642436 0.614914 0.586213 0.556326 0.525249 0.492981 0.459524 0.424881 0.389063 0.352082 0.31396 0.274721 0.234401 0.19304 0.150692 0.107418 0.0632925 0.0184023 -0.0271529 -0.0732596 -0.11979 -0.166604 -0.213548 -0.260455 -0.307153 -0.35346 -0.399191 -0.444164 -0.488198 -0.531122 -0.572778 -0.613022 -0.651731 -0.688802 -0.724157 -0.757739 -0.789516 -0.819476 -0.84763 -0.874007 -0.898652 -0.921624 -0.942995 -0.962842 -0.981255 -0.998323 -1.01414 -1.0288 -1.04241 -1.05505 -1.06682 -1.07782 -1.08811 -1.0978 -1.10696 -1.11567 -1.12399 -1.132 -1.13975 -1.14731 -1.15473 -1.16206 -1.16935 -1.17664 -1.18397 -1.19137 -1.19887 -1.20652 -1.21433 -1.22236 -1.23069 -1.23981 -1.25246 nan nan nan nan nan nan 
nan nan nan nan nan nan nan 0.899537 0.8905 0.879216 0.866608 0.852844 0.837977 0.822022 0.804981 0.786852 0.767631 0.747314 0.725897 0.703372 0.679736 0.65498 0.6291 0.60209 0.573944 0.544661 0.51424 0.482683 0.449995 0.416185 0.381267 0.345257 0.308181 0.270067 0.230953 0.190884 0.149914 0.108106 0.0655341 0.0222826 -0.0215521 -0.065862 -0.110528 -0.155419 -0.200394 -0.245303 -0.289991 -0.334293 -0.378048 -0.421093 -0.463269 -0.504425 -0.544422 -0.583134 -0.620451 -0.656283 -0.690556 -0.723218 -0.754238 -0.783603 -0.811318 -0.837404 -0.861898 -0.884848 -0.906315 -0.926367 -0.94508 -0.962532 -0.978809 -0.993995 -1.00818 -1.02144 -1.03387 -1.04555 -1.05656 -1.06697 -1.07687 -1.08633 -1.0954 -1.10416 -1.11267 -1.12097 -1.12913 -1.13719 -1.14519 -1.15317 -1.16117 -1.16923 -1.17736 -1.18559 -1.19394 -1.20237 -1.21076 -1.21822 nan nan nan nan nan nan nan 
nan nan nan nan nan nan nan 0.887076 0.873709 0.862211 0.849796 0.836255 0.821625 0.805922 0.789147 0.771299 0.752378 0.732385 0.711319 0.689178 0.665958 0.641657 0.61627 0.589794 0.562227 0.533569 0.503823 0.472994 0.441091 0.408125 0.374113 0.339076 0.303042 0.266043 0.228118 0.189314 0.149685 0.109297 0.0682197 0.0265368 -0.01566 -0.0582685 -0.101177 -0.144265 -0.187403 -0.230455 -0.273279 -0.315731 -0.357663 -0.398933 -0.439399 -0.478929 -0.517398 -0.554696 -0.590724 -0.6254 -0.65866 -0.690454 -0.720752 -0.749539 -0.776817 -0.802601 -0.82692 -0.849816 -0.871339 -0.891548 -0.910507 -0.928288 -0.944964 -0.960612 -0.975309 -0.989133 -1.00216 -1.01447 -1.02614 -1.03723 -1.04782 -1.05797 -1.06775 -1.07722 -1.08644 -1.09546 -1.10432 -1.11308 -1.12177 -1.13042 -1.13908 -1.14776 -1.15651 -1.16533 -1.17425 -1.18324 -1.19255 -1.20493 nan nan nan nan nan nan nan 
nan nan nan nan nan nan nan nan 0.854268 0.84532 0.833317 0.819968 0.805569 0.790128 0.77363 0.756074 0.737466 0.71781 0.697112 0.675372 0.652589 0.628761 0.603887 0.577965 0.550995 0.52298 0.493924 0.463836 0.432725 0.400609 0.367505 0.333438 0.298437 0.262537 0.225778 0.188209 0.149883 0.110865 0.0712252 0.031042 -0.00959655 -0.0505943 -0.0918469 -0.133243 -0.174663 -0.215985 -0.257078 -0.297815 -0.338062 -0.377693 -0.416581 -0.454609 -0.491667 -0.527654 -0.562485 -0.596085 -0.628394 -0.659367 -0.688975 -0.717203 -0.744049 -0.769524 -0.793652 -0.816467 -0.838011 -0.858335 -0.877496 -0.895555 -0.912579 -0.928635 -0.943793 -0.958124 -0.971697 -0.984584 -0.996852 -1.00857 -1.0198 -1.03061 -1.04106 -1.0512 -1.06109 -1.07079 -1.08033 -1.08976 -1.09911 -1.10842 -1.11771 -1.12701 -1.13635 -1.14576 -1.15527 -1.16458 -1.17204 nan nan nan nan nan nan nan nan 
nan nan nan nan nan nan nan nan 0.842921 0.830655 0.817381 0.80394 0.789772 0.774617 0.758408 0.74115 0.72286 0.703551 0.683232 0.661907 0.639577 0.61624 0.591896 0.566544 0.540186 0.512826 0.484471 0.455131 0.424819 0.393553 0.361354 0.328249 0.294268 0.259447 0.223829 0.187461 0.150399 0.112702 0.0744407 0.03569 -0.00346661 -0.0429389 -0.0826298 -0.122436 -0.162248 -0.201955 -0.241438 -0.280581 -0.319266 -0.357379 -0.394806 -0.431444 -0.467192 -0.501964 -0.535679 -0.568272 -0.599687 -0.629884 -0.658835 -0.686522 -0.712943 -0.738106 -0.762029 -0.784741 -0.806277 -0.826682 -0.846005 -0.8643 -0.881625 -0.898041 -0.913611 -0.928398 -0.942467 -0.955882 -0.968707 -0.981003 -0.992831 -1.00425 -1.01532 -1.0261 -1.03663 -1.04697 -1.05716 -1.06724 -1.07724 -1.08719 -1.0971 -1.10699 -1.11689 -1.1269 -1.13728 -1.14858 -1.15985 nan nan nan nan nan nan nan nan 
nan nan nan nan nan nan nan nan nan 0.816177 0.800813 0.787844 0.774175 0.759377 0.743466 0.7265 0.708524 0.689564 0.669633 0.648736 0.626872 0.604041 0.580242 0.555473 0.529739 0.503044 0.475396 0.446808 0.417295 0.386877 0.355576 0.323421 0.290444 0.256681 0.222175 0.186974 0.151132 0.114708 0.0777687 0.0403858 0.00263833 -0.0353891 -0.073606 -0.111917 -0.150222 -0.188418 -0.226399 -0.264059 -0.301292 -0.337994 -0.374066 -0.409412 -0.443944 -0.477582 -0.510257 -0.541906 -0.572481 -0.601943 -0.630264 -0.65743 -0.683436 -0.708285 -0.731994 -0.754585 -0.77609 -0.796546 -0.815996 -0.834488 -0.852073 -0.868806 -0.884744 -0.899943 -0.914463 -0.928361 -0.941696 -0.954526 -0.966909 -0.9789 -0.990555 -1.00193 -1.01306 -1.02402 -1.03483 -1.04553 -1.05617 -1.06675 -1.07727 -1.08774 -1.09812 -1.10844 -1.11919 -1.13344 nan nan nan nan nan nan nan nan nan 
nan nan nan nan nan nan nan nan nan nan 0.781092 0.771648 0.758909 0.744464 0.728799 0.712092 0.694416 0.675804 0.656267 0.635808 0.614425 0.592113 0.568871 0.544698 0.519596 0.493572 0.466636 0.438801 0.410084 0.380507 0.350095 0.318875 0.286882 0.254153 0.22073 0.18666 0.151996 0.116796 0.0811229 0.0450455 0.00863815 -0.0280199 -0.0648446 -0.101748 -0.138637 -0.175418 -0.211995 -0.248271 -0.284151 -0.319541 -0.35435 -0.388494 -0.421892 -0.454473 -0.486174 -0.516937 -0.546719 -0.575484 -0.603206 -0.629869 -0.655468 -0.680005 -0.703493 -0.72595 -0.747403 -0.767884 -0.787431 -0.806087 -0.823897 -0.840909 -0.857174 -0.872744 -0.887672 -0.902011 -0.915816 -0.929139 -0.942035 -0.954556 -0.966755 -0.978683 -0.990391 -1.00193 -1.01333 -1.02465 -1.03591 -1.04713 -1.05829 -1.06937 -1.0802 -1.09035 -1.09834 nan nan nan nan nan nan nan nan nan nan 
nan nan nan nan nan nan nan nan nan nan 0.769963 0.757914 0.744537 0.729975 0.714392 0.697879 0.680481 0.662214 0.643079 0.623072 0.602183 0.580406 0.557733 0.534165 0.509703 0.484354 0.45813 0.431046 0.40312 0.374375 0.344837 0.314536 0.283506 0.251784 0.219413 0.186438 0.152911 0.118887 0.0844266 0.0495953 0.0144627 -0.020897 -0.0564055 -0.0919812 -0.127539 -0.162994 -0.198256 -0.233239 -0.267855 -0.302019 -0.335651 -0.368672 -0.401011 -0.432604 -0.46339 -0.493321 -0.522355 -0.550458 -0.577607 -0.603786 -0.628988 -0.653215 -0.676477 -0.698788 -0.720172 -0.740657 -0.760276 -0.779066 -0.797068 -0.814324 -0.830881 -0.846784 -0.862083 -0.876825 -0.891061 -0.904838 -0.918208 -0.93122 -0.943924 -0.956372 -0.968613 -0.980698 -0.992674 -1.00458 -1.01646 -1.02833 -1.0402 -1.05203 -1.06377 -1.07525 -1.08633 nan nan nan nan nan nan nan nan nan nan 
nan nan nan nan nan nan nan nan nan nan nan 0.744673 0.730534 0.715707 0.700125 0.683774 0.666646 0.648731 0.630013 0.610474 0.590098 0.56887 0.546781 0.523826 0.500009 0.475338 0.449824 0.423485 0.396341 0.368416 0.339737 0.310336 0.280246 0.249504 0.218153 0.186237 0.153805 0.120911 0.087612 0.05397 0.0200505 -0.0140773 -0.0483405 -0.0826635 -0.116968 -0.151175 -0.185205 -0.218975 -0.252409 -0.285428 -0.317958 -0.34993 -0.381278 -0.411942 -0.441871 -0.471017 -0.499343 -0.526817 -0.553418 -0.57913 -0.603947 -0.627867 -0.650899 -0.673056 -0.694358 -0.714828 -0.734495 -0.753394 -0.771559 -0.78903 -0.805846 -0.82205 -0.837685 -0.852794 -0.867424 -0.881619 -0.895425 -0.908889 -0.922061 -0.934988 -0.947725 -0.960322 -0.972833 -0.985307 -0.99779 -1.01032 -1.02292 -1.03561 -1.04841 -1.06138 nan nan nan nan nan nan nan nan nan nan nan 
nan nan nan nan nan nan nan nan nan nan nan nan 0.716408 0.701394 0.685837 0.669663 0.652825 0.635284 0.617008 0.597963 0.578123 0.557463 0.53597 0.513637 0.490468 0.466473 0.441665 0.416063 0.38969 0.362571 0.334735 0.306212 0.277037 0.247248 0.216885 0.185991 0.154614 0.122806 0.0906188 0.0581123 0.0253476 -0.0076105 -0.0406943 -0.0738337 -0.106957 -0.13999 -0.172861 -0.205495 -0.237819 -0.269765 -0.301263 -0.332251 -0.362669 -0.392462 -0.421583 -0.449988 -0.477644 -0.504521 -0.530597 -0.55586 -0.5803 -0.603918 -0.626719 -0.648714 -0.669921 -0.69036 -0.710057 -0.729041 -0.747345 -0.765002 -0.782049 -0.798523 -0.814463 -0.829909 -0.8449 -0.859478 -0.873685 -0.887565 -0.901163 -0.91453 -0.927717 -0.940783 -0.953789 -0.966793 -0.979853 -0.993021 -1.00635 -1.01988 -1.0337 nan nan nan nan nan nan nan nan nan nan nan nan 
nan nan nan nan nan nan nan nan nan nan nan nan nan 0.686827 0.671376 0.655432 0.638926 0.6218 0.604004 0.585489 0.566214 0.546145 0.525262 0.503559 0.481039 0.457716 0.433606 0.408731 0.383115 0.356786 0.329771 0.302105 0.273821 0.244956 0.215549 0.185643 0.155282 0.124515 0.0933933 0.0619714 0.0303068 -0.00153977 -0.0335055 -0.0655254 -0.097533 -0.129461 -0.161241 -0.192806 -0.224089 -0.255027 -0.285557 -0.315621 -0.345165 -0.374138 -0.402497 -0.430203 -0.457222 -0.48353 -0.509104 -0.533933 -0.558008 -0.581327 -0.603896 -0.625724 -0.646826 -0.66722 -0.686929 -0.705979 -0.724399 -0.742219 -0.759472 -0.77619 -0.792407 -0.808159 -0.823482 -0.838412 -0.852986 -0.867246 -0.881232 -0.894993 -0.908583 -0.922065 -0.935512 -0.948996 -0.962587 -0.976353 -0.99036 -1.00468 nan nan nan nan nan nan nan nan nan nan nan nan nan 
nan nan nan nan nan nan nan nan nan nan nan nan nan nan 0.656618 0.640979 0.624866 0.608209 0.590944 0.573006 0.554336 0.534887 0.514629 0.493558 0.471686 0.449027 0.425605 0.401443 0.376568 0.351008 0.324796 0.297962 0.270543 0.242573 0.214092 0.185138 0.155756 0.12599 0.0958883 0.0655027 0.034887 0.00409733 -0.0268075 -0.0577673 -0.0887205 -0.119605 -0.150357 -0.180916 -0.211221 -0.241211 -0.270831 -0.300026 -0.328747 -0.356948 -0.384587 -0.41163 -0.438046 -0.463809 -0.488903 -0.513313 -0.537032 -0.560058 -0.582395 -0.60405 -0.625038 -0.645375 -0.665081 -0.684179 -0.702696 -0.720658 -0.738093 -0.755032 -0.771503 -0.787537 -0.803165 -0.818418 -0.833331 -0.847937 -0.862272 -0.87638 -0.890315 -0.90415 -0.917972 -0.93187 -0.945931 -0.960234 -0.974856 nan nan nan nan nan nan nan nan nan nan nan nan nan nan 
nan nan nan nan nan nan nan nan nan nan nan nan nan nan nan 0.626211 0.610562 0.594443 0.577776 0.560478 0.542467 0.52367 0.50405 0.483611 0.462376 0.440371 0.417622 0.394156 0.370002 0.345192 0.319758 0.293733 0.267152 0.24005 0.212463 0.18443 0.155989 0.127185 0.0980617 0.0686673 0.0390519 0.00926835 -0.0206289 -0.0505839 -0.0805393 -0.110438 -0.140221 -0.169832 -0.199214 -0.228312 -0.257075 -0.285452 -0.313398 -0.340869 -0.367828 -0.394242 -0.420084 -0.445329 -0.46996 -0.493966 -0.517338 -0.540075 -0.56218 -0.583659 -0.604525 -0.624794 -0.644483 -0.663614 -0.68221 -0.700295 -0.717895 -0.735035 -0.751739 -0.768033 -0.783944 -0.799498 -0.814722 -0.829646 -0.844297 -0.858704 -0.872917 -0.887023 -0.901133 -0.915364 -0.929818 -0.944585 nan nan nan nan nan nan nan nan nan nan nan nan nan nan nan 
nan nan nan nan nan nan nan nan nan nan nan nan nan nan nan nan 0.595941 0.580436 0.564449 0.547877 0.5306 0.512502 0.493522 0.473699 0.453085 0.431716 0.409621 0.386831 0.363376 0.339292 0.314612 0.289371 0.263602 0.23734 0.210618 0.183473 0.155941 0.128062 0.0998767 0.0714307 0.0427705 0.0139453 -0.0149941 -0.0439956 -0.073006 -0.101972 -0.130839 -0.159555 -0.188068 -0.216326 -0.244282 -0.271888 -0.299101 -0.325883 -0.352198 -0.378015 -0.403309 -0.428058 -0.452246 -0.47586 -0.498895 -0.521347 -0.54322 -0.56452 -0.585257 -0.605446 -0.625106 -0.644255 -0.662915 -0.681108 -0.698856 -0.71618 -0.733102 -0.74964 -0.765815 -0.781649 -0.797166 -0.812388 -0.827331 -0.841997 -0.856405 -0.870672 -0.884959 -0.89942 -0.914179 nan nan nan nan nan nan nan nan nan nan nan nan nan nan nan nan 
nan nan nan nan nan nan nan nan nan nan nan nan nan nan nan nan nan 0.566118 0.550913 0.535186 0.518762 0.50143 0.483057 0.463807 0.443787 0.423032 0.40157 0.379431 0.356651 0.333266 0.309314 0.284831 0.259848 0.234399 0.208515 0.182229 0.155573 0.128584 0.101301 0.0737633 0.0460159 0.0181044 -0.00992377 -0.0380197 -0.0661339 -0.0942168 -0.122219 -0.15009 -0.177782 -0.205248 -0.232442 -0.25932 -0.285842 -0.311972 -0.337676 -0.362926 -0.387698 -0.411972 -0.435732 -0.458968 -0.481674 -0.503845 -0.525486 -0.546601 -0.567203 -0.587303 -0.606921 -0.626075 -0.644785 -0.663072 -0.680955 -0.698452 -0.715578 -0.732348 -0.748775 -0.764874 -0.780669 -0.79618 -0.811419 -0.826332 -0.840822 -0.85509 -0.869403 -0.88397 nan nan nan nan nan nan nan nan nan nan nan nan nan nan nan nan nan 
nan nan nan nan nan nan nan nan nan nan nan nan nan nan nan nan nan nan 0.537096 0.522387 0.507029 0.490599 0.472679 0.453906 0.43445 0.41429 0.393438 0.371923 0.349787 0.327073 0.303821 0.280068 0.255847 0.231187 0.206116 0.180661 0.154853 0.128723 0.102306 0.0756398 0.0487652 0.0217253 -0.00543506 -0.0326702 -0.059934 -0.0871802 -0.114363 -0.141435 -0.168353 -0.195071 -0.221546 -0.247737 -0.273607 -0.299119 -0.324244 -0.348954 -0.373227 -0.397045 -0.420394 -0.443264 -0.465647 -0.487542 -0.50895 -0.529877 -0.550334 -0.570336 -0.589899 -0.609044 -0.627791 -0.64616 -0.664168 -0.68183 -0.699155 -0.71615 -0.73282 -0.749172 -0.765227 -0.781024 -0.796622 -0.811888 -0.82626 -0.840262 -0.854388 nan nan nan nan nan nan nan nan nan nan nan nan nan nan nan nan nan nan 
nan nan nan nan nan nan nan nan nan nan nan nan nan nan nan nan nan nan nan 0.509419 0.495549 0.480448 0.462359 0.443901 0.425034 0.405465 0.385203 0.364276 0.342748 0.32067 0.298088 0.275041 0.251557 0.227664 0.203383 0.178738 0.153751 0.128451 0.102869 0.0770387 0.0509993 0.0247914 -0.00154227 -0.0279585 -0.0544142 -0.0808667 -0.107273 -0.133591 -0.159777 -0.18579 -0.211587 -0.23713 -0.262383 -0.28731 -0.311885 -0.33608 -0.359876 -0.383256 -0.406208 -0.428722 -0.450791 -0.472412 -0.493587 -0.514321 -0.534626 -0.554516 -0.574011 -0.593133 -0.611903 -0.630343 -0.648469 -0.666292 -0.683817 -0.701039 -0.717952 -0.734542 -0.750828 -0.766857 -0.782953 -0.799148 -0.812882 -0.826123 nan nan nan nan nan nan nan nan nan nan nan nan nan nan nan nan nan nan nan 
nan nan nan nan nan nan nan nan nan nan nan nan nan nan nan nan nan nan nan nan 0.484463 0.472456 0.45161 0.433513 0.41553 0.396551 0.376855 0.356461 0.335496 0.314013 0.292071 0.269702 0.246937 0.223792 0.200285 0.176429 0.152242 0.127747 0.10297 0.0779431 0.0527027 0.0272888 0.00174289 -0.0238936 -0.0495806 -0.0752791 -0.10095 -0.126553 -0.152049 -0.177397 -0.202556 -0.227489 -0.252159 -0.276533 -0.300584 -0.324288 -0.347626 -0.370585 -0.393153 -0.415322 -0.437084 -0.458435 -0.479375 -0.49991 -0.520052 -0.539817 -0.559227 -0.578308 -0.597087 -0.615586 -0.633825 -0.651811 -0.669546 -0.68701 -0.704189 -0.721 -0.737479 -0.753416 -0.769983 -0.789704 -0.800833 nan nan nan nan nan nan nan nan nan nan nan nan nan nan nan nan nan nan nan nan 
nan nan nan nan nan nan nan nan nan nan nan nan nan nan nan nan nan nan nan nan nan nan 0.437356 0.422215 0.406221 0.387559 0.368422 0.348441 0.327988 0.307051 0.285716 0.264004 0.24194 0.219534 0.19679 0.173711 0.150307 0.126593 0.102595 0.0783403 0.0538636 0.0292061 0.00441058 -0.0204827 -0.045437 -0.070418 -0.0953906 -0.120319 -0.145163 -0.169886 -0.194445 -0.218804 -0.242925 -0.266776 -0.290329 -0.313562 -0.33646 -0.359011 -0.381208 -0.403043 -0.424506 -0.445591 -0.466295 -0.486623 -0.506589 -0.526212 -0.545517 -0.564535 -0.583302 -0.601847 -0.620195 -0.638349 -0.656319 -0.674048 -0.69158 -0.708586 -0.725476 -0.740141 -0.75462 nan nan nan nan nan nan nan nan nan nan nan nan nan nan nan nan nan nan nan nan nan nan 
nan nan nan nan nan nan nan nan nan nan nan nan nan nan nan nan nan nan nan nan nan nan nan 0.410944 0.398754 0.378248 0.360039 0.340108 0.320187 0.299712 0.278967 0.257889 0.236522 0.214852 0.192872 0.170565 0.147929 0.12498 0.101737 0.0782232 0.0544734 0.0305334 0.00645156 -0.0177319 -0.0419853 -0.066281 -0.0905898 -0.114879 -0.139111 -0.163247 -0.187246 -0.211068 -0.234674 -0.258031 -0.28111 -0.303891 -0.326362 -0.348517 -0.370353 -0.391865 -0.413042 -0.433868 -0.454334 -0.474445 -0.49422 -0.51368 -0.53285 -0.551774 -0.570502 -0.589073 -0.607529 -0.625848 -0.644115 -0.662068 -0.680297 -0.697088 -0.716528 -0.727876 nan nan nan nan nan nan nan nan nan nan nan nan nan nan nan nan nan nan nan nan nan nan nan 
nan nan nan nan nan nan nan nan nan nan nan nan nan nan nan nan nan nan nan nan nan nan nan nan nan 0.365865 0.352574 0.330983 0.312153 0.291862 0.271773 0.251285 0.230631 0.209708 0.18851 0.166982 0.145102 0.122902 0.100395 0.0775918 0.0545271 0.03126 0.00785469 -0.0156476 -0.0392254 -0.0628625 -0.0865382 -0.110223 -0.133882 -0.157472 -0.180951 -0.204275 -0.227402 -0.250294 -0.272922 -0.295266 -0.317318 -0.339081 -0.360564 -0.381768 -0.402678 -0.423257 -0.443483 -0.463363 -0.482928 -0.502204 -0.5212 -0.539979 -0.558632 -0.577191 -0.59578 -0.614179 -0.633012 -0.650601 -0.671259 -0.68372 nan nan nan nan nan nan nan nan nan nan nan nan nan nan nan nan nan nan nan nan nan nan nan nan nan 
nan nan nan nan nan nan nan nan nan nan nan nan nan nan nan nan nan nan nan nan nan nan nan nan nan nan nan 0.318335 0.304783 0.283029 0.264191 0.244061 0.224222 0.204053 0.183696 0.16297 0.141819 0.120359 0.0985811 0.0764594 0.0540244 0.0313693 0.00860172 -0.0142386 -0.0371544 -0.0601514 -0.0832209 -0.106337 -0.129462 -0.15255 -0.175553 -0.198421 -0.221107 -0.243566 -0.265765 -0.287682 -0.309315 -0.330681 -0.351811 -0.372726 -0.393407 -0.413766 -0.433749 -0.45337 -0.472701 -0.491786 -0.510548 -0.529093 -0.547639 -0.56606 -0.585008 -0.602857 -0.623954 -0.636826 nan nan nan nan nan nan nan nan nan nan nan nan nan nan nan nan nan nan nan nan nan nan nan nan nan nan nan 
nan nan nan nan nan nan nan nan nan nan nan nan nan nan nan nan nan nan nan nan nan nan nan nan nan nan nan nan nan 0.270518 0.257101 0.235756 0.217349 0.197792 0.178457 0.15859 0.13806 0.11735 0.0963319 0.0748658 0.0529718 0.0308237 0.00865606 -0.013518 -0.0357636 -0.058127 -0.0806137 -0.103197 -0.125832 -0.148465 -0.171041 -0.193504 -0.215795 -0.237858 -0.25965 -0.281146 -0.302346 -0.323286 -0.34404 -0.364691 -0.385231 -0.405431 -0.425159 -0.444453 -0.463509 -0.482482 -0.500908 -0.518998 -0.537562 -0.555188 -0.576135 -0.589045 nan nan nan nan nan nan nan nan nan nan nan nan nan nan nan nan nan nan nan nan nan nan nan nan nan nan nan nan nan 
nan nan nan nan nan nan nan nan nan nan nan nan nan nan nan nan nan nan nan nan nan nan nan nan nan nan nan nan nan nan nan 0.223741 0.210814 0.190504 0.172943 0.154069 0.133684 0.113854 0.09374 0.0729157 0.0513943 0.0295211 0.00793989 -0.0135019 -0.0350292 -0.0567507 -0.0786782 -0.100771 -0.122967 -0.1452 -0.167407 -0.189526 -0.211478 -0.233191 -0.254605 -0.275683 -0.296416 -0.316857 -0.337153 -0.357549 -0.378178 -0.398359 -0.417798 -0.436574 -0.455198 -0.474528 -0.49241 -0.509228 -0.529233 -0.541757 nan nan nan nan nan nan nan nan nan nan nan nan nan nan nan nan nan nan nan nan nan nan nan nan nan nan nan nan nan nan nan 
nan nan nan nan nan nan nan nan nan nan nan nan nan nan nan nan nan nan nan nan nan nan nan nan nan nan nan nan nan nan nan nan nan 0.17967 0.167913 0.150248 0.127951 0.109834 0.0910548 0.0708698 0.0493847 0.0271431 0.00629653 -0.0141891 -0.034887 -0.055951 -0.077356 -0.0990177 -0.12084 -0.142735 -0.164633 -0.186488 -0.208177 -0.229602 -0.250683 -0.271352 -0.29157 -0.311367 -0.330957 -0.350958 -0.372365 -0.39283 -0.411909 -0.429656 -0.446985 -0.468836 -0.485808 -0.497058 nan nan nan nan nan nan nan nan nan nan nan nan nan nan nan nan nan nan nan nan nan nan nan nan nan nan nan nan nan nan nan nan nan 
nan nan nan nan nan nan nan nan nan nan nan nan nan nan nan nan nan nan nan nan nan nan nan nan nan nan nan nan nan nan nan nan nan nan nan nan 0.117261 0.105646 0.0889555 0.0693254 0.0473508 0.022588 0.00349174 -0.0154678 -0.0351778 -0.0556034 -0.0765648 -0.097887 -0.119422 -0.141047 -0.162684 -0.184396 -0.205924 -0.227148 -0.247966 -0.268274 -0.287952 -0.306891 -0.325152 -0.343745 -0.368282 -0.389494 -0.408181 -0.423991 -0.435028 nan nan nan nan nan nan nan nan nan nan nan nan nan nan nan nan nan nan nan nan nan nan nan nan nan nan nan nan nan nan nan nan nan nan nan nan 
nan nan nan nan nan nan nan nan nan nan nan nan nan nan nan nan nan nan nan nan nan nan nan nan nan nan nan nan nan nan nan nan nan nan nan nan nan nan nan nan nan 0.0116176 -0.000274013 -0.0168196 -0.0355653 -0.0555225 -0.0762073 -0.0973335 -0.118699 -0.140133 -0.161443 -0.183273 -0.204766 -0.225893 -0.246563 -0.266637 -0.285893 -0.303922 -0.319839 -0.331334 nan nan nan nan nan nan nan nan nan nan nan nan nan nan nan nan nan nan nan nan nan nan nan nan nan nan nan nan nan nan nan nan nan nan nan nan nan nan nan nan nan 
nan nan nan nan nan nan nan nan nan nan nan nan nan nan nan nan nan nan nan nan nan nan nan nan nan nan nan nan nan nan nan nan nan nan nan nan nan nan nan nan nan nan nan nan nan nan nan nan nan nan -0.16047 nan nan nan nan nan nan nan nan nan nan nan nan nan nan nan nan nan nan nan nan nan nan nan nan nan nan nan nan nan nan nan nan nan nan nan nan nan nan nan nan nan nan nan nan nan nan nan nan nan nan 
