nan nan nan nan nan nan nan nan nan nan nan nan nan nan nan nan nan nan nan nan nan nan nan nan nan nan nan nan nan nan nan nan nan nan nan nan nan nan nan nan nan nan nan nan nan nan nan nan nan nan 1.34686 nan nan nan nan nan nan nan nan nan nan nan nan nan nan nan nan nan nan nan nan nan nan nan nan nan nan nan nan nan nan nan nan nan nan nan nan nan nan nan nan nan nan nan nan nan nan nan nan nan nan 
nan nan nan nan nan nan nan nan nan nan nan nan nan nan nan nan nan nan nan nan nan nan nan nan nan nan nan nan nan nan nan nan nan nan nan nan nan nan nan nan nan 1.17593 1.18745 1.20339 1.22145 1.24074 1.26084 1.28153 1.30267 1.32416 1.34597 1.36731 1.38875 1.4101 1.43121 1.45187 1.4718 1.49051 1.50703 1.5189 nan nan nan nan nan nan nan nan nan nan nan nan nan nan nan nan nan nan nan nan nan nan nan nan nan nan nan nan nan nan nan nan nan nan nan nan nan nan nan nan nan 
nan nan nan nan nan nan nan nan nan nan nan nan nan nan nan nan nan nan nan nan nan nan nan nan nan nan nan nan nan nan nan nan nan nan nan nan 1.07215 1.08322 1.09906 1.11779 1.13904 1.16359 1.18221 1.2005 1.21948 1.23919 1.25953 1.28037 1.30161 1.32315 1.34486 1.3665 1.38812 1.40965 1.43095 1.45188 1.47227 1.49195 1.51087 1.52994 1.55469 1.57663 1.59622 1.61287 1.62446 nan nan nan nan nan nan nan nan nan nan nan nan nan nan nan nan nan nan nan nan nan nan nan nan nan nan nan nan nan nan nan nan nan nan nan nan 
nan nan nan nan nan nan nan nan nan nan nan nan nan nan nan nan nan nan nan nan nan nan nan nan nan nan nan nan nan nan nan nan nan 1.01011 1.02138 1.03838 1.06025 1.07762 1.09542 1.11455 1.13506 1.15651 1.17656 1.1962 1.21604 1.2363 1.257 1.27811 1.29956 1.32126 1.34312 1.36501 1.3869 1.40871 1.43034 1.45171 1.47274 1.49339 1.51383 1.53464 1.55684 1.57827 1.59841 1.61714 1.63521 1.65749 1.67512 1.68685 nan nan nan nan nan nan nan nan nan nan nan nan nan nan nan nan nan nan nan nan nan nan nan nan nan nan nan nan nan nan nan nan nan 
nan nan nan nan nan nan nan nan nan nan nan nan nan nan nan nan nan nan nan nan nan nan nan nan nan nan nan nan nan nan nan 0.965437 0.97798 0.998001 1.01486 1.03279 1.05217 1.07086 1.0897 1.1092 1.12945 1.15015 1.1706 1.19096 1.21145 1.23224 1.25336 1.27481 1.29654 1.31851 1.34064 1.36284 1.38506 1.40724 1.4293 1.45118 1.47286 1.49433 1.51572 1.53724 1.55905 1.5805 1.60126 1.6213 1.64107 1.6614 1.68023 1.69775 1.71804 1.73095 nan nan nan nan nan nan nan nan nan nan nan nan nan nan nan nan nan nan nan nan nan nan nan nan nan nan nan nan nan nan nan 
nan nan nan nan nan nan nan nan nan nan nan nan nan nan nan nan nan nan nan nan nan nan nan nan nan nan nan nan nan 0.918173 0.931107 0.952074 0.969741 0.988357 1.00651 1.02501 1.04406 1.06321 1.08259 1.1024 1.12269 1.14331 1.16404 1.18487 1.20588 1.22714 1.24869 1.27052 1.29261 1.31492 1.33739 1.35996 1.38258 1.40519 1.42774 1.45017 1.47248 1.49466 1.51676 1.53885 1.56091 1.58272 1.6041 1.62503 1.64565 1.6661 1.6859 1.70516 1.72467 1.74303 1.76436 1.77775 nan nan nan nan nan nan nan nan nan nan nan nan nan nan nan nan nan nan nan nan nan nan nan nan nan nan nan nan nan 
nan nan nan nan nan nan nan nan nan nan nan nan nan nan nan nan nan nan nan nan nan nan nan nan nan nan nan 0.870391 0.883294 0.904423 0.922323 0.941333 0.959829 0.978461 0.997101 1.01597 1.03516 1.0546 1.07433 1.09443 1.11489 1.13568 1.15669 1.17791 1.19936 1.22106 1.24304 1.26529 1.28778 1.31049 1.33337 1.35636 1.37943 1.40253 1.4256 1.44861 1.47154 1.49437 1.51712 1.53979 1.56235 1.58467 1.60668 1.62835 1.6497 1.67074 1.69136 1.71162 1.73171 1.75147 1.77154 1.79032 1.81205 1.82557 nan nan nan nan nan nan nan nan nan nan nan nan nan nan nan nan nan nan nan nan nan nan nan nan nan nan nan 
nan nan nan nan nan nan nan nan nan nan nan nan nan nan nan nan nan nan nan nan nan nan nan nan nan 0.823469 0.835968 0.85667 0.874322 0.89323 0.911717 0.930406 0.949076 0.967849 0.986756 1.00589 1.0253 1.045 1.06502 1.08538 1.10609 1.12713 1.14845 1.17004 1.1919 1.21403 1.23645 1.25913 1.28207 1.30522 1.32855 1.35202 1.37559 1.39921 1.42284 1.44645 1.47001 1.49349 1.51689 1.54018 1.56332 1.58625 1.60892 1.63129 1.65335 1.67509 1.69648 1.71755 1.73835 1.7589 1.77929 1.79929 1.8195 1.83827 1.85982 1.87307 nan nan nan nan nan nan nan nan nan nan nan nan nan nan nan nan nan nan nan nan nan nan nan nan nan 
nan nan nan nan nan nan nan nan nan nan nan nan nan nan nan nan nan nan nan nan nan nan nan 0.779274 0.790659 0.810149 0.827011 0.845325 0.863379 0.881761 0.900207 0.918802 0.937522 0.956407 0.975493 0.994831 1.01446 1.0344 1.05468 1.07531 1.09629 1.11761 1.13926 1.16122 1.18349 1.20606 1.22892 1.25207 1.27547 1.29911 1.32294 1.34693 1.37104 1.39523 1.41945 1.44368 1.46788 1.49203 1.51609 1.54003 1.56383 1.58742 1.61077 1.63385 1.65663 1.67909 1.70123 1.72305 1.74456 1.76578 1.78672 1.80734 1.8277 1.84752 1.86736 1.8855 1.90595 1.91811 nan nan nan nan nan nan nan nan nan nan nan nan nan nan nan nan nan nan nan nan nan nan nan 
nan nan nan nan nan nan nan nan nan nan nan nan nan nan nan nan nan nan nan nan nan nan 0.752546 0.767056 0.781786 0.798765 0.815878 0.833537 0.851407 0.869533 0.887855 0.906382 0.925115 0.944076 0.963294 0.982801 1.00263 1.02279 1.04332 1.06421 1.08548 1.10711 1.12911 1.15145 1.17413 1.19714 1.22047 1.24409 1.268 1.29215 1.31652 1.34107 1.36577 1.39056 1.41541 1.4403 1.46517 1.48999 1.51474 1.53938 1.56387 1.58816 1.61223 1.63603 1.65954 1.68274 1.70562 1.72816 1.75037 1.77225 1.79378 1.81495 1.83573 1.85604 1.87589 1.89492 1.9135 1.92942 1.94453 nan nan nan nan nan nan nan nan nan nan nan nan nan nan nan nan nan nan nan nan nan nan 
nan nan nan nan nan nan nan nan nan nan nan nan nan nan nan nan nan nan nan nan 0.706294 0.717463 0.737237 0.753881 0.769923 0.78653 0.80349 0.820836 0.838484 0.856417 0.874614 0.893073 0.911801 0.930813 0.950132 0.969782 0.989785 1.01016 1.03092 1.05208 1.07365 1.0956 1.11796 1.14069 1.1638 1.18726 1.21107 1.23521 1.25964 1.28435 1.3093 1.33445 1.35976 1.3852 1.41072 1.43628 1.46186 1.4874 1.51287 1.53823 1.56345 1.58848 1.61329 1.63784 1.6621 1.68605 1.70966 1.73293 1.75584 1.77838 1.80052 1.82226 1.84354 1.86432 1.88455 1.90409 1.92294 1.94082 1.95884 1.97963 1.9916 nan nan nan nan nan nan nan nan nan nan nan nan nan nan nan nan nan nan nan nan 
nan nan nan nan nan nan nan nan nan nan nan nan nan nan nan nan nan nan nan 0.681021 0.694292 0.708092 0.724382 0.740599 0.756775 0.773232 0.790013 0.807137 0.824588 0.842355 0.860432 0.878822 0.897532 0.916579 0.935979 0.955752 0.975918 0.996493 1.01749 1.03892 1.06078 1.08307 1.10579 1.12893 1.15248 1.17642 1.20074 1.22541 1.2504 1.2757 1.30126 1.32704 1.35302 1.37914 1.40536 1.43165 1.45796 1.48425 1.51048 1.5366 1.56259 1.58839 1.61397 1.63928 1.66431 1.68902 1.71339 1.73739 1.76101 1.78422 1.807 1.82933 1.85117 1.87247 1.89318 1.91325 1.93265 1.95137 1.9697 1.9877 2.00273 2.01657 nan nan nan nan nan nan nan nan nan nan nan nan nan nan nan nan nan nan nan 
nan nan nan nan nan nan nan nan nan nan nan nan nan nan nan nan nan nan 0.652783 0.666937 0.681009 0.695486 0.710888 0.726651 0.742638 0.75891 0.775499 0.792426 0.809694 0.827308 0.845269 0.863587 0.882271 0.901338 0.920804 0.940687 0.961004 0.98177 1.003 1.02469 1.04686 1.06949 1.0926 1.11616 1.14017 1.1646 1.18945 1.21468 1.24027 1.26619 1.2924 1.31886 1.34553 1.37237 1.39934 1.42639 1.45347 1.48055 1.50757 1.5345 1.56129 1.58789 1.61427 1.64039 1.66621 1.6917 1.71684 1.74159 1.76593 1.78983 1.81327 1.83623 1.85865 1.88051 1.90177 1.92238 1.94233 1.96159 1.9802 1.99798 2.0143 2.02959 2.04427 nan nan nan nan nan nan nan nan nan nan nan nan nan nan nan nan nan nan 
nan nan nan nan nan nan nan nan nan nan nan nan nan nan nan nan nan 0.623227 0.637826 0.652211 0.666592 0.681229 0.696323 0.711772 0.727521 0.743578 0.759963 0.776694 0.793786 0.811248 0.829093 0.847333 0.865983 0.885059 0.904579 0.924559 0.945018 0.965968 0.987421 1.00938 1.03186 1.05485 1.07835 1.10235 1.12684 1.15179 1.17719 1.20302 1.22923 1.25581 1.28271 1.30988 1.3373 1.36491 1.39266 1.42051 1.44841 1.47632 1.50418 1.53194 1.55957 1.58701 1.61423 1.64117 1.66781 1.69411 1.72003 1.74555 1.77063 1.79525 1.81938 1.84298 1.86603 1.88849 1.91032 1.9315 1.95199 1.97177 1.99081 2.009 2.02618 2.04249 2.05814 2.07332 nan nan nan nan nan nan nan nan nan nan nan nan nan nan nan nan nan 
nan nan nan nan nan nan nan nan nan nan nan nan nan nan nan nan 0.593035 0.60783 0.62237 0.636778 0.651203 0.665805 0.680699 0.695899 0.711407 0.727236 0.743405 0.759935 0.776846 0.794153 0.811876 0.83003 0.848636 0.86771 0.887273 0.907342 0.927934 0.949063 0.97074 0.992974 1.01577 1.03912 1.06303 1.08748 1.11247 1.13797 1.16395 1.1904 1.21728 1.24455 1.27218 1.30012 1.32832 1.35674 1.38532 1.41402 1.44279 1.47156 1.5003 1.52895 1.55745 1.58577 1.61386 1.64166 1.66915 1.69628 1.72302 1.74932 1.77517 1.80053 1.82536 1.84964 1.87334 1.89642 1.91885 1.94061 1.96167 1.98199 2.00156 2.02031 2.03821 2.05533 2.07178 2.08769 2.10316 nan nan nan nan nan nan nan nan nan nan nan nan nan nan nan nan 
nan nan nan nan nan nan nan nan nan nan nan nan nan nan nan 0.562635 0.577445 0.591985 0.606343 0.620622 0.634934 0.64939 0.664074 0.679033 0.694294 0.709882 0.725823 0.74214 0.75886 0.776003 0.793594 0.811653 0.830202 0.849264 0.868858 0.889006 0.909723 0.931027 0.952928 0.975435 0.998553 1.02228 1.04661 1.07154 1.09705 1.12311 1.14972 1.17682 1.2044 1.23241 1.26081 1.28956 1.31859 1.34787 1.37734 1.40693 1.43661 1.4663 1.49596 1.52553 1.55496 1.5842 1.61319 1.64189 1.67026 1.69825 1.72582 1.75295 1.77958 1.8057 1.83126 1.85624 1.88061 1.90434 1.9274 1.94976 1.9714 1.9923 2.01243 2.03177 2.05032 2.06812 2.08525 2.10179 2.11783 2.13343 nan nan nan nan nan nan nan nan nan nan nan nan nan nan nan 
nan nan nan nan nan nan nan nan nan nan nan nan nan nan 0.532359 0.547029 0.561425 0.575621 0.589696 0.603736 0.617828 0.632057 0.646493 0.66119 0.676186 0.691515 0.70721 0.7233 0.739814 0.75678 0.774224 0.792174 0.810655 0.829691 0.849306 0.869521 0.890358 0.911831 0.933955 0.956738 0.980186 1.0043 1.02907 1.05449 1.08054 1.10721 1.13446 1.16226 1.19058 1.21938 1.2486 1.2782 1.30812 1.33831 1.3687 1.39925 1.42989 1.46055 1.49119 1.52173 1.55213 1.58232 1.61226 1.64189 1.67117 1.70005 1.7285 1.75646 1.78391 1.81081 1.83713 1.86283 1.8879 1.91229 1.93599 1.95897 1.98121 2.00269 2.0234 2.04333 2.06248 2.08089 2.09861 2.1157 2.13222 2.14824 2.16383 nan nan nan nan nan nan nan nan nan nan nan nan nan nan 
nan nan nan nan nan nan nan nan nan nan nan nan nan 0.502519 0.516892 0.530996 0.544904 0.558681 0.572392 0.586109 0.5999 0.613837 0.62798 0.642382 0.657087 0.672135 0.687562 0.703404 0.719694 0.736464 0.753746 0.771571 0.789967 0.808963 0.828586 0.848859 0.869806 0.891444 0.913789 0.936852 0.960637 0.985147 1.01037 1.03631 1.06294 1.09023 1.11817 1.14671 1.17581 1.20544 1.23553 1.26603 1.2969 1.32805 1.35944 1.39099 1.42265 1.45433 1.48599 1.51756 1.54897 1.58017 1.6111 1.64171 1.67193 1.70174 1.73108 1.75992 1.7882 1.81591 1.843 1.86945 1.89523 1.92031 1.94466 1.96827 1.99112 2.01319 2.03448 2.05498 2.0747 2.09366 2.11191 2.12948 2.14642 2.16278 2.17863 2.19402 nan nan nan nan nan nan nan nan nan nan nan nan nan 
nan nan nan nan nan nan nan nan nan nan nan nan 0.473473 0.487347 0.500984 0.514456 0.527816 0.541112 0.554396 0.567723 0.581152 0.594741 0.608546 0.622616 0.636999 0.651738 0.666873 0.682443 0.698487 0.71504 0.732139 0.749819 0.768113 0.787052 0.806668 0.826987 0.848036 0.869833 0.892398 0.915743 0.939874 0.964792 0.990495 1.01697 1.0442 1.07216 1.10082 1.13014 1.16007 1.19058 1.2216 1.25307 1.28493 1.31712 1.34955 1.38217 1.4149 1.44768 1.48042 1.51306 1.54554 1.5778 1.60976 1.64138 1.67259 1.70336 1.73363 1.76336 1.79251 1.82105 1.84894 1.87615 1.90265 1.92843 1.95345 1.9777 2.00116 2.02382 2.04568 2.06674 2.08699 2.10647 2.12519 2.14319 2.16049 2.17714 2.19317 2.20862 2.22358 nan nan nan nan nan nan nan nan nan nan nan nan 
nan nan nan nan nan nan nan nan nan nan nan 0.445771 0.458794 0.471694 0.484532 0.497327 0.510097 0.522867 0.535674 0.548562 0.561577 0.574771 0.588194 0.601896 0.615923 0.630322 0.645135 0.660406 0.676177 0.692489 0.709382 0.726894 0.745065 0.763929 0.783522 0.803873 0.825012 0.846963 0.869745 0.893374 0.917858 0.9432 0.969395 0.996433 1.0243 1.05296 1.08238 1.11253 1.14335 1.1748 1.2068 1.2393 1.27223 1.30551 1.33906 1.37282 1.40669 1.44061 1.4745 1.50828 1.54188 1.57524 1.60828 1.64095 1.6732 1.70496 1.73619 1.76685 1.79689 1.82628 1.85498 1.88297 1.91021 1.93669 1.96239 1.98728 2.01136 2.03461 2.05704 2.07863 2.0994 2.11936 2.13852 2.1569 2.17453 2.19142 2.20757 2.22301 2.23773 2.25182 nan nan nan nan nan nan nan nan nan nan nan 
nan nan nan nan nan nan nan nan nan nan 0.420801 0.431933 0.443506 0.455383 0.467414 0.479524 0.491685 0.503902 0.516197 0.528604 0.541163 0.55392 0.566923 0.580219 0.593855 0.60788 0.622341 0.637282 0.652752 0.668794 0.685453 0.702773 0.720797 0.739564 0.759114 0.779482 0.800699 0.822795 0.845791 0.869706 0.894551 0.920329 0.947038 0.974666 1.00319 1.0326 1.06283 1.09386 1.12563 1.15807 1.19113 1.22473 1.25879 1.29324 1.32798 1.36294 1.39803 1.43317 1.46827 1.50324 1.53803 1.57254 1.60672 1.6405 1.67381 1.7066 1.73882 1.77043 1.80139 1.83165 1.86118 1.88997 1.91797 1.94516 1.97154 1.99708 2.02177 2.04561 2.06858 2.0907 2.11196 2.13237 2.15195 2.1707 2.18862 2.20573 2.222 2.23739 2.25181 2.26509 2.27709 nan nan nan nan nan nan nan nan nan nan 
nan nan nan nan nan nan nan nan nan nan 0.408835 0.4169 0.427183 0.4382 0.449512 0.460972 0.47253 0.484181 0.49594 0.507835 0.519902 0.532185 0.544729 0.557582 0.570792 0.584408 0.598481 0.61306 0.628195 0.643936 0.660332 0.677431 0.695281 0.713927 0.733412 0.753777 0.775058 0.797288 0.820494 0.844696 0.869908 0.896138 0.923381 0.951628 0.980859 1.01104 1.04214 1.07411 1.10688 1.14039 1.17458 1.20935 1.24463 1.28032 1.31634 1.35259 1.38897 1.42539 1.46177 1.49802 1.53404 1.56978 1.60514 1.64006 1.67448 1.70834 1.74159 1.77419 1.80608 1.83723 1.86761 1.8972 1.92596 1.95388 1.98094 2.00712 2.03243 2.05684 2.08036 2.10298 2.12472 2.14557 2.16554 2.18463 2.20285 2.22019 2.2366 2.25203 2.26628 2.27889 2.28826 nan nan nan nan nan nan nan nan nan nan 
nan nan nan nan nan nan nan nan nan 0.373736 0.388043 0.398906 0.409401 0.420009 0.430761 0.44163 0.452603 0.463682 0.474886 0.486241 0.497786 0.50956 0.521609 0.533982 0.546728 0.559899 0.573548 0.587728 0.602494 0.617899 0.633997 0.650843 0.668488 0.686984 0.706379 0.72672 0.748047 0.7704 0.793808 0.818297 0.843884 0.870578 0.898378 0.927275 0.957247 0.988262 1.02028 1.05324 1.08709 1.12175 1.15714 1.19318 1.22976 1.26678 1.30416 1.34178 1.37953 1.41733 1.45507 1.49265 1.52999 1.567 1.6036 1.63972 1.6753 1.71026 1.74457 1.77817 1.81102 1.84309 1.87433 1.90473 1.93426 1.9629 1.99065 2.01747 2.04338 2.06836 2.09241 2.11553 2.13772 2.15899 2.17934 2.19878 2.21729 2.23487 2.25149 2.26712 2.28168 2.29518 2.30803 2.32334 nan nan nan nan nan nan nan nan nan 
nan nan nan nan nan nan nan nan 0.347309 0.358627 0.370025 0.380571 0.390794 0.400971 0.411198 0.421501 0.431894 0.442395 0.453026 0.463819 0.47481 0.486041 0.49756 0.509415 0.52166 0.534347 0.547533 0.561275 0.575632 0.590663 0.606427 0.622982 0.640389 0.658702 0.677979 0.69827 0.719623 0.742082 0.765683 0.790457 0.816424 0.843597 0.871978 0.901556 0.932311 0.964209 0.997204 1.03124 1.06624 1.10213 1.13882 1.1762 1.21418 1.25264 1.29147 1.33056 1.36978 1.40904 1.44822 1.48722 1.52594 1.56429 1.60219 1.63956 1.67633 1.71244 1.74784 1.78247 1.8163 1.84929 1.8814 1.91262 1.94293 1.97229 2.00071 2.02818 2.05468 2.08021 2.10478 2.12838 2.15101 2.17269 2.19341 2.21318 2.23199 2.24983 2.2667 2.28257 2.29745 2.3114 2.32468 2.33785 2.35007 nan nan nan nan nan nan nan nan 
nan nan nan nan nan nan nan nan 0.335159 0.3427 0.352147 0.361852 0.37153 0.38119 0.390872 0.400604 0.410413 0.420322 0.430362 0.440566 0.450974 0.46163 0.472582 0.483882 0.495584 0.507747 0.520429 0.533691 0.547597 0.562212 0.577599 0.593824 0.610953 0.629048 0.648172 0.668383 0.689737 0.712284 0.736066 0.76112 0.787472 0.815138 0.844123 0.874417 0.906001 0.938838 0.972878 1.00806 1.0443 1.08151 1.11959 1.15843 1.19792 1.23792 1.27831 1.31897 1.35977 1.40058 1.44129 1.48179 1.52197 1.56173 1.60098 1.63965 1.67766 1.71495 1.75147 1.78716 1.82199 1.85591 1.88891 1.92095 1.95203 1.98212 2.01121 2.0393 2.06638 2.09246 2.11752 2.14159 2.16465 2.18672 2.2078 2.22788 2.24698 2.26509 2.2822 2.29832 2.31343 2.32757 2.34072 2.35258 2.36146 nan nan nan nan nan nan nan nan 
nan nan nan nan nan nan nan 0.302272 0.314703 0.324128 0.333297 0.342455 0.351587 0.360699 0.369816 0.378964 0.388173 0.397474 0.406899 0.416488 0.426282 0.436328 0.446676 0.457382 0.468501 0.480096 0.492229 0.504966 0.518376 0.532528 0.547492 0.563342 0.580149 0.597984 0.616917 0.637015 0.65834 0.680951 0.704899 0.730226 0.756964 0.785136 0.814749 0.845796 0.878258 0.912095 0.947254 0.983665 1.02124 1.05988 1.09947 1.13988 1.18099 1.22266 1.26473 1.30708 1.34956 1.39203 1.43437 1.47645 1.51817 1.55941 1.60008 1.6401 1.6794 1.7179 1.75557 1.79234 1.82817 1.86304 1.89693 1.92979 1.96163 1.99244 2.02219 2.05089 2.07854 2.10514 2.1307 2.1552 2.17868 2.20112 2.22253 2.24293 2.26231 2.28068 2.29803 2.31437 2.32971 2.34403 2.35733 2.36956 2.38095 2.39427 nan nan nan nan nan nan nan 
nan nan nan nan nan nan nan 0.289019 0.296564 0.305099 0.313752 0.322386 0.330974 0.339523 0.348057 0.356603 0.365194 0.373863 0.38265 0.391594 0.400742 0.410143 0.419849 0.429918 0.440412 0.451393 0.46293 0.475093 0.487957 0.501595 0.516087 0.531511 0.547946 0.565474 0.584171 0.604115 0.625377 0.648024 0.672116 0.697705 0.72483 0.753519 0.783784 0.815624 0.849016 0.883922 0.920282 0.958018 0.997035 1.03722 1.07844 1.12056 1.16343 1.20689 1.25078 1.29495 1.33923 1.38348 1.42755 1.47131 1.51465 1.55744 1.59959 1.64102 1.68164 1.7214 1.76023 1.79809 1.83495 1.87078 1.90554 1.93923 1.97182 2.00333 2.03373 2.06303 2.09123 2.11833 2.14434 2.16928 2.19314 2.21593 2.23767 2.25836 2.27801 2.29662 2.3142 2.33076 2.3463 2.36081 2.37429 2.38667 2.39781 2.40676 nan nan nan nan nan nan nan 
nan nan nan nan nan nan 0.254771 0.267473 0.27672 0.285244 0.293526 0.301671 0.309716 0.31769 0.325622 0.333545 0.341495 0.349509 0.357629 0.365899 0.374366 0.383084 0.392108 0.401498 0.411319 0.421639 0.432529 0.444066 0.456329 0.469399 0.483362 0.498304 0.514313 0.53148 0.549891 0.569633 0.59079 0.613438 0.637649 0.663483 0.690991 0.720206 0.75115 0.783821 0.818202 0.854249 0.891901 0.931071 0.97165 1.01351 1.05651 1.10048 1.14526 1.19067 1.23653 1.28266 1.32887 1.37502 1.42094 1.46649 1.51153 1.55595 1.59964 1.64252 1.68451 1.72555 1.76557 1.80454 1.84243 1.8792 1.91484 1.94934 1.98268 2.01486 2.04589 2.07576 2.10449 2.13207 2.15852 2.18386 2.20808 2.2312 2.25324 2.2742 2.2941 2.31294 2.33073 2.34749 2.36322 2.37793 2.39163 2.40433 2.41612 2.42747 2.44119 nan nan nan nan nan nan 
nan nan nan nan nan nan 0.24125 0.248706 0.2569 0.264933 0.272744 0.280371 0.287854 0.295232 0.302541 0.309817 0.317101 0.324432 0.331855 0.339417 0.347169 0.355165 0.363464 0.37213 0.381231 0.390838 0.401028 0.411882 0.423486 0.435927 0.449299 0.463697 0.479218 0.495962 0.514029 0.533515 0.554517 0.577125 0.601421 0.627479 0.65536 0.685109 0.716754 0.750299 0.785729 0.823001 0.862045 0.902768 0.945046 0.988736 1.03367 1.07967 1.12653 1.17406 1.22205 1.27029 1.3186 1.36678 1.41467 1.4621 1.50894 1.55507 1.60037 1.64475 1.68815 1.73048 1.77172 1.8118 1.85071 1.88843 1.92493 1.96022 1.99428 2.02713 2.05875 2.08917 2.11839 2.14643 2.17329 2.19899 2.22355 2.24697 2.26928 2.29049 2.31061 2.32966 2.34764 2.36458 2.38049 2.39538 2.40928 2.4222 2.43418 2.44512 2.45409 nan nan nan nan nan nan 
nan nan nan nan nan 0.206954 0.219528 0.22849 0.23654 0.244152 0.251461 0.258535 0.265429 0.272184 0.278844 0.285448 0.292037 0.298656 0.305351 0.312171 0.319169 0.326403 0.333934 0.341828 0.350157 0.358998 0.36843 0.378541 0.389422 0.401169 0.413882 0.427667 0.44263 0.458883 0.476538 0.495705 0.516494 0.539009 0.563349 0.589602 0.617842 0.648126 0.680493 0.714956 0.751502 0.790087 0.830638 0.873048 0.91718 0.96287 1.00993 1.05814 1.10728 1.15713 1.20743 1.25797 1.30853 1.3589 1.40888 1.45832 1.50706 1.55496 1.60193 1.64786 1.69269 1.73635 1.7788 1.81999 1.85992 1.89857 1.93591 1.97197 2.00672 2.0402 2.07239 2.10332 2.13301 2.16146 2.1887 2.21473 2.23959 2.26329 2.28584 2.30726 2.32758 2.3468 2.36495 2.38204 2.3981 2.41315 2.42721 2.44033 2.45256 2.46403 2.47522 2.48897 nan nan nan nan nan 
nan nan nan nan nan 0.193561 0.200741 0.208489 0.215923 0.222986 0.229728 0.236209 0.242478 0.248581 0.254563 0.260465 0.266332 0.272208 0.278141 0.284183 0.290389 0.296818 0.303534 0.310608 0.318113 0.326129 0.334743 0.344046 0.354136 0.365117 0.377098 0.390192 0.40452 0.420204 0.437369 0.456143 0.476649 0.499011 0.523343 0.549751 0.578327 0.609143 0.642252 0.677676 0.715407 0.755404 0.797588 0.841839 0.888003 0.935891 0.985282 1.03593 1.08758 1.13996 1.1928 1.24584 1.29882 1.35154 1.40376 1.45532 1.50604 1.55581 1.60449 1.65202 1.6983 1.74329 1.78696 1.82926 1.87019 1.90973 1.94789 1.98468 2.0201 2.05416 2.08688 2.11829 2.1484 2.17722 2.20479 2.23113 2.25625 2.28018 2.30294 2.32454 2.34502 2.36439 2.38267 2.39989 2.41607 2.43123 2.44541 2.45865 2.471 2.48251 2.49312 2.5019 nan nan nan nan nan 
nan nan nan nan 0.160155 0.172237 0.180673 0.188101 0.194984 0.201453 0.207581 0.213425 0.219035 0.224455 0.229729 0.234901 0.240014 0.245114 0.250252 0.255479 0.260853 0.266434 0.272289 0.278491 0.285116 0.292249 0.29998 0.308406 0.317632 0.327769 0.338936 0.351256 0.364861 0.379887 0.396475 0.414768 0.434911 0.457044 0.481303 0.507816 0.536695 0.568032 0.601895 0.638323 0.677315 0.718833 0.762791 0.809058 0.857459 0.907773 0.959744 1.01309 1.0675 1.12267 1.17828 1.23404 1.28966 1.34489 1.3995 1.4533 1.50612 1.55781 1.60827 1.65741 1.70517 1.75149 1.79636 1.83974 1.88164 1.92205 1.96099 1.99846 2.03449 2.0691 2.10231 2.13414 2.16462 2.19378 2.22164 2.24823 2.27357 2.29769 2.32062 2.34237 2.36297 2.38245 2.40083 2.41813 2.43438 2.44962 2.46387 2.47718 2.4896 2.5012 2.51213 2.52287 2.53623 nan nan nan nan 
nan nan nan nan 0.147248 0.153872 0.16091 0.167559 0.173766 0.179577 0.185044 0.190213 0.19513 0.199836 0.204373 0.208785 0.213114 0.217407 0.221715 0.226091 0.230592 0.235281 0.240226 0.245502 0.25119 0.257377 0.264157 0.271633 0.279917 0.289127 0.29939 0.310843 0.323628 0.337897 0.353807 0.371521 0.391203 0.413017 0.437124 0.463676 0.49281 0.524645 0.559271 0.596743 0.637074 0.680231 0.726124 0.774607 0.82548 0.878487 0.933328 0.989666 1.04714 1.10539 1.16405 1.22278 1.28126 1.3392 1.39636 1.45252 1.50751 1.5612 1.61347 1.66425 1.71348 1.76113 1.80717 1.8516 1.89442 1.93566 1.97532 2.01343 2.05001 2.08511 2.11874 2.15095 2.18175 2.21118 2.23928 2.26608 2.29159 2.31586 2.33891 2.36076 2.38145 2.401 2.41943 2.43678 2.45307 2.46833 2.4826 2.49591 2.50832 2.51987 2.53063 2.54054 2.54878 nan nan nan nan 
nan nan nan 0.116057 0.126953 0.134367 0.140828 0.146757 0.152254 0.157366 0.162135 0.166597 0.17079 0.174754 0.178526 0.182149 0.185665 0.18912 0.192563 0.19605 0.199637 0.20339 0.207376 0.211673 0.216364 0.22154 0.227298 0.233748 0.241006 0.249198 0.258463 0.268945 0.280803 0.294203 0.30932 0.326339 0.345446 0.366833 0.390689 0.417196 0.446523 0.478819 0.514202 0.552754 0.594505 0.63943 0.687439 0.738369 0.79199 0.848003 0.906052 0.965738 1.02663 1.08831 1.15033 1.21231 1.27389 1.33474 1.3946 1.45325 1.51051 1.56625 1.62036 1.67278 1.72347 1.7724 1.81957 1.865 1.90869 1.95068 1.991 2.02968 2.06676 2.10228 2.13627 2.16878 2.19984 2.2295 2.25778 2.28472 2.31036 2.33473 2.35785 2.37976 2.40049 2.42006 2.43851 2.45586 2.47213 2.48738 2.50161 2.51487 2.5272 2.53865 2.54926 2.55915 2.5688 2.5809 nan nan nan 
nan nan nan 0.104324 0.109432 0.115099 0.120567 0.125688 0.130437 0.134822 0.138866 0.142595 0.146041 0.149237 0.152219 0.155026 0.1577 0.160286 0.162833 0.165394 0.168027 0.170798 0.173776 0.17704 0.180673 0.18477 0.189434 0.194776 0.200919 0.207999 0.21616 0.225561 0.236372 0.248778 0.262973 0.279163 0.297562 0.318393 0.341876 0.368231 0.397664 0.430364 0.466487 0.506145 0.549397 0.596231 0.646559 0.700203 0.756896 0.816287 0.877949 0.941401 1.00613 1.07162 1.13737 1.20292 1.26786 1.33184 1.39457 1.45583 1.51543 1.57325 1.6292 1.68325 1.73536 1.78552 1.83377 1.88012 1.9246 1.96727 2.00817 2.04733 2.08483 2.12069 2.15497 2.18771 2.21897 2.24878 2.27718 2.30421 2.32991 2.35432 2.37746 2.39938 2.4201 2.43965 2.45807 2.47537 2.4916 2.50678 2.52093 2.53409 2.54629 2.55755 2.5679 2.57731 2.58565 2.59218 nan nan nan 
nan nan nan 0.0866906 0.0906079 0.0953062 0.0999439 0.104294 0.108298 0.111946 0.11525 0.118228 0.120906 0.123314 0.125484 0.127452 0.129258 0.130946 0.132563 0.134163 0.135803 0.137548 0.139468 0.141643 0.144158 0.147109 0.150601 0.154751 0.159688 0.165552 0.172498 0.180697 0.190332 0.201603 0.214728 0.229937 0.247473 0.267592 0.290554 0.316621 0.346047 0.379069 0.415889 0.456667 0.501497 0.550392 0.603269 0.659936 0.720086 0.783299 0.84906 0.916784 0.985845 1.05562 1.12551 1.19499 1.26358 1.33091 1.39667 1.46063 1.52262 1.58254 1.64033 1.69595 1.74941 1.80073 1.84996 1.89714 1.94232 1.98556 2.02694 2.0665 2.10431 2.14043 2.17491 2.20781 2.23918 2.26907 2.29752 2.32457 2.35028 2.37467 2.39778 2.41966 2.44032 2.4598 2.47814 2.49536 2.51148 2.52655 2.54058 2.5536 2.56563 2.57668 2.58676 2.59581 2.60358 2.60918 nan nan nan 
nan nan 0.0536657 0.0644159 0.0702762 0.0748573 0.0789024 0.0825528 0.0858314 0.0887444 0.0913013 0.0935175 0.0954141 0.0970165 0.0983545 0.0994617 0.100376 0.101138 0.101796 0.102401 0.10301 0.103686 0.104501 0.105531 0.106866 0.108602 0.110845 0.113717 0.117351 0.121892 0.127505 0.134371 0.142686 0.15267 0.16456 0.178612 0.195104 0.214327 0.236587 0.262196 0.291466 0.324691 0.362139 0.404027 0.450503 0.501618 0.557304 0.617356 0.68142 0.748996 0.81945 0.892058 0.966048 1.04066 1.11517 1.18897 1.26153 1.33243 1.40136 1.46811 1.53252 1.59451 1.65407 1.71118 1.7659 1.81827 1.86836 1.91624 1.962 2.00571 2.04745 2.08729 2.12531 2.16159 2.19617 2.22914 2.26053 2.29042 2.31884 2.34585 2.3715 2.39581 2.41883 2.4406 2.46115 2.48052 2.49873 2.51581 2.5318 2.54671 2.56058 2.57342 2.58526 2.5961 2.60595 2.61486 2.62297 2.63105 2.64295 nan nan 
nan nan 0.0420779 0.046339 0.050508 0.0542331 0.0575537 0.0604923 0.0630516 0.0652325 0.0670408 0.0684884 0.0695929 0.0703769 0.0708673 0.0710951 0.0710958 0.0709092 0.0705799 0.0701579 0.0696988 0.069265 0.0689261 0.0687601 0.0688539 0.0693049 0.0702222 0.0717278 0.073958 0.0770655 0.0812207 0.0866137 0.0934562 0.101983 0.112453 0.125151 0.140388 0.158498 0.179836 0.204775 0.233692 0.266959 0.304922 0.34788 0.396051 0.449547 0.508331 0.572193 0.640727 0.713327 0.789209 0.867459 0.947105 1.0272 1.10689 1.18545 1.2623 1.33699 1.40921 1.47878 1.54559 1.60959 1.67081 1.72929 1.78512 1.83839 1.88919 1.93763 1.98381 2.02784 2.06981 2.10981 2.14792 2.18423 2.21882 2.25175 2.28308 2.31288 2.3412 2.36808 2.39359 2.41776 2.44063 2.46224 2.48263 2.50182 2.51986 2.53676 2.55257 2.56729 2.58096 2.59359 2.6052 2.6158 2.6254 2.634 2.64165 2.64842 2.65401 nan nan 
nan nan 0.0254268 0.0276094 0.0304611 0.0333036 0.0358884 0.0381239 0.0399752 0.0414311 0.0424926 0.0431689 0.0434749 0.0434307 0.0430608 0.0423938 0.0414627 0.0403051 0.0389634 0.0374853 0.0359247 0.034342 0.0328052 0.0313906 0.0301844 0.0292833 0.0287965 0.0288469 0.0295732 0.0311317 0.0336986 0.0374724 0.0426765 0.0495617 0.0584085 0.0695296 0.0832709 0.100012 0.120165 0.144169 0.172483 0.20557 0.243878 0.287814 0.337699 0.393732 0.455933 0.524103 0.597781 0.676232 0.758467 0.843309 0.929508 1.01588 1.10138 1.18518 1.26663 1.34529 1.42088 1.49325 1.56236 1.62824 1.69096 1.75063 1.80738 1.86135 1.91267 1.96149 2.00792 2.0521 2.09414 2.13415 2.17222 2.20845 2.24291 2.2757 2.30686 2.33648 2.3646 2.39129 2.41659 2.44054 2.46319 2.48459 2.50475 2.52372 2.54154 2.55822 2.57379 2.58829 2.60172 2.61411 2.62548 2.63582 2.64513 2.65338 2.66049 2.66622 2.66986 nan nan 
nan nan 0.00583847 0.00747664 0.00970553 0.0119262 0.0138779 0.0154567 0.0166234 0.0173663 0.0176861 0.0175912 0.0170952 0.0162161 0.0149763 0.0134021 0.0115238 0.00937669 0.00700048 0.00444042 0.00174774 -0.00101964 -0.0037962 -0.00650781 -0.00907051 -0.0113892 -0.013356 -0.0148484 -0.0157273 -0.0158343 -0.0149895 -0.012988 -0.00959665 -0.00455066 0.00245032 0.0117459 0.0237181 0.0387938 0.0574458 0.0801896 0.107578 0.140186 0.178593 0.223344 0.274907 0.33361 0.399574 0.472634 0.552283 0.63763 0.727412 0.820067 0.913942 1.00752 1.09956 1.18908 1.27543 1.35818 1.43713 1.51221 1.58345 1.65099 1.71497 1.77557 1.83299 1.88742 1.93903 1.98799 2.03447 2.07861 2.12055 2.1604 2.19828 2.23428 2.2685 2.30102 2.33192 2.36125 2.38909 2.41549 2.4405 2.46417 2.48654 2.50765 2.52753 2.54623 2.56377 2.58018 2.59549 2.60971 2.62288 2.63501 2.6461 2.65618 2.66522 2.6732 2.68 2.68535 2.68859 nan nan 
nan nan -0.0161025 -0.0139601 -0.0117493 -0.00988138 -0.00844933 -0.00747741 -0.00697123 -0.00692906 -0.00734486 -0.00820895 -0.00950821 -0.0112261 -0.0133423 -0.0158331 -0.0186705 -0.0218222 -0.0252514 -0.0289158 -0.0327674 -0.0367513 -0.0408054 -0.0448588 -0.0488306 -0.0526288 -0.0561482 -0.0592685 -0.061852 -0.0637406 -0.064753 -0.0646807 -0.0632838 -0.0602864 -0.0553712 -0.0481741 -0.0382784 -0.0252097 -0.00843152 0.0126556 0.0387116 0.0704462 0.108598 0.153899 0.207016 0.268475 0.338555 0.417182 0.503822 0.597412 0.696323 0.798402 0.901372 1.00328 1.10264 1.19837 1.28984 1.37671 1.45888 1.53642 1.60951 1.67837 1.74328 1.80449 1.86226 1.91684 1.96846 2.01732 2.06361 2.10749 2.14912 2.18864 2.22616 2.26179 2.29563 2.32776 2.35827 2.38722 2.41468 2.4407 2.46535 2.48865 2.51067 2.53143 2.55098 2.56935 2.58656 2.60266 2.61765 2.63157 2.64444 2.65627 2.66709 2.67689 2.68569 2.69349 2.70025 2.70586 2.70984 nan nan 
nan -0.0518928 -0.0408543 -0.0361605 -0.0335599 -0.0319471 -0.0310019 -0.0306207 -0.0307648 -0.031416 -0.0325624 -0.0341928 -0.0362946 -0.0388526 -0.041849 -0.0452622 -0.0490672 -0.0532349 -0.0577316 -0.0625186 -0.0675514 -0.0727792 -0.0781438 -0.0835786 -0.0890072 -0.0943417 -0.0994813 -0.10431 -0.108693 -0.112477 -0.11548 -0.117495 -0.118278 -0.117546 -0.114971 -0.110168 -0.102688 -0.0920139 -0.077544 -0.0585909 -0.0343759 -0.00403354 0.0333719 0.078811 0.133226 0.19743 0.271964 0.356926 0.451809 0.555389 0.665614 0.77933 0.893208 1.00476 1.11225 1.2146 1.31127 1.40209 1.48716 1.56676 1.64124 1.71098 1.77637 1.83776 1.89549 1.94986 2.00116 2.04962 2.09544 2.13883 2.17994 2.21892 2.25591 2.291 2.32431 2.35593 2.38593 2.41439 2.44137 2.46693 2.49113 2.514 2.53559 2.55594 2.57509 2.59308 2.60992 2.62565 2.64029 2.65387 2.6664 2.67791 2.68841 2.69792 2.70647 2.71411 2.72094 2.72731 2.73438 2.74673 nan 
nan -0.0637661 -0.0599239 -0.0569638 -0.0550807 -0.0540369 -0.0536734 -0.0539107 -0.0547106 -0.0560535 -0.0579268 -0.0603198 -0.0632214 -0.0666185 -0.0704955 -0.0748337 -0.0796112 -0.0848021 -0.0903764 -0.0962993 -0.102531 -0.109024 -0.115727 -0.122577 -0.129503 -0.136424 -0.143245 -0.149856 -0.156128 -0.161913 -0.167036 -0.171291 -0.17444 -0.176196 -0.176224 -0.174126 -0.169432 -0.161583 -0.149919 -0.133665 -0.111917 -0.0836355 -0.0476505 -0.00268902 0.0525615 0.119335 0.198589 0.290735 0.395368 0.511187 0.635923 0.764501 0.891563 1.01418 1.13057 1.23975 1.34142 1.43575 1.52315 1.60417 1.67939 1.74939 1.81467 1.87572 1.93294 1.98669 2.03728 2.085 2.13007 2.17269 2.21305 2.25129 2.28755 2.32195 2.35458 2.38554 2.41492 2.44277 2.46917 2.49418 2.51783 2.54019 2.56129 2.58117 2.59987 2.61741 2.63383 2.64915 2.66339 2.67659 2.68875 2.6999 2.71006 2.71924 2.72749 2.73484 2.7414 2.74736 2.75301 2.75824 nan 
nan -0.0802839 -0.0788498 -0.0774048 -0.0764645 -0.0761383 -0.0764252 -0.0773074 -0.0787701 -0.0808031 -0.0833986 -0.0865488 -0.0902453 -0.0944773 -0.0992322 -0.104494 -0.110245 -0.116462 -0.123119 -0.130187 -0.137628 -0.145403 -0.153464 -0.161756 -0.170214 -0.178763 -0.187317 -0.195774 -0.204015 -0.211899 -0.219261 -0.225904 -0.231596 -0.236057 -0.238954 -0.239885 -0.238366 -0.23381 -0.22551 -0.212612 -0.194086 -0.168711 -0.13505 -0.0914616 -0.0361452 0.0327403 0.116822 0.217059 0.333188 0.463868 0.608274 0.756872 0.899678 1.03473 1.1605 1.27632 1.38237 1.47933 1.56811 1.64961 1.7247 1.79414 1.85861 1.91868 1.97482 2.02746 2.07694 2.12355 2.16754 2.20912 2.24847 2.28575 2.3211 2.35462 2.38642 2.41659 2.44521 2.47235 2.49807 2.52242 2.54546 2.56723 2.58777 2.60711 2.62529 2.64234 2.65828 2.67315 2.68696 2.69973 2.71149 2.72224 2.73202 2.74083 2.74871 2.75567 2.76175 2.76699 2.7713 2.77419 nan 
nan -0.0989986 -0.0985243 -0.0980592 -0.0979379 -0.0983178 -0.0992613 -0.100791 -0.102913 -0.10563 -0.10894 -0.112839 -0.117322 -0.122382 -0.128008 -0.13419 -0.14091 -0.148151 -0.155892 -0.164106 -0.172763 -0.181829 -0.191262 -0.201013 -0.211026 -0.221236 -0.231565 -0.241921 -0.252197 -0.262265 -0.271972 -0.281136 -0.289537 -0.29691 -0.302934 -0.307214 -0.309268 -0.308499 -0.304171 -0.295367 -0.280953 -0.259527 -0.229373 -0.188425 -0.134266 -0.0641975 0.0245001 0.133839 0.263511 0.410646 0.584429 0.762583 0.922419 1.07073 1.20588 1.32745 1.43653 1.53465 1.62336 1.70402 1.77781 1.8457 1.9085 1.96685 2.0213 2.07229 2.12019 2.1653 2.20787 2.24811 2.2862 2.3223 2.35653 2.389 2.41981 2.44905 2.4768 2.50311 2.52804 2.55166 2.57399 2.59509 2.61499 2.63373 2.65134 2.66784 2.68327 2.69763 2.71096 2.72328 2.73459 2.74492 2.75429 2.76269 2.77015 2.77668 2.78225 2.78683 2.79028 2.79225 nan 
nan -0.118926 -0.118917 -0.119084 -0.119611 -0.120623 -0.122189 -0.124346 -0.127113 -0.130501 -0.134512 -0.139148 -0.144407 -0.150284 -0.156773 -0.163864 -0.171546 -0.179805 -0.188624 -0.197981 -0.207853 -0.218211 -0.22902 -0.24024 -0.251824 -0.263715 -0.275847 -0.288141 -0.300504 -0.312822 -0.324961 -0.336758 -0.348013 -0.358485 -0.367874 -0.375808 -0.381826 -0.385343 -0.38562 -0.381716 -0.372423 -0.356192 -0.331045 -0.294472 -0.243342 -0.173828 -0.0814094 0.038444 0.185498 0.342056 0.567918 0.797148 0.965636 1.12786 1.27172 1.39697 1.5066 1.60354 1.69013 1.76823 1.83927 1.90441 1.96453 2.02034 2.07241 2.12119 2.16703 2.21023 2.25103 2.28963 2.3262 2.36088 2.3938 2.42505 2.45472 2.48289 2.50963 2.53501 2.55906 2.58184 2.60339 2.62375 2.64295 2.66103 2.67801 2.69391 2.70876 2.72259 2.7354 2.74722 2.75806 2.76793 2.77686 2.78483 2.79186 2.79794 2.80303 2.80709 2.80999 2.81154 nan 
nan -0.139585 -0.139849 -0.140455 -0.141498 -0.143061 -0.1452 -0.147953 -0.151343 -0.155382 -0.160078 -0.165436 -0.171456 -0.178136 -0.185473 -0.193461 -0.202093 -0.211358 -0.221244 -0.231735 -0.242814 -0.254457 -0.266638 -0.279326 -0.292482 -0.306062 -0.320012 -0.334266 -0.348748 -0.363364 -0.377999 -0.392516 -0.406741 -0.420465 -0.433424 -0.445284 -0.455624 -0.463902 -0.469415 -0.471241 -0.468161 -0.458548 -0.440225 -0.410292 -0.364921 -0.299074 -0.205705 -0.0733803 0.108807 0.223141 nan 0.909476 1.02619 1.21384 1.36509 1.48939 1.5953 1.68762 1.76939 1.84276 1.90935 1.97037 2.02673 2.07913 2.1281 2.17407 2.21736 2.25824 2.29692 2.33359 2.36838 2.40143 2.43284 2.4627 2.49108 2.51805 2.54367 2.568 2.59107 2.61294 2.63363 2.65318 2.67161 2.68897 2.70526 2.72051 2.73475 2.74799 2.76024 2.77153 2.78187 2.79126 2.79972 2.80724 2.81384 2.81948 2.82415 2.8278 2.83033 2.83164 nan 
nan -0.160693 -0.16115 -0.162091 -0.16356 -0.165606 -0.168271 -0.171585 -0.175569 -0.180238 -0.1856 -0.191661 -0.198424 -0.20589 -0.214058 -0.222926 -0.23249 -0.242745 -0.253681 -0.26529 -0.277559 -0.290473 -0.304013 -0.318156 -0.332876 -0.348139 -0.363904 -0.380123 -0.396736 -0.413671 -0.430839 -0.448128 -0.465403 -0.482491 -0.499174 -0.515177 -0.53014 -0.543594 -0.554918 -0.563273 -0.567513 -0.566041 -0.556612 -0.536068 -0.500064 -0.442935 -0.356957 -0.218778 nan nan nan nan nan 1.35202 1.49742 1.60924 1.70464 1.78786 1.86153 1.92772 1.98798 2.04343 2.0949 2.14299 2.18815 2.23073 2.271 2.30917 2.3454 2.37985 2.41264 2.44384 2.47356 2.50187 2.52881 2.55446 2.57885 2.60203 2.62404 2.6449 2.66466 2.68332 2.70093 2.71751 2.73306 2.74762 2.7612 2.77381 2.78548 2.7962 2.806 2.81489 2.82286 2.82993 2.83608 2.84132 2.8456 2.84891 2.85117 2.85233 nan 
nan -0.18205 -0.182673 -0.183896 -0.185734 -0.188214 -0.191363 -0.195205 -0.199757 -0.205031 -0.211037 -0.21778 -0.225266 -0.233498 -0.242477 -0.252204 -0.262679 -0.2739 -0.285865 -0.298568 -0.312005 -0.326166 -0.341041 -0.356617 -0.372878 -0.389802 -0.407364 -0.425532 -0.444265 -0.463514 -0.483217 -0.503296 -0.523653 -0.544163 -0.564665 -0.584951 -0.604748 -0.623692 -0.641288 -0.656854 -0.669424 -0.677588 -0.679233 -0.671119 -0.648378 -0.605161 -0.544608 nan nan nan nan nan nan nan 1.6796 1.75629 1.83431 1.90398 1.96616 2.02261 2.07462 2.12308 2.16858 2.21152 2.25222 2.29088 2.32769 2.36279 2.39628 2.42825 2.4588 2.48798 2.51584 2.54245 2.56783 2.59204 2.61509 2.63704 2.65789 2.67768 2.69642 2.71415 2.73087 2.74661 2.76138 2.7752 2.78808 2.80003 2.81107 2.8212 2.83044 2.83879 2.84627 2.85286 2.85858 2.86341 2.86734 2.87035 2.87241 2.87347 nan 
nan -0.203488 -0.204295 -0.205783 -0.207955 -0.210832 -0.214432 -0.218773 -0.223867 -0.229723 -0.236349 -0.243753 -0.251939 -0.260913 -0.270679 -0.28124 -0.2926 -0.304761 -0.317726 -0.331494 -0.346067 -0.361444 -0.377621 -0.394596 -0.412362 -0.430911 -0.450233 -0.470312 -0.491129 -0.512657 -0.534865 -0.557708 -0.58113 -0.605058 -0.629395 -0.654012 -0.678738 -0.703338 -0.727488 -0.750729 -0.772395 -0.791467 -0.806295 -0.813925 -0.808213 -0.773649 -0.66132 nan nan nan nan nan nan nan 1.79394 1.91285 1.98144 2.03466 2.08198 2.12619 2.16821 2.20843 2.24703 2.28412 2.31979 2.35409 2.38708 2.4188 2.44928 2.47857 2.50669 2.53367 2.55953 2.58431 2.60802 2.63068 2.65231 2.67292 2.69255 2.71119 2.72887 2.74559 2.76138 2.77623 2.79017 2.80321 2.81535 2.8266 2.83698 2.8465 2.85515 2.86295 2.8699 2.87601 2.88129 2.88572 2.88931 2.89205 2.89394 2.89496 nan 
-0.223935 -0.224823 -0.225937 -0.227681 -0.230159 -0.233404 -0.23743 -0.242246 -0.247858 -0.254273 -0.261498 -0.269538 -0.2784 -0.288091 -0.298616 -0.309983 -0.322198 -0.335267 -0.349198 -0.363995 -0.379666 -0.396217 -0.413654 -0.431981 -0.451204 -0.471327 -0.492354 -0.514287 -0.537126 -0.56087 -0.585515 -0.611052 -0.637469 -0.664744 -0.692848 -0.721736 -0.751346 -0.781587 -0.812329 -0.843384 -0.874473 -0.905183 -0.934873 -0.962523 -0.986367 -1.00288 nan nan nan nan nan nan nan nan nan -4.14447 -4.12796 -4.10412 -4.07647 -4.04678 -4.01607 -3.98498 -3.95392 -3.92318 -3.89294 -3.86333 -3.83444 -3.80634 -3.77906 -3.75264 -3.72711 -3.70246 -3.67872 -3.65588 -3.63395 -3.61292 -3.5928 -3.57357 -3.55525 -3.53781 -3.52126 -3.50559 -3.49079 -3.47686 -3.46379 -3.45158 -3.44021 -3.42968 -3.41999 -3.41113 -3.40309 -3.39587 -3.38945 -3.38384 -3.37902 -3.375 -3.37175 -3.36927 -3.36753 -3.36642 -3.36553 
nan -0.246632 -0.247648 -0.249539 -0.252284 -0.255875 -0.260307 -0.265579 -0.271691 -0.278644 -0.286444 -0.295097 -0.304608 -0.314988 -0.326243 -0.338383 -0.351419 -0.365359 -0.380216 -0.396001 -0.412725 -0.430402 -0.449045 -0.468668 -0.489287 -0.510917 -0.533577 -0.557285 -0.582061 -0.607926 -0.634905 -0.663024 -0.692309 -0.722793 -0.75451 -0.787498 -0.821801 -0.857469 -0.894565 -0.933166 -0.973385 -1.01541 -1.05961 -1.10693 -1.16015 -1.22874 -1.34765 nan nan nan nan nan nan nan -3.80291 -3.91524 -3.94981 -3.95552 -3.94789 -3.93306 -3.91399 -3.89232 -3.86908 -3.84493 -3.82033 -3.79561 -3.77099 -3.74665 -3.72272 -3.6993 -3.67646 -3.65425 -3.63272 -3.6119 -3.59183 -3.5725 -3.55395 -3.53619 -3.51921 -3.50304 -3.48766 -3.47309 -3.45932 -3.44635 -3.43419 -3.42283 -3.41227 -3.40251 -3.39353 -3.38535 -3.37794 -3.37132 -3.36546 -3.36037 -3.35602 -3.35242 -3.34955 -3.34738 -3.34589 -3.34508 nan 
nan -0.268124 -0.269183 -0.27124 -0.274252 -0.278184 -0.283015 -0.288731 -0.295326 -0.302799 -0.311152 -0.320391 -0.330525 -0.341563 -0.353515 -0.366394 -0.380212 -0.394983 -0.410722 -0.427445 -0.445171 -0.463917 -0.483705 -0.504557 -0.526499 -0.549557 -0.573761 -0.599146 -0.62575 -0.653616 -0.682793 -0.713338 -0.745316 -0.778806 -0.8139 -0.850711 -0.889376 -0.930069 -0.973016 -1.01851 -1.06697 -1.11899 -1.17543 -1.23761 -1.30728 -1.3853 -1.46199 nan nan nan nan nan nan nan -3.6862 -3.74675 -3.78997 -3.81271 -3.82083 -3.81918 -3.81102 -3.79845 -3.78288 -3.76528 -3.74634 -3.72654 -3.70626 -3.68576 -3.66525 -3.64489 -3.62481 -3.60511 -3.58586 -3.56712 -3.54896 -3.5314 -3.51447 -3.49821 -3.48263 -3.46776 -3.4536 -3.44016 -3.42746 -3.41549 -3.40427 -3.3938 -3.38407 -3.37509 -3.36686 -3.35937 -3.35263 -3.34662 -3.34135 -3.3368 -3.33296 -3.32981 -3.32733 -3.32549 -3.32427 -3.32364 nan 
nan -0.289263 -0.290422 -0.292686 -0.29599 -0.300277 -0.30551 -0.311664 -0.31873 -0.326704 -0.335588 -0.345389 -0.356116 -0.36778 -0.380394 -0.393973 -0.408531 -0.424087 -0.44066 -0.458269 -0.476937 -0.49669 -0.517554 -0.539559 -0.562739 -0.587132 -0.612778 -0.639726 -0.668029 -0.697749 -0.728957 -0.761738 -0.796189 -0.832427 -0.870594 -0.91086 -0.95344 -0.998603 -1.04669 -1.09816 -1.15361 -1.21387 -1.28006 -1.35374 -1.43696 -1.53235 -1.64418 -1.78957 nan nan nan nan nan -3.36037 -3.49855 -3.58453 -3.64166 -3.67766 -3.6982 -3.70763 -3.70911 -3.70487 -3.69651 -3.68519 -3.67173 -3.65677 -3.64077 -3.62408 -3.607 -3.58972 -3.57243 -3.55526 -3.53833 -3.52172 -3.5055 -3.48973 -3.47447 -3.45975 -3.44561 -3.43207 -3.41915 -3.40688 -3.39527 -3.38434 -3.37408 -3.36452 -3.35565 -3.34748 -3.34002 -3.33325 -3.32719 -3.32183 -3.31716 -3.31318 -3.30986 -3.3072 -3.30515 -3.30368 -3.30274 -3.30229 nan 
nan -0.309955 -0.311265 -0.313795 -0.317439 -0.32211 -0.327757 -0.334349 -0.341874 -0.350331 -0.359723 -0.370058 -0.381348 -0.393604 -0.406843 -0.42108 -0.436335 -0.452627 -0.46998 -0.488416 -0.507965 -0.528654 -0.550518 -0.573592 -0.597918 -0.623542 -0.650515 -0.678895 -0.708751 -0.740159 -0.773209 -0.808006 -0.844673 -0.883358 -0.924237 -0.967527 -1.01349 -1.06247 -1.11486 -1.17122 -1.23224 -1.29883 -1.37221 -1.45397 -1.5463 -1.65221 -1.7765 -1.92775 -2.1154 -2.23212 nan -2.91845 -3.03279 -3.21497 -3.3473 -3.44067 -3.50651 -3.55188 -3.58182 -3.60014 -3.60975 -3.61283 -3.61101 -3.60549 -3.59722 -3.58688 -3.57502 -3.56206 -3.54833 -3.53411 -3.51959 -3.50496 -3.49034 -3.47586 -3.4616 -3.44765 -3.43407 -3.42092 -3.40823 -3.39605 -3.38441 -3.37333 -3.36284 -3.35295 -3.34369 -3.33505 -3.32707 -3.31973 -3.31305 -3.30703 -3.30167 -3.29697 -3.29294 -3.28955 -3.28679 -3.28465 -3.28309 -3.28205 -3.28144 -3.28118 nan 
nan -0.330057 -0.331603 -0.334501 -0.338559 -0.343657 -0.349734 -0.356763 -0.364737 -0.373658 -0.383534 -0.394375 -0.406194 -0.419007 -0.43283 -0.447683 -0.463586 -0.480563 -0.498638 -0.517841 -0.538201 -0.559753 -0.582534 -0.606587 -0.631958 -0.658701 -0.686875 -0.716547 -0.747795 -0.780709 -0.815392 -0.851963 -0.890566 -0.931366 -0.974565 -1.0204 -1.06918 -1.12125 -1.17706 -1.23719 -1.30232 -1.37337 -1.45146 -1.53806 -1.63499 -1.74462 -1.86987 -2.01373 -2.17596 -2.34444 -2.57367 -2.79954 -2.95609 -3.10315 -3.223 -3.31542 -3.38493 -3.43606 -3.47264 -3.49779 -3.51402 -3.52331 -3.52721 -3.52694 -3.52342 -3.5174 -3.50947 -3.50008 -3.48961 -3.47835 -3.46655 -3.45441 -3.4421 -3.42973 -3.41744 -3.40531 -3.39342 -3.38183 -3.37061 -3.3598 -3.34945 -3.33957 -3.33022 -3.3214 -3.31314 -3.30546 -3.29837 -3.29188 -3.286 -3.28074 -3.2761 -3.27209 -3.26871 -3.26594 -3.26378 -3.26222 -3.2612 -3.26068 -3.26051 -3.26052 nan 
nan -0.349344 -0.351316 -0.35476 -0.359342 -0.364917 -0.371439 -0.3789 -0.387306 -0.396668 -0.407 -0.418316 -0.43063 -0.443961 -0.458327 -0.47375 -0.490252 -0.507858 -0.526598 -0.546501 -0.567602 -0.589937 -0.61355 -0.638485 -0.664795 -0.692538 -0.72178 -0.752595 -0.785067 -0.819295 -0.855389 -0.893481 -0.933722 -0.976291 -1.0214 -1.0693 -1.12029 -1.17474 -1.2331 -1.29589 -1.36378 -1.43757 -1.51823 -1.60694 -1.70506 -1.81414 -1.93572 -2.07086 -2.21917 -2.37901 -2.55716 -2.73095 -2.87808 -3.00775 -3.11709 -3.20579 -3.27586 -3.33002 -3.37097 -3.40112 -3.42255 -3.43696 -3.44576 -3.45009 -3.45086 -3.44881 -3.44453 -3.4385 -3.43113 -3.42273 -3.41356 -3.40386 -3.39379 -3.38351 -3.37316 -3.36283 -3.35262 -3.34261 -3.33285 -3.32342 -3.31436 -3.3057 -3.29748 -3.28974 -3.2825 -3.27578 -3.2696 -3.26397 -3.25891 -3.25443 -3.25053 -3.24722 -3.24451 -3.24238 -3.24085 -3.23991 -3.23953 -3.23965 -3.24012 -3.24059 nan 
nan -0.367406 -0.370292 -0.374601 -0.379838 -0.385925 -0.392886 -0.400759 -0.409573 -0.419349 -0.430107 -0.441864 -0.454637 -0.468446 -0.483312 -0.499257 -0.516305 -0.534486 -0.553827 -0.574363 -0.59613 -0.619168 -0.643521 -0.66924 -0.696379 -0.725 -0.755172 -0.786975 -0.820497 -0.85584 -0.893121 -0.932473 -0.974054 -1.01804 -1.06465 -1.11413 -1.16677 -1.22292 -1.28298 -1.34745 -1.4169 -1.49199 -1.57349 -1.66226 -1.75922 -1.86527 -1.98109 -2.10686 -2.24191 -2.38472 -2.53332 -2.67772 -2.8084 -2.92453 -3.02477 -3.10885 -3.17774 -3.23305 -3.27664 -3.3103 -3.33568 -3.3542 -3.3671 -3.3754 -3.37996 -3.38148 -3.38055 -3.37765 -3.37319 -3.3675 -3.36085 -3.35349 -3.34561 -3.33737 -3.32891 -3.32036 -3.31181 -3.30335 -3.29506 -3.287 -3.27922 -3.27178 -3.26471 -3.25805 -3.25184 -3.24609 -3.24082 -3.23607 -3.23184 -3.22814 -3.22499 -3.2224 -3.22036 -3.2189 -3.21802 -3.21773 -3.21806 -3.219 -3.22044 -3.22188 nan 
nan -0.383351 -0.388587 -0.394237 -0.400193 -0.406753 -0.414105 -0.422349 -0.431534 -0.44169 -0.452841 -0.465004 -0.478199 -0.492445 -0.507766 -0.524184 -0.541726 -0.560422 -0.580302 -0.601401 -0.623758 -0.647415 -0.672418 -0.698819 -0.726674 -0.756048 -0.787012 -0.819647 -0.854043 -0.890303 -0.928545 -0.968901 -1.01153 -1.05659 -1.10431 -1.15491 -1.20866 -1.26587 -1.32692 -1.3922 -1.4622 -1.53742 -1.61845 -1.70585 -1.80017 -1.90184 -2.01102 -2.12741 -2.25003 -2.37709 -2.50567 -2.63041 -2.74622 -2.85086 -2.943 -3.02226 -3.08903 -3.14428 -3.18924 -3.22523 -3.25351 -3.27526 -3.29151 -3.30318 -3.31102 -3.31572 -3.31782 -3.31779 -3.31603 -3.31288 -3.30863 -3.30351 -3.29772 -3.29145 -3.28484 -3.27802 -3.2711 -3.26417 -3.25732 -3.25062 -3.24412 -3.23789 -3.23197 -3.22639 -3.2212 -3.21643 -3.21209 -3.20821 -3.20481 -3.20191 -3.19952 -3.19765 -3.1963 -3.1955 -3.19527 -3.19563 -3.19667 -3.19856 -3.20152 -3.20536 nan 
nan -0.394864 -0.407208 -0.414282 -0.42065 -0.427483 -0.435118 -0.443669 -0.453183 -0.463684 -0.475192 -0.487725 -0.501302 -0.515944 -0.531674 -0.548516 -0.566498 -0.58565 -0.606004 -0.627597 -0.650467 -0.674659 -0.700219 -0.727199 -0.755658 -0.785661 -0.817278 -0.85059 -0.885687 -0.92267 -0.961653 -1.00276 -1.04615 -1.09198 -1.14043 -1.19173 -1.24611 -1.30384 -1.36523 -1.43061 -1.50035 -1.57483 -1.65443 -1.73951 -1.83032 -1.92699 -2.02934 -2.13684 -2.24838 -2.36226 -2.47598 -2.5862 -2.68978 -2.78467 -2.86963 -2.94416 -3.00837 -3.06278 -3.10822 -3.14563 -3.17597 -3.20018 -3.21914 -3.23361 -3.24428 -3.25176 -3.25656 -3.25914 -3.25987 -3.25909 -3.25707 -3.25407 -3.25029 -3.2459 -3.24107 -3.23593 -3.2306 -3.22517 -3.21974 -3.21437 -3.20914 -3.20411 -3.19932 -3.19483 -3.19066 -3.18685 -3.18344 -3.18045 -3.17789 -3.17579 -3.17416 -3.17301 -3.17236 -3.17221 -3.17259 -3.17354 -3.17515 -3.17775 -3.18245 -3.19349 nan 
nan nan -0.431757 -0.435732 -0.441344 -0.448105 -0.455901 -0.464703 -0.474507 -0.485319 -0.497151 -0.510019 -0.52394 -0.538935 -0.555028 -0.572243 -0.59061 -0.610159 -0.630923 -0.652938 -0.676246 -0.700888 -0.726913 -0.754372 -0.783324 -0.813832 -0.845967 -0.879806 -0.915436 -0.952955 -0.99247 -1.0341 -1.07799 -1.12427 -1.17313 -1.22475 -1.27933 -1.3371 -1.39831 -1.46322 -1.53208 -1.60517 -1.68271 -1.76488 -1.85175 -1.94322 -2.03896 -2.13831 -2.24022 -2.34319 -2.44527 -2.54418 -2.63777 -2.72441 -2.80304 -2.87312 -2.93458 -2.98769 -3.03299 -3.07115 -3.10288 -3.12894 -3.15002 -3.1668 -3.17987 -3.18977 -3.19696 -3.20188 -3.20488 -3.20627 -3.20635 -3.20533 -3.20344 -3.20086 -3.19774 -3.19422 -3.19042 -3.18645 -3.1824 -3.17834 -3.17436 -3.17051 -3.16684 -3.16341 -3.16026 -3.15743 -3.15493 -3.15282 -3.1511 -3.1498 -3.14894 -3.14852 -3.14856 -3.14907 -3.15004 -3.15147 -3.15334 -3.15555 -3.1577 nan nan 
nan nan -0.453003 -0.456245 -0.461591 -0.468392 -0.476369 -0.485413 -0.495488 -0.506586 -0.518712 -0.53188 -0.546106 -0.561412 -0.577822 -0.595361 -0.614058 -0.633944 -0.655054 -0.677422 -0.70109 -0.7261 -0.7525 -0.780339 -0.809676 -0.840571 -0.873092 -0.907313 -0.943317 -0.981194 -1.02105 -1.06298 -1.10712 -1.1536 -1.20257 -1.25418 -1.3086 -1.36602 -1.42663 -1.49061 -1.55814 -1.62939 -1.70446 -1.78341 -1.86616 -1.95251 -2.04204 -2.13407 -2.22765 -2.32153 -2.41418 -2.50396 -2.58931 -2.66896 -2.74202 -2.80798 -2.86669 -2.91825 -2.963 -3.00141 -3.03401 -3.0614 -3.08415 -3.1028 -3.11787 -3.12985 -3.13914 -3.14614 -3.15119 -3.15458 -3.15658 -3.15743 -3.15732 -3.15644 -3.15495 -3.15298 -3.15066 -3.1481 -3.14539 -3.14261 -3.13984 -3.13715 -3.13459 -3.13222 -3.13007 -3.12819 -3.12662 -3.12538 -3.1245 -3.124 -3.12391 -3.12423 -3.12497 -3.12614 -3.12771 -3.12967 -3.13189 -3.13412 -3.13575 nan nan 
nan nan -0.471733 -0.475377 -0.481099 -0.488209 -0.496463 -0.505775 -0.516115 -0.527479 -0.539872 -0.553307 -0.567801 -0.583376 -0.600056 -0.617868 -0.636842 -0.657007 -0.678398 -0.701051 -0.725005 -0.750302 -0.776989 -0.805113 -0.83473 -0.865898 -0.89868 -0.933147 -0.969375 -1.00745 -1.04745 -1.08949 -1.13367 -1.18011 -1.22892 -1.28024 -1.33421 -1.39096 -1.45063 -1.51335 -1.57923 -1.64834 -1.72072 -1.79631 -1.87497 -1.95642 -2.04021 -2.12571 -2.21208 -2.29828 -2.38313 -2.46536 -2.54381 -2.61749 -2.68566 -2.74786 -2.80389 -2.85378 -2.89771 -2.93602 -2.96911 -2.99742 -3.02143 -3.04158 -3.05832 -3.07206 -3.08318 -3.09203 -3.09892 -3.10412 -3.10789 -3.11046 -3.11202 -3.11275 -3.1128 -3.11231 -3.11141 -3.1102 -3.10879 -3.10725 -3.10567 -3.10411 -3.10263 -3.10129 -3.10013 -3.0992 -3.09853 -3.09816 -3.09812 -3.09842 -3.0991 -3.10016 -3.10162 -3.10347 -3.1057 -3.10829 -3.11113 -3.11398 -3.11617 nan nan 
nan nan -0.487581 -0.493173 -0.499941 -0.507591 -0.516196 -0.525793 -0.536393 -0.548004 -0.560635 -0.574303 -0.589027 -0.604828 -0.621734 -0.63977 -0.658965 -0.679352 -0.700963 -0.723833 -0.748002 -0.773508 -0.800397 -0.828715 -0.858512 -0.889845 -0.922772 -0.957358 -0.993671 -1.03179 -1.07179 -1.11375 -1.15778 -1.20396 -1.2524 -1.3032 -1.35647 -1.4123 -1.47078 -1.532 -1.59601 -1.66281 -1.73238 -1.80461 -1.8793 -1.95614 -2.0347 -2.11439 -2.19449 -2.27413 -2.35238 -2.42827 -2.50087 -2.5694 -2.63326 -2.69205 -2.74554 -2.79371 -2.83667 -2.87463 -2.9079 -2.93682 -2.96176 -2.9831 -3.0012 -3.01644 -3.02914 -3.03961 -3.04814 -3.05498 -3.06037 -3.06453 -3.06763 -3.06986 -3.07137 -3.07229 -3.07274 -3.07283 -3.07267 -3.07233 -3.07189 -3.07143 -3.07101 -3.07068 -3.0705 -3.0705 -3.07073 -3.07122 -3.072 -3.0731 -3.07455 -3.07636 -3.07854 -3.0811 -3.08404 -3.08736 -3.09108 -3.09525 -3.09951 nan nan 
nan nan -0.498644 -0.510542 -0.518627 -0.526732 -0.535638 -0.545496 -0.556336 -0.56817 -0.581011 -0.594878 -0.609792 -0.625778 -0.642863 -0.661073 -0.680439 -0.70099 -0.722761 -0.745784 -0.770097 -0.795738 -0.822749 -0.851173 -0.881059 -0.912456 -0.945419 -0.980006 -1.01628 -1.0543 -1.09415 -1.13589 -1.17959 -1.22535 -1.27323 -1.32332 -1.37569 -1.43041 -1.48753 -1.54708 -1.60907 -1.67348 -1.74023 -1.80916 -1.88006 -1.95262 -2.02642 -2.10094 -2.17554 -2.24953 -2.32214 -2.3926 -2.46017 -2.52424 -2.58429 -2.63998 -2.69109 -2.73757 -2.77945 -2.8169 -2.85013 -2.8794 -2.90501 -2.92727 -2.94649 -2.96298 -2.97703 -2.98892 -2.99891 -3.00722 -3.01409 -3.0197 -3.02424 -3.02788 -3.03075 -3.03299 -3.03473 -3.03606 -3.03709 -3.03791 -3.03858 -3.03919 -3.0398 -3.04045 -3.04122 -3.04213 -3.04324 -3.04458 -3.04618 -3.04808 -3.05029 -3.05285 -3.05576 -3.05904 -3.06269 -3.06674 -3.07132 -3.07718 -3.08793 nan nan 
nan nan nan -0.532413 -0.538009 -0.545784 -0.55483 -0.56491 -0.575966 -0.587996 -0.601015 -0.615044 -0.630109 -0.646237 -0.663455 -0.681791 -0.701275 -0.721937 -0.743809 -0.766923 -0.791315 -0.81702 -0.844077 -0.872527 -0.902413 -0.933782 -0.966681 -1.00116 -1.03728 -1.07509 -1.11465 -1.15603 -1.19928 -1.24446 -1.29163 -1.34086 -1.39218 -1.44565 -1.50127 -1.55905 -1.61897 -1.68096 -1.74492 -1.81068 -1.87801 -1.9466 -2.01608 -2.08597 -2.15575 -2.22481 -2.29253 -2.35829 -2.42151 -2.48166 -2.53832 -2.5912 -2.6401 -2.68493 -2.7257 -2.76252 -2.79555 -2.82497 -2.85104 -2.874 -2.89412 -2.91166 -2.92686 -2.93999 -2.95126 -2.9609 -2.96909 -2.97604 -2.9819 -2.98684 -2.99099 -2.99448 -2.99743 -2.99995 -3.00212 -3.00404 -3.00579 -3.00743 -3.00903 -3.01065 -3.01233 -3.01414 -3.01611 -3.01828 -3.02069 -3.02336 -3.02634 -3.02965 -3.03329 -3.0373 -3.04165 -3.04629 -3.05098 -3.0549 nan nan nan 
nan nan nan -0.549416 -0.55594 -0.564285 -0.573696 -0.58404 -0.595303 -0.607503 -0.620664 -0.634818 -0.649992 -0.666218 -0.683523 -0.701938 -0.721491 -0.742211 -0.764128 -0.787275 -0.811682 -0.837385 -0.864417 -0.892818 -0.922625 -0.953879 -0.986625 -1.02091 -1.05677 -1.09426 -1.13343 -1.17432 -1.21699 -1.26148 -1.30782 -1.35607 -1.40624 -1.45834 -1.51239 -1.56835 -1.62617 -1.68577 -1.74702 -1.80975 -1.87373 -1.93867 -2.00422 -2.06997 -2.13546 -2.20019 -2.26364 -2.32531 -2.3847 -2.44139 -2.49503 -2.54536 -2.5922 -2.63545 -2.67511 -2.71123 -2.74393 -2.77336 -2.79972 -2.8232 -2.84403 -2.86243 -2.87862 -2.89281 -2.90522 -2.91603 -2.92543 -2.93359 -2.94067 -2.94682 -2.95216 -2.95682 -2.96092 -2.96455 -2.96782 -2.97079 -2.97357 -2.9762 -2.97876 -2.98131 -2.98389 -2.98657 -2.98937 -2.99236 -2.99555 -2.999 -3.00273 -3.00677 -3.01116 -3.0159 -3.02103 -3.02649 -3.03216 -3.03727 nan nan nan 
nan nan nan -0.560689 -0.572796 -0.582439 -0.592336 -0.602947 -0.614389 -0.62672 -0.639983 -0.654218 -0.669458 -0.685738 -0.703086 -0.721533 -0.741106 -0.761833 -0.783744 -0.806867 -0.831232 -0.85687 -0.883813 -0.912094 -0.941749 -0.972812 -1.00532 -1.03932 -1.07483 -1.11191 -1.15059 -1.19091 -1.2329 -1.27659 -1.32202 -1.36919 -1.41813 -1.46881 -1.52123 -1.57535 -1.63108 -1.68834 -1.74699 -1.80685 -1.86771 -1.92928 -1.99126 -2.05329 -2.11496 -2.17585 -2.23554 -2.29359 -2.3496 -2.40322 -2.45415 -2.50216 -2.54709 -2.58884 -2.62739 -2.66277 -2.69507 -2.7244 -2.7509 -2.77476 -2.79615 -2.81525 -2.83227 -2.84739 -2.86079 -2.87265 -2.88313 -2.89239 -2.90059 -2.90784 -2.91429 -2.92005 -2.92523 -2.92992 -2.93422 -2.9382 -2.94196 -2.94554 -2.94903 -2.95247 -2.95593 -2.95944 -2.96307 -2.96684 -2.9708 -2.975 -2.97946 -2.98423 -2.98934 -2.99484 -3.00077 -3.00723 -3.01464 -3.02554 nan nan nan 
nan nan nan nan -0.592816 -0.601056 -0.610967 -0.62172 -0.633274 -0.645681 -0.658996 -0.673264 -0.688525 -0.704814 -0.722161 -0.740594 -0.760142 -0.780829 -0.802684 -0.825731 -0.849999 -0.875515 -0.902308 -0.930408 -0.959844 -0.990647 -1.02285 -1.05648 -1.09158 -1.12817 -1.16628 -1.20594 -1.24717 -1.28999 -1.33442 -1.38046 -1.42811 -1.47734 -1.52812 -1.58039 -1.63408 -1.68907 -1.74524 -1.80239 -1.86033 -1.91881 -1.97754 -2.0362 -2.09445 -2.15193 -2.20826 -2.26311 -2.31611 -2.36699 -2.41547 -2.46136 -2.50452 -2.54485 -2.58232 -2.61695 -2.64878 -2.67792 -2.70447 -2.72858 -2.75039 -2.77007 -2.78779 -2.8037 -2.81796 -2.83075 -2.8422 -2.85247 -2.86168 -2.86996 -2.87744 -2.88422 -2.8904 -2.89609 -2.90137 -2.90631 -2.911 -2.9155 -2.91988 -2.92419 -2.92848 -2.93281 -2.93722 -2.94176 -2.94646 -2.95138 -2.95655 -2.96202 -2.96783 -2.97403 -2.98068 -2.98772 -2.99434 nan nan nan nan 
nan nan nan nan -0.605359 -0.618722 -0.629463 -0.64039 -0.651994 -0.664414 -0.677724 -0.691975 -0.70721 -0.723464 -0.740766 -0.759144 -0.778622 -0.799226 -0.820977 -0.843902 -0.868023 -0.893365 -0.919954 -0.947814 -0.976972 -1.00745 -1.03929 -1.07249 -1.1071 -1.14313 -1.1806 -1.21954 -1.25995 -1.30185 -1.34524 -1.3901 -1.43643 -1.48418 -1.53332 -1.58378 -1.63548 -1.68829 -1.74209 -1.7967 -1.85193 -1.90755 -1.96331 -2.01892 -2.07409 -2.1285 -2.18185 -2.23382 -2.28413 -2.33253 -2.3788 -2.42276 -2.46428 -2.50327 -2.5397 -2.57356 -2.6049 -2.63378 -2.66029 -2.68455 -2.70668 -2.72682 -2.74512 -2.76171 -2.77673 -2.79034 -2.80266 -2.81382 -2.82396 -2.83319 -2.84161 -2.84934 -2.85648 -2.8631 -2.8693 -2.87516 -2.88074 -2.88611 -2.89134 -2.89648 -2.90158 -2.90669 -2.91186 -2.91714 -2.92256 -2.92817 -2.93401 -2.94014 -2.94661 -2.95349 -2.96092 -2.96936 -2.98144 nan nan nan nan 
nan nan nan nan nan -0.63969 -0.648473 -0.65908 -0.670589 -0.682941 -0.696183 -0.710364 -0.725527 -0.741703 -0.758921 -0.777203 -0.796572 -0.81705 -0.838657 -0.861415 -0.885343 -0.910464 -0.936799 -0.96437 -0.993197 -1.0233 -1.05471 -1.08743 -1.1215 -1.15691 -1.1937 -1.23186 -1.27141 -1.31233 -1.35464 -1.3983 -1.44329 -1.48958 -1.5371 -1.58579 -1.63555 -1.68628 -1.73783 -1.79006 -1.84277 -1.89576 -1.9488 -2.00163 -2.05401 -2.10566 -2.15631 -2.2057 -2.25359 -2.29975 -2.34401 -2.38619 -2.42619 -2.46392 -2.49934 -2.53245 -2.56327 -2.59184 -2.61825 -2.64258 -2.66494 -2.68545 -2.70422 -2.72139 -2.73707 -2.7514 -2.7645 -2.77648 -2.78746 -2.79755 -2.80685 -2.81546 -2.82348 -2.83098 -2.83806 -2.84478 -2.8512 -2.85741 -2.86345 -2.86939 -2.87526 -2.88113 -2.88703 -2.89301 -2.89912 -2.90538 -2.91186 -2.91861 -2.92567 -2.9331 -2.94085 -2.94803 nan nan nan nan nan 
nan nan nan nan nan -0.652623 -0.666373 -0.677567 -0.689035 -0.701264 -0.714379 -0.728442 -0.743489 -0.759548 -0.776643 -0.794793 -0.814017 -0.834332 -0.855756 -0.878307 -0.902002 -0.92686 -0.952898 -0.980133 -1.00858 -1.03827 -1.0692 -1.1014 -1.13487 -1.16963 -1.20568 -1.24303 -1.28167 -1.3216 -1.3628 -1.40524 -1.4489 -1.49373 -1.53966 -1.58663 -1.63454 -1.68327 -1.73271 -1.7827 -1.83306 -1.88362 -1.93416 -1.98447 -2.03431 -2.08345 -2.13167 -2.17872 -2.22441 -2.26855 -2.31096 -2.35151 -2.39009 -2.42664 -2.4611 -2.49347 -2.52375 -2.55199 -2.57824 -2.60258 -2.6251 -2.64589 -2.66505 -2.68271 -2.69896 -2.71393 -2.72771 -2.74042 -2.75217 -2.76305 -2.77316 -2.7826 -2.79144 -2.79976 -2.80766 -2.81519 -2.82242 -2.82942 -2.83624 -2.84294 -2.84956 -2.85615 -2.86275 -2.86941 -2.87616 -2.88306 -2.89013 -2.89744 -2.90505 -2.9131 -2.92207 -2.93464 nan nan nan nan nan 
nan nan nan nan nan nan -0.687502 -0.696475 -0.707417 -0.719389 -0.732312 -0.746209 -0.761102 -0.777011 -0.793951 -0.811937 -0.830982 -0.851102 -0.87231 -0.894619 -0.918045 -0.942601 -0.968303 -0.995164 -1.0232 -1.05242 -1.08284 -1.11447 -1.14731 -1.18137 -1.21666 -1.25316 -1.29088 -1.32979 -1.36988 -1.41111 -1.45345 -1.49684 -1.54122 -1.58652 -1.63265 -1.67949 -1.72692 -1.77481 -1.82299 -1.8713 -1.91954 -1.96753 -2.01506 -2.06193 -2.10792 -2.15286 -2.19655 -2.23883 -2.27955 -2.31859 -2.35586 -2.39129 -2.42484 -2.45648 -2.48623 -2.51411 -2.54017 -2.56447 -2.58708 -2.60808 -2.62756 -2.64563 -2.66237 -2.6779 -2.69229 -2.70567 -2.71811 -2.72971 -2.74056 -2.75075 -2.76036 -2.76946 -2.77813 -2.78643 -2.79442 -2.80218 -2.80974 -2.81716 -2.82449 -2.83178 -2.83905 -2.84636 -2.85374 -2.86122 -2.86885 -2.87666 -2.88469 -2.89289 -2.90034 nan nan nan nan nan nan 
nan nan nan nan nan nan -0.700406 -0.714126 -0.725472 -0.737259 -0.74996 -0.763659 -0.778371 -0.794102 -0.810861 -0.828656 -0.847496 -0.867392 -0.888353 -0.91039 -0.933514 -0.957736 -0.983068 -1.00952 -1.03711 -1.06583 -1.0957 -1.12673 -1.15891 -1.19226 -1.22675 -1.26239 -1.29916 -1.33705 -1.37602 -1.41605 -1.45708 -1.49907 -1.54195 -1.58564 -1.63006 -1.67511 -1.72065 -1.76657 -1.81272 -1.85894 -1.90506 -1.95092 -1.99633 -2.04111 -2.08508 -2.12808 -2.16994 -2.21052 -2.24969 -2.28734 -2.32339 -2.35777 -2.39044 -2.42139 -2.4506 -2.47811 -2.50394 -2.52815 -2.5508 -2.57196 -2.5917 -2.61011 -2.62728 -2.64329 -2.65823 -2.67219 -2.68526 -2.69753 -2.70906 -2.71995 -2.73027 -2.74009 -2.74948 -2.75851 -2.76723 -2.77569 -2.78396 -2.79208 -2.8001 -2.80805 -2.81597 -2.8239 -2.83188 -2.83992 -2.84807 -2.85635 -2.86487 -2.87412 -2.88682 nan nan nan nan nan nan 
nan nan nan nan nan nan nan -0.734829 -0.743786 -0.754918 -0.767306 -0.780783 -0.795297 -0.810834 -0.827391 -0.844974 -0.863586 -0.883234 -0.903923 -0.925661 -0.948456 -0.972315 -0.997248 -1.02326 -1.05037 -1.07857 -1.10787 -1.13827 -1.16977 -1.20237 -1.23605 -1.27082 -1.30664 -1.3435 -1.38136 -1.4202 -1.45995 -1.50057 -1.542 -1.58415 -1.62694 -1.67028 -1.71404 -1.75811 -1.80236 -1.84664 -1.89081 -1.9347 -1.97816 -2.02103 -2.06315 -2.10437 -2.14456 -2.18357 -2.22131 -2.25767 -2.29258 -2.32597 -2.35781 -2.38807 -2.41676 -2.44389 -2.46948 -2.49357 -2.51622 -2.53748 -2.55742 -2.57612 -2.59365 -2.61008 -2.62551 -2.64 -2.65364 -2.6665 -2.67866 -2.6902 -2.70118 -2.71167 -2.72174 -2.73145 -2.74085 -2.75 -2.75894 -2.76773 -2.7764 -2.78499 -2.79354 -2.80207 -2.81062 -2.81921 -2.82784 -2.83649 -2.84503 -2.85257 nan nan nan nan nan nan nan 
nan nan nan nan nan nan nan -0.747327 -0.760647 -0.772032 -0.784267 -0.797564 -0.811887 -0.827218 -0.84356 -0.860914 -0.879281 -0.898662 -0.919058 -0.940475 -0.962916 -0.986388 -1.0109 -1.03645 -1.06305 -1.0907 -1.1194 -1.14916 -1.17996 -1.2118 -1.24467 -1.27855 -1.31342 -1.34926 -1.38603 -1.42369 -1.46219 -1.50149 -1.54151 -1.58219 -1.62343 -1.66514 -1.70722 -1.74956 -1.79203 -1.83451 -1.87686 -1.91894 -1.9606 -2.00171 -2.04212 -2.08171 -2.12035 -2.15793 -2.19434 -2.2295 -2.26333 -2.2958 -2.32684 -2.35646 -2.38463 -2.41137 -2.43669 -2.46064 -2.48325 -2.50458 -2.52468 -2.54361 -2.56144 -2.57825 -2.5941 -2.60906 -2.62322 -2.63663 -2.64936 -2.6615 -2.67309 -2.68421 -2.69492 -2.70526 -2.71531 -2.7251 -2.73469 -2.74412 -2.75342 -2.76263 -2.77178 -2.78089 -2.79001 -2.79914 -2.8083 -2.81747 -2.82689 -2.83932 nan nan nan nan nan nan nan 
nan nan nan nan nan nan nan nan -0.780137 -0.78901 -0.800874 -0.814022 -0.828158 -0.843275 -0.859389 -0.876502 -0.89461 -0.91371 -0.933797 -0.954873 -0.976941 -1 -1.02407 -1.04914 -1.07521 -1.10229 -1.13038 -1.15948 -1.18957 -1.22064 -1.25268 -1.28568 -1.31961 -1.35443 -1.39012 -1.42664 -1.46393 -1.50194 -1.54061 -1.57987 -1.61963 -1.6598 -1.7003 -1.74101 -1.78182 -1.82262 -1.86328 -1.90367 -1.94367 -1.98316 -2.022 -2.06008 -2.0973 -2.13354 -2.16871 -2.20275 -2.23559 -2.26718 -2.29747 -2.32645 -2.35412 -2.38047 -2.40553 -2.42931 -2.45186 -2.47321 -2.49342 -2.51254 -2.53064 -2.54777 -2.56399 -2.57938 -2.594 -2.6079 -2.62116 -2.63385 -2.64601 -2.65771 -2.66901 -2.67996 -2.69062 -2.70103 -2.71123 -2.72127 -2.73118 -2.74099 -2.75072 -2.7604 -2.77006 -2.77974 -2.78945 -2.79889 -2.80643 nan nan nan nan nan nan nan nan 
nan nan nan nan nan nan nan nan -0.791523 -0.80374 -0.816915 -0.830197 -0.844146 -0.859024 -0.874897 -0.891763 -0.909607 -0.928415 -0.94818 -0.968901 -0.990578 -1.01321 -1.03681 -1.06138 -1.08691 -1.11341 -1.14088 -1.1693 -1.19867 -1.22897 -1.26019 -1.29231 -1.32529 -1.35912 -1.39376 -1.42915 -1.46526 -1.50204 -1.53941 -1.5773 -1.61566 -1.65437 -1.69337 -1.73255 -1.77181 -1.81104 -1.85012 -1.88895 -1.92741 -1.96539 -2.00278 -2.03946 -2.07535 -2.11036 -2.14439 -2.17738 -2.20928 -2.24004 -2.26961 -2.298 -2.32517 -2.35114 -2.37591 -2.39951 -2.42197 -2.44332 -2.46361 -2.48289 -2.5012 -2.51861 -2.53517 -2.55093 -2.56596 -2.58032 -2.59406 -2.60725 -2.61993 -2.63218 -2.64403 -2.65555 -2.66678 -2.67777 -2.68857 -2.6992 -2.7097 -2.72009 -2.73039 -2.74062 -2.7508 -2.76102 -2.77157 -2.78297 -2.79428 nan nan nan nan nan nan nan nan 
nan nan nan nan nan nan nan nan nan -0.818251 -0.83356 -0.846414 -0.859908 -0.874473 -0.890098 -0.906722 -0.924303 -0.942816 -0.962251 -0.982602 -1.00387 -1.02607 -1.04919 -1.07324 -1.09821 -1.12412 -1.15095 -1.17869 -1.20733 -1.23686 -1.26726 -1.29851 -1.33057 -1.36342 -1.39702 -1.43133 -1.4663 -1.50187 -1.53799 -1.57459 -1.6116 -1.64894 -1.68652 -1.72426 -1.76206 -1.79982 -1.83743 -1.87481 -1.91184 -1.94842 -1.98445 -2.01984 -2.0545 -2.08835 -2.12131 -2.15333 -2.18435 -2.21432 -2.24321 -2.27101 -2.29771 -2.3233 -2.34778 -2.37119 -2.39355 -2.41487 -2.43521 -2.45461 -2.4731 -2.49075 -2.5076 -2.52369 -2.5391 -2.55386 -2.56804 -2.58169 -2.59486 -2.60761 -2.61998 -2.63203 -2.64381 -2.65535 -2.66671 -2.67791 -2.68899 -2.69996 -2.71083 -2.72158 -2.73219 -2.74269 -2.75355 -2.76786 nan nan nan nan nan nan nan nan nan 
nan nan nan nan nan nan nan nan nan nan -0.853333 -0.862704 -0.87531 -0.889567 -0.904992 -0.921407 -0.93874 -0.956959 -0.976055 -0.996026 -1.01688 -1.03861 -1.06124 -1.08476 -1.10917 -1.13447 -1.16065 -1.18771 -1.21563 -1.24439 -1.27398 -1.30436 -1.33552 -1.36741 -1.4 -1.43325 -1.46711 -1.50153 -1.53645 -1.57182 -1.60755 -1.64358 -1.67982 -1.7162 -1.75263 -1.78901 -1.82525 -1.86127 -1.89696 -1.93224 -1.96701 -2.0012 -2.03471 -2.06749 -2.09945 -2.13055 -2.16073 -2.18996 -2.21821 -2.24546 -2.27168 -2.2969 -2.3211 -2.3443 -2.36653 -2.38782 -2.40818 -2.42767 -2.44631 -2.46416 -2.48126 -2.49766 -2.5134 -2.52853 -2.54311 -2.55718 -2.5708 -2.58401 -2.59686 -2.60941 -2.62169 -2.63376 -2.64565 -2.65741 -2.66906 -2.68062 -2.69208 -2.70339 -2.71441 -2.72469 -2.73276 nan nan nan nan nan nan nan nan nan nan 
nan nan nan nan nan nan nan nan nan nan -0.864502 -0.876505 -0.889787 -0.904205 -0.919594 -0.935863 -0.952968 -0.970896 -0.989644 -1.00922 -1.02963 -1.05089 -1.07301 -1.09599 -1.11982 -1.14451 -1.17005 -1.19643 -1.22363 -1.25163 -1.28041 -1.30994 -1.3402 -1.37116 -1.40277 -1.43499 -1.46779 -1.5011 -1.53487 -1.56905 -1.60356 -1.63835 -1.67333 -1.70842 -1.74356 -1.77865 -1.81361 -1.84836 -1.8828 -1.91686 -1.95046 -1.98352 -2.01597 -2.04773 -2.07876 -2.109 -2.1384 -2.16693 -2.19455 -2.22126 -2.24704 -2.27189 -2.2958 -2.3188 -2.34089 -2.36211 -2.38248 -2.40203 -2.4208 -2.43882 -2.45614 -2.4728 -2.48884 -2.50431 -2.51925 -2.53371 -2.54774 -2.56137 -2.57467 -2.58767 -2.60043 -2.61299 -2.6254 -2.63769 -2.64991 -2.66207 -2.67418 -2.68621 -2.69809 -2.70966 -2.72079 nan nan nan nan nan nan nan nan nan nan 
nan nan nan nan nan nan nan nan nan nan nan -0.889776 -0.903859 -0.918585 -0.934019 -0.950175 -0.96706 -0.984688 -1.00307 -1.02223 -1.04219 -1.06296 -1.08455 -1.10698 -1.13023 -1.15431 -1.1792 -1.2049 -1.23138 -1.25863 -1.28661 -1.31532 -1.34471 -1.37475 -1.4054 -1.43663 -1.4684 -1.50064 -1.53331 -1.56636 -1.59971 -1.63331 -1.6671 -1.70098 -1.7349 -1.76878 -1.80253 -1.83609 -1.86936 -1.90229 -1.93479 -1.9668 -1.99824 -2.02906 -2.05921 -2.08864 -2.1173 -2.14516 -2.1722 -2.19839 -2.22373 -2.24822 -2.27185 -2.29463 -2.31658 -2.33772 -2.35807 -2.37766 -2.39653 -2.4147 -2.43221 -2.4491 -2.46542 -2.48119 -2.49646 -2.51127 -2.52567 -2.5397 -2.5534 -2.56682 -2.58002 -2.59303 -2.60592 -2.61873 -2.6315 -2.64427 -2.65706 -2.6699 -2.6828 -2.69582 nan nan nan nan nan nan nan nan nan nan nan 
nan nan nan nan nan nan nan nan nan nan nan nan -0.918014 -0.932971 -0.948426 -0.964453 -0.9811 -0.998404 -1.0164 -1.03512 -1.0546 -1.07486 -1.09591 -1.11777 -1.14043 -1.1639 -1.18815 -1.21317 -1.23894 -1.26545 -1.29266 -1.32054 -1.34908 -1.37823 -1.40796 -1.43823 -1.469 -1.50022 -1.53183 -1.5638 -1.59605 -1.62853 -1.66117 -1.69392 -1.72669 -1.75942 -1.79204 -1.82448 -1.85666 -1.88852 -1.91999 -1.95101 -1.98152 -2.01146 -2.04078 -2.06943 -2.09739 -2.12462 -2.1511 -2.1768 -2.20172 -2.22585 -2.24919 -2.27176 -2.29356 -2.31461 -2.33492 -2.35454 -2.37348 -2.39177 -2.40945 -2.42655 -2.44311 -2.45915 -2.47472 -2.48985 -2.50459 -2.51898 -2.53305 -2.54685 -2.56044 -2.57387 -2.5872 -2.60048 -2.61378 -2.62714 -2.64061 -2.65425 -2.66812 nan nan nan nan nan nan nan nan nan nan nan nan 
nan nan nan nan nan nan nan nan nan nan nan nan nan -0.94757 -0.962966 -0.978811 -0.995176 -1.01212 -1.02968 -1.04793 -1.06689 -1.08661 -1.10711 -1.1284 -1.15047 -1.17332 -1.19693 -1.22129 -1.24636 -1.27214 -1.29859 -1.32568 -1.35339 -1.38168 -1.41051 -1.43985 -1.46966 -1.49989 -1.53049 -1.56142 -1.59262 -1.62403 -1.6556 -1.68726 -1.71895 -1.7506 -1.78215 -1.81354 -1.8447 -1.87556 -1.90606 -1.93616 -1.96578 -1.99488 -2.02342 -2.05136 -2.07865 -2.10528 -2.13122 -2.15645 -2.18096 -2.20474 -2.2278 -2.25015 -2.27179 -2.29273 -2.31301 -2.33263 -2.35163 -2.37002 -2.38785 -2.40513 -2.4219 -2.43819 -2.45403 -2.46946 -2.48451 -2.49921 -2.51361 -2.52776 -2.54169 -2.55548 -2.5692 -2.58291 -2.59669 -2.6106 -2.6247 -2.63907 nan nan nan nan nan nan nan nan nan nan nan nan nan 
nan nan nan nan nan nan nan nan nan nan nan nan nan nan -0.977761 -0.993351 -1.00937 -1.02589 -1.04298 -1.0607 -1.07911 -1.09827 -1.11819 -1.1389 -1.16038 -1.18262 -1.2056 -1.2293 -1.2537 -1.27876 -1.30446 -1.33078 -1.35768 -1.38513 -1.4131 -1.44154 -1.47042 -1.4997 -1.52933 -1.55927 -1.58947 -1.61986 -1.65041 -1.68104 -1.71171 -1.74234 -1.77289 -1.80329 -1.83348 -1.8634 -1.89299 -1.92221 -1.95101 -1.97933 -2.00713 -2.03438 -2.06105 -2.0871 -2.11252 -2.13729 -2.16141 -2.18485 -2.20764 -2.22976 -2.25123 -2.27207 -2.29229 -2.3119 -2.33094 -2.34942 -2.36737 -2.38481 -2.40178 -2.41829 -2.43438 -2.45008 -2.46541 -2.4804 -2.4951 -2.50954 -2.52376 -2.53786 -2.5519 -2.56597 -2.58017 -2.59456 -2.60923 nan nan nan nan nan nan nan nan nan nan nan nan nan nan 
nan nan nan nan nan nan nan nan nan nan nan nan nan nan nan -1.00816 -1.02377 -1.0398 -1.05634 -1.07347 -1.09127 -1.10982 -1.12917 -1.1493 -1.17019 -1.19183 -1.21419 -1.23725 -1.26098 -1.28535 -1.31033 -1.3359 -1.36201 -1.38865 -1.41577 -1.44334 -1.47133 -1.4997 -1.5284 -1.55739 -1.58663 -1.61606 -1.64563 -1.67529 -1.70499 -1.73466 -1.76426 -1.79372 -1.823 -1.85204 -1.88078 -1.90918 -1.93719 -1.96477 -1.99188 -2.01848 -2.04455 -2.07005 -2.09498 -2.11931 -2.14304 -2.16616 -2.18866 -2.21057 -2.23187 -2.25259 -2.27273 -2.29233 -2.31139 -2.32994 -2.348 -2.36559 -2.38273 -2.39945 -2.41577 -2.43171 -2.4473 -2.46256 -2.47752 -2.4922 -2.50666 -2.52097 -2.53525 -2.54961 -2.56415 -2.57896 nan nan nan nan nan nan nan nan nan nan nan nan nan nan nan 
nan nan nan nan nan nan nan nan nan nan nan nan nan nan nan nan -1.03844 -1.0539 -1.06981 -1.08626 -1.10338 -1.12128 -1.14004 -1.1596 -1.17992 -1.20098 -1.22274 -1.24517 -1.26826 -1.29195 -1.31623 -1.34107 -1.36642 -1.39227 -1.41858 -1.44531 -1.47244 -1.49993 -1.52774 -1.55582 -1.58414 -1.61265 -1.64129 -1.67003 -1.6988 -1.72757 -1.75627 -1.78485 -1.81327 -1.84148 -1.86941 -1.89704 -1.92431 -1.95119 -1.97764 -2.00363 -2.02912 -2.05411 -2.07856 -2.10247 -2.12582 -2.14862 -2.17085 -2.19253 -2.21366 -2.23425 -2.25432 -2.27388 -2.29296 -2.31156 -2.32972 -2.34744 -2.36475 -2.38166 -2.39819 -2.41436 -2.43019 -2.44569 -2.46089 -2.47579 -2.49039 -2.50481 -2.51922 -2.53376 -2.54856 nan nan nan nan nan nan nan nan nan nan nan nan nan nan nan nan 
nan nan nan nan nan nan nan nan nan nan nan nan nan nan nan nan nan -1.06828 -1.08345 -1.0991 -1.11541 -1.1326 -1.15079 -1.16982 -1.18961 -1.2101 -1.23127 -1.25311 -1.27556 -1.29861 -1.32222 -1.34634 -1.37096 -1.39604 -1.42156 -1.44748 -1.47378 -1.50042 -1.52737 -1.55458 -1.58202 -1.60965 -1.63741 -1.66527 -1.69318 -1.72108 -1.74893 -1.77669 -1.80429 -1.83171 -1.85889 -1.88578 -1.91236 -1.93858 -1.9644 -1.9898 -2.01476 -2.03924 -2.06324 -2.08674 -2.10973 -2.13221 -2.15417 -2.17562 -2.19657 -2.21703 -2.23701 -2.25653 -2.27561 -2.29426 -2.3125 -2.33034 -2.34781 -2.3649 -2.38163 -2.39801 -2.41407 -2.42982 -2.44527 -2.46036 -2.475 -2.48938 -2.50377 -2.51837 nan nan nan nan nan nan nan nan nan nan nan nan nan nan nan nan nan 
nan nan nan nan nan nan nan nan nan nan nan nan nan nan nan nan nan nan -1.09732 -1.112 -1.12729 -1.14361 -1.1614 -1.18 -1.19927 -1.21921 -1.23982 -1.26108 -1.28294 -1.30537 -1.32832 -1.35176 -1.37567 -1.40001 -1.42476 -1.44989 -1.47538 -1.5012 -1.52732 -1.5537 -1.5803 -1.60709 -1.63402 -1.66104 -1.68812 -1.7152 -1.74225 -1.76922 -1.79606 -1.82274 -1.8492 -1.8754 -1.90132 -1.92691 -1.95214 -1.97699 -2.00143 -2.02543 -2.04899 -2.0721 -2.09474 -2.1169 -2.1386 -2.15982 -2.18059 -2.20091 -2.22079 -2.24025 -2.25932 -2.27801 -2.29632 -2.31429 -2.3319 -2.34917 -2.36609 -2.38268 -2.39895 -2.41494 -2.4307 -2.44611 -2.46058 -2.47466 -2.48881 nan nan nan nan nan nan nan nan nan nan nan nan nan nan nan nan nan nan 
nan nan nan nan nan nan nan nan nan nan nan nan nan nan nan nan nan nan nan -1.12503 -1.13886 -1.1539 -1.17189 -1.19023 -1.20894 -1.22834 -1.24841 -1.26913 -1.29043 -1.31226 -1.33459 -1.35737 -1.38058 -1.4042 -1.4282 -1.45257 -1.47728 -1.50231 -1.52763 -1.55321 -1.57901 -1.60499 -1.63112 -1.65735 -1.68364 -1.70994 -1.73623 -1.76246 -1.78858 -1.81455 -1.84033 -1.86589 -1.89119 -1.91619 -1.94085 -1.96517 -1.98911 -2.01266 -2.0358 -2.05852 -2.08082 -2.10268 -2.1241 -2.1451 -2.16567 -2.18584 -2.20561 -2.22501 -2.24406 -2.26277 -2.28116 -2.29924 -2.317 -2.33446 -2.35158 -2.36836 -2.38482 -2.40099 -2.41721 -2.4335 -2.4473 -2.46057 nan nan nan nan nan nan nan nan nan nan nan nan nan nan nan nan nan nan nan 
nan nan nan nan nan nan nan nan nan nan nan nan nan nan nan nan nan nan nan nan -1.15 -1.16196 -1.18275 -1.20077 -1.21865 -1.2375 -1.25704 -1.27727 -1.29805 -1.31934 -1.34107 -1.36322 -1.38575 -1.40866 -1.43193 -1.45555 -1.4795 -1.50376 -1.5283 -1.55311 -1.57814 -1.60336 -1.62872 -1.65419 -1.67974 -1.70531 -1.73087 -1.7564 -1.78183 -1.80715 -1.83229 -1.85724 -1.88195 -1.90638 -1.93052 -1.95433 -1.9778 -2.0009 -2.02364 -2.04599 -2.06795 -2.08951 -2.11067 -2.13143 -2.15181 -2.17181 -2.19146 -2.21078 -2.22979 -2.24852 -2.26698 -2.28518 -2.30311 -2.32076 -2.3381 -2.35506 -2.37167 -2.38771 -2.40436 -2.42413 -2.4353 nan nan nan nan nan nan nan nan nan nan nan nan nan nan nan nan nan nan nan nan 
nan nan nan nan nan nan nan nan nan nan nan nan nan nan nan nan nan nan nan nan nan nan -1.19706 -1.21217 -1.2281 -1.24667 -1.2657 -1.28555 -1.30586 -1.32664 -1.34781 -1.36934 -1.39122 -1.41343 -1.43597 -1.45885 -1.48205 -1.50556 -1.52937 -1.55343 -1.57773 -1.60221 -1.62685 -1.6516 -1.67643 -1.7013 -1.72618 -1.75103 -1.77583 -1.80052 -1.82507 -1.84944 -1.87359 -1.8975 -1.92113 -1.94445 -1.96746 -1.99015 -2.01249 -2.03448 -2.05612 -2.07738 -2.09828 -2.1188 -2.13897 -2.15879 -2.1783 -2.19752 -2.21648 -2.23521 -2.25374 -2.27206 -2.29019 -2.30806 -2.32571 -2.34283 -2.35981 -2.37454 -2.38905 nan nan nan nan nan nan nan nan nan nan nan nan nan nan nan nan nan nan nan nan nan nan 
nan nan nan nan nan nan nan nan nan nan nan nan nan nan nan nan nan nan nan nan nan nan nan -1.22349 -1.23564 -1.25609 -1.27423 -1.29408 -1.3139 -1.33426 -1.35487 -1.37581 -1.39703 -1.41854 -1.44036 -1.4625 -1.48496 -1.50774 -1.53082 -1.55417 -1.57777 -1.60156 -1.62551 -1.64957 -1.67371 -1.69791 -1.72214 -1.74637 -1.77055 -1.79466 -1.81865 -1.84249 -1.86612 -1.88953 -1.91267 -1.93553 -1.9581 -1.98037 -2.00233 -2.02398 -2.0453 -2.06628 -2.08691 -2.10719 -2.12713 -2.14676 -2.1661 -2.18519 -2.20407 -2.22279 -2.24139 -2.25983 -2.27821 -2.29627 -2.31458 -2.33144 -2.35093 -2.36232 nan nan nan nan nan nan nan nan nan nan nan nan nan nan nan nan nan nan nan nan nan nan nan 
nan nan nan nan nan nan nan nan nan nan nan nan nan nan nan nan nan nan nan nan nan nan nan nan nan -1.26852 -1.28178 -1.30332 -1.32209 -1.34231 -1.36231 -1.3827 -1.40324 -1.42404 -1.44511 -1.4665 -1.48824 -1.5103 -1.53267 -1.55534 -1.57827 -1.60142 -1.62471 -1.6481 -1.67159 -1.69514 -1.71875 -1.74238 -1.766 -1.78957 -1.81304 -1.83638 -1.85953 -1.88246 -1.90514 -1.92756 -1.9497 -1.97156 -1.99314 -2.01447 -2.0355 -2.05621 -2.07657 -2.09659 -2.11629 -2.13571 -2.15484 -2.17374 -2.19252 -2.21119 -2.22988 -2.24836 -2.26727 -2.28492 -2.30562 -2.31812 nan nan nan nan nan nan nan nan nan nan nan nan nan nan nan nan nan nan nan nan nan nan nan nan nan 
nan nan nan nan nan nan nan nan nan nan nan nan nan nan nan nan nan nan nan nan nan nan nan nan nan nan nan -1.31603 -1.32955 -1.35127 -1.37005 -1.39012 -1.40989 -1.42997 -1.45023 -1.47085 -1.49189 -1.51324 -1.53491 -1.55692 -1.57925 -1.6018 -1.62447 -1.64722 -1.67006 -1.69299 -1.716 -1.73907 -1.76216 -1.78523 -1.80823 -1.8311 -1.85381 -1.87631 -1.89855 -1.92053 -1.94224 -1.96368 -1.9849 -2.00591 -2.0267 -2.04717 -2.06726 -2.08699 -2.10643 -2.12563 -2.14449 -2.16313 -2.18176 -2.20026 -2.21927 -2.23717 -2.2583 -2.2712 nan nan nan nan nan nan nan nan nan nan nan nan nan nan nan nan nan nan nan nan nan nan nan nan nan nan nan 
nan nan nan nan nan nan nan nan nan nan nan nan nan nan nan nan nan nan nan nan nan nan nan nan nan nan nan nan nan -1.36384 -1.37724 -1.39856 -1.41692 -1.43643 -1.4557 -1.47549 -1.49594 -1.51656 -1.53749 -1.55887 -1.58068 -1.60274 -1.62483 -1.64693 -1.66911 -1.69142 -1.71386 -1.7364 -1.75901 -1.78163 -1.8042 -1.82667 -1.84898 -1.87107 -1.89291 -1.91445 -1.93571 -1.95672 -1.97755 -1.99828 -2.0189 -2.03919 -2.05901 -2.07839 -2.09753 -2.11658 -2.13508 -2.15324 -2.17185 -2.18952 -2.21049 -2.22342 nan nan nan nan nan nan nan nan nan nan nan nan nan nan nan nan nan nan nan nan nan nan nan nan nan nan nan nan nan 
nan nan nan nan nan nan nan nan nan nan nan nan nan nan nan nan nan nan nan nan nan nan nan nan nan nan nan nan nan nan nan -1.41064 -1.42355 -1.44384 -1.46136 -1.48019 -1.50052 -1.52029 -1.54034 -1.56109 -1.58255 -1.60436 -1.62588 -1.64726 -1.66873 -1.69041 -1.71229 -1.73436 -1.75653 -1.77875 -1.80096 -1.82308 -1.84505 -1.86679 -1.88824 -1.90936 -1.93014 -1.95063 -1.97099 -1.99145 -2.01214 -2.03239 -2.0519 -2.07074 -2.08942 -2.10881 -2.12674 -2.14359 -2.16361 -2.17616 nan nan nan nan nan nan nan nan nan nan nan nan nan nan nan nan nan nan nan nan nan nan nan nan nan nan nan nan nan nan nan 
nan nan nan nan nan nan nan nan nan nan nan nan nan nan nan nan nan nan nan nan nan nan nan nan nan nan nan nan nan nan nan nan nan -1.45474 -1.46647 -1.48411 -1.50638 -1.52446 -1.54319 -1.56332 -1.58476 -1.60696 -1.62776 -1.6482 -1.66886 -1.68988 -1.71125 -1.73289 -1.75469 -1.77658 -1.79848 -1.82034 -1.84204 -1.86348 -1.88459 -1.9053 -1.92556 -1.9454 -1.96503 -1.98508 -2.00653 -2.02704 -2.04617 -2.06397 -2.08134 -2.10321 -2.12021 -2.13149 nan nan nan nan nan nan nan nan nan nan nan nan nan nan nan nan nan nan nan nan nan nan nan nan nan nan nan nan nan nan nan nan nan 
nan nan nan nan nan nan nan nan nan nan nan nan nan nan nan nan nan nan nan nan nan nan nan nan nan nan nan nan nan nan nan nan nan nan nan nan -1.51713 -1.52872 -1.54537 -1.56496 -1.5869 -1.61165 -1.63072 -1.64965 -1.66932 -1.68971 -1.71065 -1.73195 -1.75347 -1.77509 -1.79673 -1.81844 -1.83998 -1.86122 -1.88206 -1.9024 -1.92211 -1.94109 -1.95938 -1.978 -2.00255 -2.0238 -2.04253 -2.05838 -2.06944 nan nan nan nan nan nan nan nan nan nan nan nan nan nan nan nan nan nan nan nan nan nan nan nan nan nan nan nan nan nan nan nan nan nan nan nan 
nan nan nan nan nan nan nan nan nan nan nan nan nan nan nan nan nan nan nan nan nan nan nan nan nan nan nan nan nan nan nan nan nan nan nan nan nan nan nan nan nan -1.62269 -1.63456 -1.65108 -1.66979 -1.68972 -1.71038 -1.73149 -1.75285 -1.77428 -1.79562 -1.81743 -1.83892 -1.86006 -1.88075 -1.90085 -1.92014 -1.9382 -1.95415 -1.96566 nan nan nan nan nan nan nan nan nan nan nan nan nan nan nan nan nan nan nan nan nan nan nan nan nan nan nan nan nan nan nan nan nan nan nan nan nan nan nan nan nan 
nan nan nan nan nan nan nan nan nan nan nan nan nan nan nan nan nan nan nan nan nan nan nan nan nan nan nan nan nan nan nan nan nan nan nan nan nan nan nan nan nan nan nan nan nan nan nan nan nan nan -1.79473 nan nan nan nan nan nan nan nan nan nan nan nan nan nan nan nan nan nan nan nan nan nan nan nan nan nan nan nan nan nan nan nan nan nan nan nan nan nan nan nan nan nan nan nan nan nan nan nan nan nan 
