nan nan nan nan nan nan nan nan nan nan nan nan nan nan nan nan nan nan nan nan nan nan nan nan nan nan nan nan nan nan nan nan nan nan nan nan nan nan nan nan nan nan nan nan nan nan nan nan nan nan 0.417178 nan nan nan nan nan nan nan nan nan nan nan nan nan nan nan nan nan nan nan nan nan nan nan nan nan nan nan nan nan nan nan nan nan nan nan nan nan nan nan nan nan nan nan nan nan nan nan nan nan nan 
nan nan nan nan nan nan nan nan nan nan nan nan nan nan nan nan nan nan nan nan nan nan nan nan nan nan nan nan nan nan nan nan nan nan nan nan nan nan nan nan nan 0.24644 0.257898 0.273759 0.291725 0.310918 0.330936 0.351564 0.372666 0.394161 0.416034 0.437296 0.458721 0.480104 0.501268 0.522004 0.542021 0.560829 0.57743 0.589358 nan nan nan nan nan nan nan nan nan nan nan nan nan nan nan nan nan nan nan nan nan nan nan nan nan nan nan nan nan nan nan nan nan nan nan nan nan nan nan nan nan 
nan nan nan nan nan nan nan nan nan nan nan nan nan nan nan nan nan nan nan nan nan nan nan nan nan nan nan nan nan nan nan nan nan nan nan nan 0.142917 0.153902 0.169635 0.188239 0.209383 0.233895 0.252435 0.270628 0.289494 0.309102 0.329349 0.35012 0.371312 0.392828 0.414544 0.436171 0.457802 0.479361 0.500726 0.521745 0.542237 0.562017 0.581044 0.600194 0.624979 0.647021 0.666734 0.683504 0.695171 nan nan nan nan nan nan nan nan nan nan nan nan nan nan nan nan nan nan nan nan nan nan nan nan nan nan nan nan nan nan nan nan nan nan nan nan 
nan nan nan nan nan nan nan nan nan nan nan nan nan nan nan nan nan nan nan nan nan nan nan nan nan nan nan nan nan nan nan nan nan 0.0809162 0.0921216 0.109032 0.13084 0.148092 0.165741 0.184717 0.205085 0.226408 0.246322 0.265822 0.28553 0.305666 0.326264 0.347288 0.368673 0.39034 0.412186 0.434086 0.455997 0.477854 0.499567 0.521039 0.542182 0.562967 0.583541 0.604474 0.626798 0.648379 0.668668 0.687547 0.705744 0.728085 0.745814 0.757618 nan nan nan nan nan nan nan nan nan nan nan nan nan nan nan nan nan nan nan nan nan nan nan nan nan nan nan nan nan nan nan nan nan 
nan nan nan nan nan nan nan nan nan nan nan nan nan nan nan nan nan nan nan nan nan nan nan nan nan nan nan nan nan nan nan 0.0361604 0.0486469 0.068622 0.0853642 0.10315 0.122374 0.140878 0.159522 0.178824 0.198872 0.219376 0.23965 0.259829 0.280161 0.300796 0.321788 0.343135 0.364798 0.38672 0.408827 0.431039 0.453296 0.475536 0.497692 0.519701 0.541518 0.563153 0.58471 0.606411 0.628409 0.650063 0.671024 0.691272 0.711225 0.731717 0.75069 0.768328 0.788671 0.801636 nan nan nan nan nan nan nan nan nan nan nan nan nan nan nan nan nan nan nan nan nan nan nan nan nan nan nan nan nan nan nan 
nan nan nan nan nan nan nan nan nan nan nan nan nan nan nan nan nan nan nan nan nan nan nan nan nan nan nan nan nan -0.011172 0.00169043 0.0225976 0.0401405 0.058602 0.0765634 0.0948424 0.113656 0.132544 0.151663 0.171215 0.191244 0.211619 0.232114 0.252722 0.273528 0.294609 0.316004 0.337715 0.359719 0.381973 0.404422 0.427006 0.449671 0.472359 0.495019 0.517602 0.540081 0.562458 0.584777 0.607099 0.629411 0.651477 0.673119 0.694314 0.715194 0.735884 0.755901 0.775367 0.795028 0.813519 0.834904 0.848369 nan nan nan nan nan nan nan nan nan nan nan nan nan nan nan nan nan nan nan nan nan nan nan nan nan nan nan nan nan 
nan nan nan nan nan nan nan nan nan nan nan nan nan nan nan nan nan nan nan nan nan nan nan nan nan nan nan -0.0589488 -0.0461395 -0.0251068 -0.00736061 0.011465 0.0297372 0.0481126 0.0664679 0.0850265 0.103897 0.123008 0.142407 0.16217 0.182315 0.202791 0.223515 0.244466 0.265672 0.287164 0.308962 0.331065 0.353455 0.376097 0.398949 0.421963 0.445089 0.468278 0.491485 0.51467 0.537805 0.560879 0.583895 0.606854 0.629712 0.652361 0.674704 0.696705 0.718388 0.739753 0.760686 0.781234 0.801575 0.821563 0.841817 0.860757 0.882575 0.89619 nan nan nan nan nan nan nan nan nan nan nan nan nan nan nan nan nan nan nan nan nan nan nan nan nan nan nan 
nan nan nan nan nan nan nan nan nan nan nan nan nan nan nan nan nan nan nan nan nan nan nan nan nan -0.105787 -0.0934018 -0.0728312 -0.0553676 -0.0366828 -0.0184603 -6.95992e-05 0.0182686 0.0366822 0.0552069 0.0739379 0.0929414 0.112231 0.131837 0.151794 0.172114 0.192777 0.213751 0.235022 0.256596 0.278483 0.300687 0.323204 0.346015 0.369091 0.392396 0.415888 0.439524 0.463258 0.48705 0.510862 0.534662 0.558427 0.582139 0.605774 0.629286 0.65261 0.675683 0.698465 0.720942 0.743096 0.764891 0.786345 0.807508 0.828383 0.849071 0.869336 0.889775 0.90873 0.930408 0.943776 nan nan nan nan nan nan nan nan nan nan nan nan nan nan nan nan nan nan nan nan nan nan nan nan nan 
nan nan nan nan nan nan nan nan nan nan nan nan nan nan nan nan nan nan nan nan nan nan nan -0.149863 -0.138591 -0.11925 -0.102598 -0.0845394 -0.0667873 -0.0487485 -0.0306838 -0.0125036 0.00577293 0.0241901 0.0427905 0.06163 0.0807555 0.100196 0.119977 0.140123 0.160641 0.181527 0.202768 0.224356 0.24629 0.268568 0.291188 0.314139 0.337402 0.36095 0.38475 0.408765 0.432954 0.457276 0.481689 0.506155 0.530641 0.555113 0.579543 0.603894 0.628125 0.652182 0.676017 0.699591 0.722876 0.745848 0.768488 0.790792 0.812774 0.834436 0.855791 0.876789 0.897492 0.917614 0.937715 0.956065 0.976671 0.988938 nan nan nan nan nan nan nan nan nan nan nan nan nan nan nan nan nan nan nan nan nan nan nan 
nan nan nan nan nan nan nan nan nan nan nan nan nan nan nan nan nan nan nan nan nan nan -0.176638 -0.162223 -0.147688 -0.130972 -0.114182 -0.0968989 -0.0794516 -0.061791 -0.0439705 -0.0259779 -0.00780495 0.0105758 0.0291986 0.0481029 0.067325 0.0868936 0.106833 0.12716 0.147886 0.169011 0.190531 0.212441 0.234737 0.257414 0.280462 0.303868 0.327612 0.351667 0.376002 0.400581 0.425364 0.450311 0.475382 0.500536 0.525736 0.550943 0.576121 0.60123 0.626226 0.651062 0.675694 0.700082 0.724193 0.748 0.771481 0.794622 0.817414 0.839851 0.861918 0.883587 0.904833 0.925567 0.945798 0.965152 0.98399 1.00012 1.01532 nan nan nan nan nan nan nan nan nan nan nan nan nan nan nan nan nan nan nan nan nan nan 
nan nan nan nan nan nan nan nan nan nan nan nan nan nan nan nan nan nan nan nan -0.222775 -0.211725 -0.192109 -0.175695 -0.159966 -0.143741 -0.127226 -0.11038 -0.0932797 -0.0759379 -0.0583687 -0.0405673 -0.022521 -0.00420726 0.0144024 0.0333392 0.0526333 0.0723108 0.0923935 0.112898 0.133834 0.155207 0.177015 0.199255 0.221922 0.245008 0.268501 0.292385 0.316638 0.341234 0.36614 0.391321 0.416738 0.442351 0.468118 0.493996 0.519945 0.545921 0.571884 0.597789 0.623592 0.649247 0.67471 0.69994 0.7249 0.74956 0.77389 0.79787 0.82148 0.844699 0.867504 0.889865 0.91174 0.933071 0.953798 0.97379 0.993025 1.01122 1.02947 1.05042 1.06251 nan nan nan nan nan nan nan nan nan nan nan nan nan nan nan nan nan nan nan nan 
nan nan nan nan nan nan nan nan nan nan nan nan nan nan nan nan nan nan nan -0.248096 -0.234915 -0.221315 -0.205307 -0.189451 -0.173714 -0.157766 -0.141558 -0.125063 -0.108292 -0.0912477 -0.0739283 -0.0563253 -0.0384228 -0.0201993 -0.0016291 0.0173151 0.03666 0.0564297 0.0766445 0.0973202 0.118468 0.140093 0.162197 0.184776 0.207826 0.231336 0.255294 0.279679 0.304471 0.329639 0.355153 0.380976 0.407067 0.433386 0.459889 0.486531 0.513266 0.54005 0.566837 0.59358 0.620231 0.646744 0.673073 0.699175 0.725011 0.750544 0.775742 0.800575 0.825016 0.849037 0.872608 0.895693 0.918252 0.940232 0.961578 0.982223 1.00213 1.02129 1.03999 1.05827 1.07351 1.08744 nan nan nan nan nan nan nan nan nan nan nan nan nan nan nan nan nan nan nan 
nan nan nan nan nan nan nan nan nan nan nan nan nan nan nan nan nan nan -0.276415 -0.262347 -0.248481 -0.234317 -0.219322 -0.204051 -0.188634 -0.173005 -0.157124 -0.140964 -0.124511 -0.107757 -0.0906894 -0.0732936 -0.0555502 -0.0374363 -0.018927 3.87881e-06 0.0193814 0.0392286 0.0595653 0.0804073 0.101766 0.123647 0.146054 0.168983 0.192429 0.216381 0.240824 0.265737 0.291096 0.316872 0.343031 0.369534 0.396342 0.423409 0.450689 0.478137 0.505702 0.533336 0.560989 0.588611 0.616152 0.643563 0.670795 0.697803 0.724544 0.750977 0.777065 0.802772 0.828066 0.852913 0.877279 0.901125 0.924411 0.947091 0.969116 0.99044 1.01103 1.03087 1.04997 1.06816 1.0848 1.1003 1.11507 nan nan nan nan nan nan nan nan nan nan nan nan nan nan nan nan nan nan 
nan nan nan nan nan nan nan nan nan nan nan nan nan nan nan nan nan -0.306047 -0.291542 -0.277375 -0.263329 -0.249133 -0.234578 -0.219756 -0.204716 -0.189443 -0.173907 -0.158084 -0.141952 -0.125492 -0.108684 -0.0915065 -0.0739374 -0.0559511 -0.0375215 -0.0186223 0.000771598 0.0206832 0.0411325 0.0621355 0.0837042 0.105846 0.128563 0.151853 0.175711 0.200123 0.225074 0.250542 0.276501 0.302919 0.329761 0.356987 0.384553 0.412412 0.440516 0.468815 0.497255 0.525784 0.554348 0.582894 0.611369 0.639719 0.667894 0.695844 0.723523 0.750886 0.777892 0.804501 0.830674 0.856375 0.881566 0.906207 0.930258 0.953677 0.976421 0.998449 1.01973 1.04022 1.05989 1.07862 1.09625 1.1129 1.12877 1.14404 nan nan nan nan nan nan nan nan nan nan nan nan nan nan nan nan nan 
nan nan nan nan nan nan nan nan nan nan nan nan nan nan nan nan -0.336289 -0.321605 -0.3073 -0.29325 -0.279296 -0.265274 -0.251059 -0.236628 -0.221974 -0.207075 -0.191903 -0.17643 -0.160629 -0.144473 -0.127937 -0.110993 -0.0936147 -0.0757738 -0.0574421 -0.0385918 -0.0191968 0.000766844 0.0213198 0.0424791 0.0642575 0.0866628 0.109698 0.133362 0.157646 0.18254 0.208024 0.234076 0.260668 0.287766 0.315332 0.343324 0.371694 0.400393 0.429369 0.458567 0.487931 0.517403 0.546927 0.576445 0.605899 0.635233 0.664392 0.693324 0.721977 0.750305 0.77826 0.805799 0.832882 0.859466 0.885513 0.910981 0.935831 0.960024 0.983518 1.00628 1.02827 1.04945 1.06979 1.08922 1.10771 1.1253 1.14211 1.15825 1.17383 nan nan nan nan nan nan nan nan nan nan nan nan nan nan nan nan 
nan nan nan nan nan nan nan nan nan nan nan nan nan nan nan -0.366708 -0.352026 -0.337742 -0.323764 -0.309987 -0.296291 -0.28256 -0.268701 -0.254661 -0.240405 -0.2259 -0.211112 -0.196008 -0.180554 -0.164719 -0.148471 -0.131778 -0.114609 -0.0969328 -0.0787175 -0.0599333 -0.0405523 -0.0205489 9.90443e-05 0.0214098 0.0433972 0.0660702 0.0894325 0.113482 0.138212 0.163609 0.189654 0.216322 0.243583 0.2714 0.299733 0.328537 0.35776 0.387349 0.417248 0.447398 0.477738 0.508207 0.538742 0.569281 0.599764 0.630128 0.660317 0.690272 0.719939 0.749268 0.778207 0.80671 0.834733 0.862231 0.889164 0.915491 0.941171 0.966167 0.99044 1.01396 1.03668 1.05859 1.07964 1.09981 1.11909 1.13751 1.15514 1.17207 1.18835 1.20409 nan nan nan nan nan nan nan nan nan nan nan nan nan nan nan 
nan nan nan nan nan nan nan nan nan nan nan nan nan nan -0.396966 -0.382442 -0.368322 -0.354529 -0.340982 -0.327593 -0.314267 -0.300915 -0.287458 -0.273836 -0.260003 -0.245916 -0.231536 -0.216822 -0.201737 -0.186244 -0.170305 -0.153885 -0.136947 -0.119455 -0.101376 -0.0826759 -0.0633245 -0.043294 -0.0225602 -0.00110289 0.0210931 0.0440379 0.067736 0.0921859 0.11738 0.143305 0.169939 0.197257 0.225225 0.253805 0.282952 0.312617 0.342745 0.373278 0.404156 0.435314 0.466687 0.498208 0.52981 0.561426 0.592989 0.624434 0.655699 0.686723 0.717447 0.747815 0.777775 0.807277 0.836272 0.864717 0.892566 0.91978 0.946319 0.972145 0.997222 1.02152 1.045 1.06765 1.08944 1.11035 1.13038 1.14956 1.16793 1.18555 1.20247 1.21877 1.23451 nan nan nan nan nan nan nan nan nan nan nan nan nan nan 
nan nan nan nan nan nan nan nan nan nan nan nan nan -0.426755 -0.412544 -0.398731 -0.385246 -0.372022 -0.358991 -0.346078 -0.333207 -0.320304 -0.307301 -0.294136 -0.280759 -0.26712 -0.253175 -0.238879 -0.224189 -0.209063 -0.193459 -0.177336 -0.160652 -0.143368 -0.125446 -0.106849 -0.0875442 -0.0675001 -0.04669 -0.0250917 -0.00268787 0.0205331 0.0445766 0.0694417 0.0951207 0.121599 0.148854 0.176859 0.205576 0.234964 0.264975 0.295555 0.326645 0.358182 0.390098 0.422326 0.454793 0.487426 0.520154 0.552904 0.585604 0.618184 0.650577 0.682717 0.714542 0.745992 0.777012 0.807547 0.83755 0.866971 0.895767 0.923896 0.951319 0.977999 1.0039 1.029 1.05326 1.07666 1.09919 1.12083 1.14159 1.16148 1.18052 1.19877 1.21627 1.23305 1.24919 1.26475 nan nan nan nan nan nan nan nan nan nan nan nan nan 
nan nan nan nan nan nan nan nan nan nan nan nan -0.455729 -0.442024 -0.428688 -0.415652 -0.402863 -0.390271 -0.377822 -0.365455 -0.353107 -0.340714 -0.328214 -0.315549 -0.302664 -0.289508 -0.276031 -0.262184 -0.24792 -0.233191 -0.217949 -0.20215 -0.185747 -0.168696 -0.150955 -0.132483 -0.113243 -0.0932004 -0.0723249 -0.0505917 -0.0279811 -0.00447972 0.0199193 0.0452157 0.0714015 0.0984615 0.126372 0.155103 0.184615 0.214862 0.245791 0.277345 0.309457 0.342061 0.375082 0.408444 0.442071 0.475883 0.509802 0.543748 0.577644 0.611416 0.64499 0.678297 0.71127 0.743847 0.775966 0.807574 0.838617 0.869047 0.898819 0.92789 0.956221 0.983776 1.01052 1.03643 1.06148 1.08565 1.10892 1.13128 1.15273 1.17329 1.19297 1.21181 1.22981 1.24703 1.2635 1.27925 1.29438 nan nan nan nan nan nan nan nan nan nan nan nan 
nan nan nan nan nan nan nan nan nan nan nan -0.483356 -0.470497 -0.457897 -0.445499 -0.433284 -0.421234 -0.409321 -0.397504 -0.385738 -0.373968 -0.362138 -0.35019 -0.338067 -0.325715 -0.31308 -0.300107 -0.286744 -0.272938 -0.258638 -0.243792 -0.228348 -0.212256 -0.195467 -0.177933 -0.15961 -0.140455 -0.12043 -0.0995014 -0.0776405 -0.054825 -0.0310389 -0.00627389 0.0194707 0.0461872 0.0738594 0.102462 0.131963 0.162318 0.193478 0.225386 0.257977 0.29118 0.32492 0.359116 0.393686 0.428544 0.463605 0.498783 0.533993 0.56915 0.604175 0.638988 0.673515 0.707686 0.741434 0.774695 0.807413 0.839531 0.871002 0.901777 0.931814 0.961075 0.989525 1.01713 1.04387 1.06971 1.09464 1.11865 1.14172 1.16385 1.18506 1.20534 1.22472 1.2432 1.26081 1.27755 1.29342 1.30845 1.3227 nan nan nan nan nan nan nan nan nan nan nan 
nan nan nan nan nan nan nan nan nan nan -0.508285 -0.497288 -0.485994 -0.474546 -0.463091 -0.451706 -0.440414 -0.429209 -0.418064 -0.406942 -0.395796 -0.384574 -0.373223 -0.361687 -0.349909 -0.337834 -0.325404 -0.312562 -0.299253 -0.285419 -0.271004 -0.25595 -0.240202 -0.223706 -0.206409 -0.188261 -0.169214 -0.149226 -0.128258 -0.106279 -0.0832608 -0.0591863 -0.0340445 -0.00783366 0.0194389 0.0477562 0.0770916 0.107409 0.138662 0.170796 0.203747 0.237445 0.271812 0.306764 0.342213 0.378068 0.414236 0.450624 0.487136 0.523681 0.560168 0.59651 0.632623 0.668427 0.703848 0.738814 0.77326 0.807126 0.840355 0.872895 0.9047 0.935728 0.965939 0.9953 1.02378 1.05135 1.078 1.10369 1.12843 1.1522 1.175 1.19683 1.21769 1.23759 1.25653 1.27451 1.2915 1.30747 1.32232 1.33588 1.34802 nan nan nan nan nan nan nan nan nan nan 
nan nan nan nan nan nan nan nan nan nan -0.520373 -0.512525 -0.502635 -0.492174 -0.481576 -0.470986 -0.460448 -0.449966 -0.43952 -0.429077 -0.418594 -0.408024 -0.397312 -0.386405 -0.375243 -0.363769 -0.351923 -0.339645 -0.326873 -0.313545 -0.2996 -0.284975 -0.269608 -0.253441 -0.236413 -0.21847 -0.199558 -0.179628 -0.158638 -0.13655 -0.113333 -0.0889673 -0.0634379 -0.0367418 -0.00888599 0.0201121 0.0502239 0.0814099 0.11362 0.146794 0.180861 0.215743 0.251354 0.287602 0.324389 0.361615 0.399178 0.436975 0.474902 0.51286 0.55075 0.588479 0.625956 0.663096 0.69982 0.736054 0.771729 0.806782 0.841154 0.874795 0.907656 0.939695 0.970874 1.00116 1.03052 1.05894 1.08638 1.11285 1.13831 1.16277 1.18622 1.20866 1.23008 1.25049 1.26988 1.28824 1.30552 1.32166 1.33648 1.34948 1.35907 nan nan nan nan nan nan nan nan nan nan 
nan nan nan nan nan nan nan nan nan -0.555474 -0.541326 -0.530804 -0.520828 -0.510908 -0.50101 -0.491157 -0.481358 -0.471607 -0.461881 -0.452147 -0.442364 -0.432484 -0.422453 -0.412216 -0.401714 -0.390886 -0.379668 -0.367996 -0.355805 -0.343027 -0.329595 -0.315441 -0.300497 -0.284698 -0.267977 -0.250272 -0.231524 -0.211678 -0.190684 -0.168501 -0.145092 -0.120432 -0.0945038 -0.0673027 -0.0388344 -0.00911693 0.0218191 0.0539309 0.0871632 0.121449 0.156712 0.192863 0.229808 0.267444 0.305663 0.344355 0.383406 0.422702 0.462133 0.501587 0.540959 0.580147 0.619056 0.657594 0.695678 0.733229 0.770176 0.806454 0.842005 0.876773 0.910714 0.943783 0.975944 1.00717 1.03742 1.06668 1.09493 1.12216 1.14834 1.17348 1.19757 1.22061 1.24258 1.2635 1.28334 1.3021 1.31974 1.33622 1.35147 1.36549 1.37869 1.39416 nan nan nan nan nan nan nan nan nan 
nan nan nan nan nan nan nan nan -0.581858 -0.57068 -0.559578 -0.549503 -0.53993 -0.530577 -0.521347 -0.512209 -0.503145 -0.494134 -0.485149 -0.476152 -0.467102 -0.457949 -0.44864 -0.439117 -0.429318 -0.41918 -0.408637 -0.397619 -0.386055 -0.373875 -0.361004 -0.347367 -0.332892 -0.317504 -0.301131 -0.283703 -0.265153 -0.24542 -0.224446 -0.202183 -0.178589 -0.153634 -0.127297 -0.0995703 -0.0704583 -0.0399796 -0.0081668 0.0249333 0.0592601 0.0947396 0.131286 0.168801 0.207178 0.246305 0.28606 0.32632 0.366961 0.407857 0.448885 0.489926 0.530864 0.57159 0.612001 0.652002 0.691502 0.730421 0.768685 0.806227 0.842986 0.87891 0.913951 0.948067 0.981224 1.01339 1.04454 1.07465 1.1037 1.13168 1.15858 1.18439 1.20911 1.23273 1.25525 1.27666 1.29696 1.31614 1.33417 1.35104 1.36675 1.38135 1.3951 1.40857 1.42093 nan nan nan nan nan nan nan nan 
nan nan nan nan nan nan nan nan -0.594126 -0.586807 -0.577771 -0.568664 -0.559768 -0.55107 -0.54253 -0.534113 -0.525792 -0.517537 -0.509314 -0.501083 -0.4928 -0.484412 -0.475865 -0.467098 -0.458049 -0.448649 -0.438828 -0.428513 -0.417629 -0.406097 -0.393839 -0.380772 -0.366815 -0.351888 -0.33591 -0.318802 -0.300489 -0.280901 -0.259974 -0.237651 -0.213883 -0.188634 -0.161879 -0.133605 -0.103816 -0.0725303 -0.0397832 -0.00562541 0.029876 0.0666388 0.104567 0.143551 0.183472 0.224202 0.265608 0.307551 0.349893 0.392497 0.435226 0.47795 0.520544 0.562891 0.60488 0.646409 0.687385 0.727723 0.767347 0.806189 0.844187 0.88129 0.91745 0.952627 0.986787 1.0199 1.05195 1.0829 1.11275 1.14148 1.16908 1.19555 1.22089 1.24508 1.26813 1.29004 1.31079 1.33039 1.34882 1.36608 1.38216 1.39708 1.41083 1.42311 1.4322 nan nan nan nan nan nan nan nan 
nan nan nan nan nan nan nan -0.627021 -0.614732 -0.605644 -0.597006 -0.588573 -0.580357 -0.572347 -0.564519 -0.55684 -0.549278 -0.541798 -0.534362 -0.526927 -0.519444 -0.511859 -0.504116 -0.496151 -0.487897 -0.479284 -0.470238 -0.46068 -0.450529 -0.439702 -0.428112 -0.415671 -0.402289 -0.387877 -0.372346 -0.355607 -0.337576 -0.318174 -0.297326 -0.274966 -0.251038 -0.225498 -0.198315 -0.169473 -0.138971 -0.10683 -0.0730851 -0.037793 -0.00102761 0.0371191 0.0765392 0.11711 0.158698 0.201159 0.244342 0.288095 0.332263 0.376692 0.421234 0.465747 0.510093 0.554147 0.597791 0.640917 0.683428 0.725236 0.766263 0.806439 0.845705 0.884007 0.921301 0.957549 0.992718 1.02678 1.05972 1.09151 1.12215 1.15162 1.17991 1.20703 1.23296 1.25772 1.28129 1.30368 1.32488 1.3449 1.36372 1.38135 1.39779 1.41303 1.42706 1.43982 1.45155 1.46501 nan nan nan nan nan nan nan 
nan nan nan nan nan nan nan -0.640388 -0.633082 -0.624998 -0.616998 -0.609218 -0.60168 -0.594375 -0.587278 -0.580356 -0.573574 -0.566894 -0.560272 -0.553664 -0.547016 -0.540275 -0.533377 -0.52626 -0.518851 -0.511077 -0.502859 -0.494114 -0.484756 -0.474694 -0.463834 -0.45208 -0.439335 -0.4255 -0.410474 -0.39416 -0.376463 -0.357291 -0.33656 -0.314193 -0.290124 -0.2643 -0.236682 -0.207249 -0.175998 -0.142946 -0.108134 -0.0716227 -0.0334936 0.00614998 0.0471861 0.0894766 0.13287 0.177203 0.222307 0.26801 0.314139 0.360524 0.407001 0.453414 0.499615 0.545467 0.590847 0.635641 0.679746 0.723074 0.765543 0.807086 0.847643 0.887162 0.925602 0.962926 0.999104 1.03411 1.06794 1.10056 1.13197 1.16216 1.19113 1.21887 1.24539 1.27069 1.29477 1.31762 1.33926 1.35968 1.37889 1.39689 1.41367 1.42924 1.44357 1.45661 1.4682 1.47739 nan nan nan nan nan nan nan 
nan nan nan nan nan nan -0.674606 -0.662067 -0.653182 -0.645229 -0.637726 -0.630564 -0.623706 -0.617119 -0.610773 -0.60463 -0.598652 -0.592797 -0.58702 -0.581271 -0.575496 -0.569637 -0.563631 -0.557408 -0.550895 -0.544014 -0.536682 -0.52881 -0.520307 -0.511074 -0.501011 -0.490014 -0.477974 -0.464782 -0.450329 -0.434503 -0.417199 -0.398311 -0.377743 -0.355405 -0.331219 -0.305121 -0.277063 -0.247018 -0.214977 -0.180958 -0.145002 -0.107175 -0.0675698 -0.0263022 0.0164901 0.0606499 0.106005 0.15237 0.199555 0.247365 0.295606 0.344089 0.392633 0.441067 0.48923 0.536978 0.584177 0.630708 0.676467 0.721362 0.765312 0.808249 0.850117 0.890865 0.930456 0.968855 1.00604 1.04199 1.07668 1.11012 1.14228 1.17318 1.2028 1.23115 1.25823 1.28405 1.30861 1.33192 1.35397 1.37479 1.39437 1.41271 1.42983 1.44573 1.46042 1.4739 1.48626 1.49797 1.51185 nan nan nan nan nan nan 
nan nan nan nan nan nan -0.688221 -0.681022 -0.673305 -0.665963 -0.659056 -0.652545 -0.646385 -0.640538 -0.634965 -0.629625 -0.624478 -0.619477 -0.614575 -0.609721 -0.604857 -0.599923 -0.594852 -0.589573 -0.584009 -0.578078 -0.571692 -0.564758 -0.557176 -0.548843 -0.53965 -0.529482 -0.518223 -0.505751 -0.491945 -0.476681 -0.459837 -0.441296 -0.420944 -0.398678 -0.374406 -0.348051 -0.319552 -0.288874 -0.256002 -0.220952 -0.183766 -0.144518 -0.103311 -0.0602745 -0.015567 0.0306324 0.0781264 0.126705 0.17615 0.226241 0.276761 0.327499 0.378254 0.428838 0.47908 0.528822 0.577924 0.626264 0.673733 0.720239 0.765702 0.810057 0.853249 0.895234 0.935974 0.975444 1.01362 1.05049 1.08604 1.12027 1.15317 1.18474 1.21499 1.24392 1.27154 1.29786 1.32288 1.34661 1.36906 1.39024 1.41017 1.42884 1.44629 1.4625 1.47752 1.49134 1.50401 1.51543 1.52466 nan nan nan nan nan nan 
nan nan nan nan nan -0.722427 -0.710039 -0.70146 -0.694008 -0.687209 -0.680932 -0.675103 -0.669671 -0.664589 -0.659815 -0.655306 -0.651016 -0.6469 -0.642907 -0.638982 -0.635068 -0.631102 -0.627013 -0.622729 -0.618169 -0.613247 -0.607871 -0.601941 -0.595353 -0.587995 -0.579749 -0.570493 -0.560098 -0.548431 -0.535356 -0.520736 -0.504432 -0.48631 -0.46624 -0.4441 -0.419782 -0.393192 -0.364256 -0.332926 -0.29918 -0.26303 -0.224521 -0.183731 -0.140777 -0.0958083 -0.0490038 -0.000570292 0.0492653 0.100262 0.15217 0.204739 0.257723 0.310887 0.364009 0.416883 0.469323 0.521162 0.572253 0.62247 0.671702 0.719859 0.766863 0.812652 0.857175 0.900394 0.942276 0.982802 1.02195 1.05972 1.0961 1.13109 1.1647 1.19692 1.22777 1.25725 1.28538 1.31216 1.33761 1.36173 1.38455 1.40608 1.42632 1.4453 1.46304 1.47955 1.49486 1.50901 1.52205 1.53411 1.54569 1.55962 nan nan nan nan nan 
nan nan nan nan nan -0.735892 -0.72898 -0.721725 -0.715006 -0.708878 -0.703292 -0.698189 -0.693517 -0.689231 -0.685284 -0.681632 -0.67823 -0.675029 -0.671977 -0.66902 -0.666096 -0.66314 -0.660083 -0.656846 -0.653346 -0.649495 -0.645194 -0.640341 -0.634822 -0.62852 -0.621308 -0.613052 -0.603614 -0.592845 -0.580596 -0.566713 -0.55104 -0.533423 -0.513712 -0.491764 -0.46745 -0.440657 -0.411293 -0.379296 -0.344633 -0.307309 -0.267371 -0.224905 -0.180041 -0.13295 -0.0838395 -0.0329482 0.0194612 0.0731097 0.127711 0.182978 0.238634 0.294413 0.35007 0.405381 0.460144 0.514185 0.567349 0.619507 0.670552 0.720392 0.768956 0.816186 0.862039 0.906481 0.949488 0.991047 1.03115 1.06979 1.10696 1.14268 1.17696 1.20979 1.2412 1.2712 1.29979 1.327 1.35285 1.37734 1.40049 1.42233 1.44286 1.46211 1.48011 1.49687 1.51243 1.52683 1.54011 1.55234 1.56344 1.57249 nan nan nan nan nan 
nan nan nan nan -0.76916 -0.757278 -0.749233 -0.742413 -0.73636 -0.730946 -0.726097 -0.72176 -0.717883 -0.714421 -0.71133 -0.708565 -0.70608 -0.703825 -0.701749 -0.699795 -0.697901 -0.696001 -0.694023 -0.691887 -0.689506 -0.686789 -0.683634 -0.679931 -0.675563 -0.670403 -0.664316 -0.657158 -0.648776 -0.639011 -0.627696 -0.614657 -0.59972 -0.582708 -0.563447 -0.541772 -0.517526 -0.490574 -0.460801 -0.428125 -0.3925 -0.353924 -0.312439 -0.268143 -0.221182 -0.171752 -0.120093 -0.0664852 -0.0112341 0.0453354 0.102892 0.161106 0.219663 0.278265 0.336639 0.394542 0.451759 0.508104 0.563422 0.617581 0.670477 0.722024 0.772156 0.820825 0.867994 0.913639 0.957744 1.0003 1.04131 1.08078 1.11872 1.15513 1.19002 1.22343 1.25536 1.28582 1.31485 1.34245 1.36865 1.39346 1.41691 1.43902 1.4598 1.47929 1.4975 1.51447 1.53023 1.54482 1.55829 1.57073 1.58226 1.59339 1.60696 nan nan nan nan 
nan nan nan nan -0.782125 -0.775768 -0.769221 -0.763288 -0.758023 -0.753382 -0.749317 -0.745781 -0.74273 -0.740122 -0.737915 -0.736064 -0.734524 -0.733247 -0.732179 -0.731265 -0.730442 -0.729642 -0.728792 -0.72781 -0.726609 -0.725092 -0.723153 -0.72068 -0.717547 -0.713621 -0.708758 -0.702802 -0.69559 -0.686944 -0.676681 -0.664609 -0.650528 -0.634239 -0.615539 -0.594234 -0.570138 -0.543085 -0.512934 -0.479576 -0.442947 -0.403031 -0.359872 -0.313571 -0.264296 -0.212273 -0.157784 -0.101157 -0.0427531 0.0170481 0.0778597 0.139303 0.201017 0.262668 0.323954 0.384612 0.444413 0.503165 0.56071 0.61692 0.671696 0.72496 0.776657 0.826748 0.875207 0.92202 0.967183 1.0107 1.05257 1.09282 1.13146 1.16851 1.20398 1.2379 1.2703 1.30119 1.33059 1.35854 1.38505 1.41014 1.43385 1.45619 1.47718 1.49686 1.51525 1.53237 1.54828 1.56299 1.57657 1.58906 1.60053 1.61094 1.61944 nan nan nan nan 
nan nan nan -0.813179 -0.802469 -0.79543 -0.789562 -0.784451 -0.780004 -0.776175 -0.772926 -0.770222 -0.768024 -0.766296 -0.764997 -0.764086 -0.763519 -0.763249 -0.763222 -0.763384 -0.76367 -0.764015 -0.764342 -0.76457 -0.764608 -0.764357 -0.76371 -0.762547 -0.760739 -0.758144 -0.75461 -0.749971 -0.744048 -0.73665 -0.727575 -0.716606 -0.703522 -0.688093 -0.670086 -0.649271 -0.625427 -0.598352 -0.567868 -0.533835 -0.496163 -0.454819 -0.409839 -0.361334 -0.309493 -0.254581 -0.19693 -0.136929 -0.0750073 -0.0116136 0.0527984 0.117789 0.182945 0.247893 0.312299 0.375879 0.438394 0.499647 0.559482 0.617779 0.674448 0.729425 0.782666 0.834146 0.883852 0.931785 0.977951 1.02236 1.06505 1.10601 1.1453 1.18292 1.21891 1.25329 1.2861 1.31736 1.34709 1.37533 1.4021 1.42743 1.45134 1.47386 1.49502 1.51485 1.53336 1.5506 1.56659 1.58137 1.59499 1.60748 1.61891 1.6294 1.63942 1.65171 nan nan nan 
nan nan nan -0.824982 -0.820106 -0.814895 -0.81011 -0.805905 -0.802309 -0.799315 -0.796906 -0.795055 -0.793732 -0.792904 -0.792537 -0.79259 -0.793021 -0.793785 -0.79483 -0.796101 -0.797536 -0.799067 -0.80062 -0.802111 -0.803449 -0.804534 -0.805253 -0.805485 -0.805094 -0.803933 -0.801841 -0.79864 -0.794139 -0.78813 -0.780391 -0.770683 -0.758756 -0.744348 -0.727189 -0.707011 -0.683549 -0.656554 -0.625806 -0.591121 -0.552374 -0.509507 -0.462545 -0.411606 -0.356905 -0.298753 -0.237546 -0.173751 -0.10788 -0.0404721 0.0279386 0.0968388 0.165755 0.234267 0.302011 0.368681 0.434032 0.497868 0.560041 0.620443 0.678999 0.735662 0.790405 0.843222 0.894115 0.943101 0.9902 1.03544 1.07885 1.12047 1.16032 1.19845 1.23489 1.26967 1.30282 1.33438 1.36439 1.39286 1.41984 1.44535 1.46942 1.49208 1.51335 1.53327 1.55187 1.56917 1.5852 1.59999 1.61359 1.626 1.63726 1.64736 1.65616 1.66292 nan nan nan 
nan nan nan -0.842712 -0.83908 -0.834912 -0.831043 -0.827701 -0.824948 -0.822796 -0.821237 -0.820252 -0.81982 -0.81991 -0.820492 -0.821529 -0.822981 -0.824804 -0.82695 -0.829363 -0.831982 -0.834742 -0.837567 -0.840375 -0.843073 -0.84556 -0.847723 -0.849435 -0.850558 -0.850937 -0.850405 -0.848773 -0.845836 -0.841371 -0.835135 -0.826864 -0.816277 -0.803077 -0.786954 -0.767592 -0.744673 -0.717895 -0.686978 -0.651686 -0.611844 -0.567359 -0.518236 -0.464598 -0.40669 -0.34488 -0.279645 -0.21155 -0.141218 -0.069298 0.00357356 0.0767949 0.149823 0.222187 0.29349 0.363414 0.43171 0.498192 0.562727 0.625226 0.685636 0.743933 0.800113 0.85419 0.906188 0.956139 1.00408 1.05006 1.09412 1.13629 1.17664 1.21519 1.25199 1.28709 1.32052 1.35233 1.38254 1.41119 1.43831 1.46395 1.48812 1.51086 1.5322 1.55217 1.5708 1.58811 1.60414 1.6189 1.63243 1.64473 1.65582 1.66564 1.67395 1.67983 nan nan nan 
nan nan -0.875625 -0.865052 -0.859572 -0.855602 -0.852409 -0.849855 -0.84792 -0.846603 -0.845896 -0.845785 -0.846253 -0.847273 -0.848819 -0.850857 -0.853349 -0.856255 -0.859526 -0.86311 -0.866949 -0.870976 -0.875119 -0.879294 -0.883412 -0.887368 -0.89105 -0.894329 -0.897063 -0.899094 -0.900245 -0.900319 -0.899101 -0.896348 -0.891797 -0.885161 -0.876124 -0.864351 -0.849486 -0.831156 -0.808985 -0.782599 -0.751649 -0.715826 -0.67489 -0.628694 -0.577214 -0.52057 -0.459041 -0.393067 -0.323229 -0.250224 -0.174815 -0.0977923 -0.0199218 0.058088 0.135614 0.212131 0.287217 0.360545 0.431872 0.501033 0.567921 0.632474 0.694672 0.754519 0.81204 0.867274 0.920268 0.971076 1.01976 1.06636 1.11096 1.1536 1.19433 1.23322 1.27031 1.30564 1.33927 1.37124 1.40158 1.43034 1.45755 1.48325 1.50747 1.53024 1.5516 1.57157 1.59018 1.60746 1.62343 1.63812 1.65155 1.66374 1.67469 1.68445 1.69317 1.70164 1.71371 nan nan 
nan nan -0.887293 -0.883249 -0.879525 -0.876483 -0.874091 -0.872331 -0.871205 -0.870715 -0.870856 -0.871621 -0.872993 -0.874952 -0.877473 -0.880524 -0.884073 -0.88808 -0.892499 -0.897281 -0.902369 -0.9077 -0.913202 -0.918795 -0.924388 -0.929879 -0.935155 -0.940088 -0.944532 -0.948327 -0.951289 -0.953215 -0.953876 -0.953017 -0.950354 -0.945571 -0.938322 -0.928228 -0.914882 -0.89785 -0.87668 -0.850918 -0.820121 -0.783889 -0.741889 -0.6939 -0.639847 -0.579839 -0.514193 -0.443438 -0.368294 -0.289627 -0.208392 -0.125561 -0.042063 0.041264 0.123707 0.204689 0.283766 0.360618 0.435027 0.506858 0.576045 0.642568 0.706445 0.767719 0.826449 0.882703 0.936558 0.988089 1.03737 1.08449 1.1295 1.17249 1.21351 1.25262 1.2899 1.32538 1.35912 1.39117 1.42157 1.45037 1.4776 1.5033 1.5275 1.55025 1.57156 1.59148 1.61002 1.62723 1.64311 1.65769 1.67099 1.68303 1.6938 1.70334 1.71167 1.71889 1.7247 nan nan 
nan nan -0.904062 -0.902128 -0.899773 -0.897677 -0.896092 -0.895114 -0.894779 -0.895103 -0.896086 -0.897723 -0.900001 -0.902903 -0.906404 -0.91048 -0.915097 -0.92022 -0.925806 -0.931809 -0.938174 -0.944841 -0.95174 -0.958795 -0.965917 -0.973006 -0.979949 -0.986619 -0.992872 -0.998543 -1.00345 -1.00737 -1.01009 -1.01131 -1.01076 -1.00807 -1.00288 -0.994751 -0.983233 -0.967816 -0.947965 -0.923124 -0.892737 -0.85628 -0.813297 -0.763455 -0.706599 -0.642809 -0.572442 -0.496141 -0.414811 -0.329551 -0.241567 -0.152077 -0.0622171 0.0270208 0.114826 0.200575 0.283823 0.364275 0.441757 0.51619 0.587564 0.655914 0.721311 0.783842 0.843607 0.900711 0.955257 1.00735 1.05708 1.10456 1.14985 1.19305 1.23424 1.27347 1.31082 1.34635 1.38011 1.41216 1.44254 1.47129 1.49847 1.52411 1.54824 1.5709 1.59212 1.61193 1.63036 1.64744 1.66319 1.67763 1.69077 1.70263 1.7132 1.72246 1.73032 1.73654 1.74043 nan nan 
nan nan -0.923776 -0.922417 -0.920734 -0.919319 -0.918435 -0.918186 -0.918614 -0.919734 -0.921549 -0.924052 -0.927234 -0.931077 -0.935564 -0.940668 -0.946362 -0.952612 -0.95938 -0.966622 -0.974287 -0.982318 -0.990649 -0.999206 -1.00791 -1.01665 -1.02533 -1.03382 -1.04197 -1.04963 -1.05661 -1.06269 -1.06763 -1.07115 -1.07293 -1.0726 -1.06976 -1.06394 -1.05461 -1.04119 -1.02305 -0.999512 -0.969884 -0.933475 -0.889663 -0.83795 -0.778055 -0.709997 -0.634167 -0.551356 -0.462723 -0.36969 -0.273812 -0.17663 -0.0795485 0.0162574 0.109879 0.200668 0.288206 0.372257 0.452724 0.529609 0.602981 0.672947 0.73964 0.803205 0.863785 0.921526 0.976563 1.02902 1.07903 1.1267 1.17212 1.21539 1.2566 1.29583 1.33315 1.36861 1.4023 1.43425 1.46452 1.49316 1.5202 1.5457 1.56969 1.59221 1.61328 1.63293 1.6512 1.66812 1.68369 1.69796 1.71092 1.72259 1.73297 1.74201 1.74962 1.75551 1.75904 nan nan 
nan nan -0.945817 -0.943998 -0.942387 -0.941385 -0.941084 -0.94151 -0.942672 -0.944571 -0.947204 -0.950565 -0.954645 -0.959428 -0.964898 -0.971033 -0.977808 -0.985192 -0.993152 -1.00165 -1.01063 -1.02005 -1.02984 -1.03993 -1.05025 -1.0607 -1.07118 -1.08157 -1.09172 -1.10147 -1.11065 -1.11904 -1.12638 -1.1324 -1.13676 -1.13909 -1.13892 -1.13577 -1.12904 -1.11807 -1.10213 -1.08039 -1.05199 -1.01603 -0.971653 -0.91813 -0.854972 -0.782077 -0.699856 -0.609298 -0.511919 -0.409599 -0.304377 -0.198242 -0.0929404 0.0101414 0.110012 0.20604 0.297884 0.38542 0.468669 0.547749 0.622832 0.694117 0.761812 0.826123 0.887247 0.945369 1.00066 1.05327 1.10335 1.15101 1.19639 1.23958 1.28067 1.31976 1.35691 1.39221 1.4257 1.45746 1.48754 1.51597 1.54282 1.56811 1.59189 1.61419 1.63505 1.6545 1.67256 1.68926 1.70463 1.71868 1.73144 1.74291 1.75311 1.76204 1.76967 1.77588 1.78018 nan nan 
nan -0.981438 -0.970603 -0.966322 -0.964385 -0.963697 -0.963943 -0.965023 -0.966902 -0.969566 -0.973007 -0.977217 -0.982186 -0.987902 -0.994352 -1.00152 -1.00937 -1.01789 -1.02705 -1.0368 -1.04712 -1.05794 -1.06921 -1.08087 -1.09285 -1.10505 -1.11738 -1.12973 -1.14196 -1.15391 -1.16542 -1.17625 -1.18618 -1.19492 -1.20212 -1.20738 -1.21025 -1.21018 -1.20652 -1.19854 -1.18538 -1.16606 -1.13951 -1.10457 -1.06007 -1.00493 -0.938336 -0.85995 -0.770165 -0.670234 -0.562201 -0.44861 -0.332189 -0.215548 -0.100881 0.0101996 0.116671 0.217997 0.313999 0.404736 0.490406 0.571284 0.647673 0.719879 0.788197 0.852901 0.914242 0.972444 1.02771 1.08022 1.13014 1.1776 1.22275 1.26568 1.3065 1.3453 1.38216 1.41716 1.45036 1.48183 1.51161 1.53976 1.56632 1.59133 1.61483 1.63687 1.65746 1.67664 1.69444 1.71089 1.726 1.73981 1.75232 1.76357 1.77359 1.78241 1.79017 1.7972 1.80469 1.81724 nan 
nan -0.993366 -0.989752 -0.987255 -0.986087 -0.986019 -0.986901 -0.988657 -0.991254 -0.994675 -0.998912 -1.00396 -1.00981 -1.01645 -1.02387 -1.03205 -1.04099 -1.05064 -1.06099 -1.07201 -1.08366 -1.09589 -1.10866 -1.12191 -1.13557 -1.14956 -1.16379 -1.17816 -1.19254 -1.20679 -1.22073 -1.23416 -1.24684 -1.2585 -1.26879 -1.27731 -1.28358 -1.28703 -1.28697 -1.28259 -1.27291 -1.2568 -1.23293 -1.19983 -1.1559 -1.09956 -1.02947 -0.944857 -0.84599 -0.734483 -0.613217 -0.485711 -0.35567 -0.226607 -0.101299 0.01844 0.131674 0.238111 0.337867 0.431285 0.518808 0.600913 0.678059 0.750675 0.819147 0.883818 0.944991 1.00293 1.05786 1.11 1.1595 1.20654 1.25124 1.29373 1.33411 1.37248 1.40892 1.4435 1.47629 1.50736 1.53675 1.56452 1.59072 1.61537 1.63853 1.66023 1.68049 1.69936 1.71685 1.73299 1.74781 1.76133 1.77356 1.78455 1.79431 1.80291 1.81045 1.81712 1.82323 1.82869 nan 
nan -1.00997 -1.00878 -1.00783 -1.00764 -1.00834 -1.00992 -1.01237 -1.01568 -1.01985 -1.02488 -1.03075 -1.03746 -1.04501 -1.05339 -1.06259 -1.07259 -1.08337 -1.09491 -1.10719 -1.12017 -1.13382 -1.14809 -1.16294 -1.1783 -1.1941 -1.21027 -1.22671 -1.2433 -1.25991 -1.27638 -1.29253 -1.30813 -1.3229 -1.33653 -1.34861 -1.35866 -1.36611 -1.37022 -1.37013 -1.36476 -1.3528 -1.33268 -1.30255 -1.26027 -1.20354 -1.13016 -1.03856 -0.9286 -0.802407 -0.66434 -0.519342 -0.372455 -0.228596 -0.0913142 0.03751 0.157293 0.268245 0.37097 0.466222 0.554768 0.637321 0.714516 0.786907 0.85497 0.91911 0.979675 1.03696 1.09122 1.14267 1.1915 1.23787 1.28192 1.32378 1.36355 1.40132 1.43719 1.47123 1.50349 1.53405 1.56296 1.59027 1.61601 1.64024 1.66298 1.68428 1.70416 1.72265 1.73978 1.75557 1.77005 1.78324 1.79515 1.80582 1.81526 1.82352 1.83063 1.83662 1.84142 1.84456 nan 
nan -1.02878 -1.02856 -1.02861 -1.02928 -1.03072 -1.03299 -1.03613 -1.04016 -1.04506 -1.05085 -1.05753 -1.06509 -1.07354 -1.08287 -1.09306 -1.10411 -1.116 -1.12873 -1.14225 -1.15656 -1.17162 -1.18739 -1.20384 -1.2209 -1.23853 -1.25666 -1.27519 -1.29404 -1.31307 -1.33216 -1.35113 -1.36978 -1.38785 -1.40504 -1.42097 -1.43518 -1.44709 -1.45597 -1.46092 -1.46078 -1.45413 -1.43912 -1.4135 -1.37449 -1.3188 -1.2429 -1.14368 -1.01988 -0.874313 -0.71444 -0.547099 -0.378882 -0.217295 -0.0668711 0.0708881 0.19631 0.310529 0.4149 0.510722 0.599144 0.681134 0.757499 0.828907 0.895906 0.958952 1.01842 1.07463 1.12785 1.1783 1.22616 1.27162 1.31479 1.35582 1.3948 1.43183 1.46698 1.50034 1.53196 1.56191 1.59024 1.61698 1.6422 1.66592 1.68818 1.70901 1.72844 1.74651 1.76323 1.77862 1.79272 1.80553 1.81709 1.82739 1.83647 1.84432 1.85096 1.85633 1.86029 1.86252 nan 
nan -1.04879 -1.04905 -1.04976 -1.0511 -1.05319 -1.05613 -1.05993 -1.06464 -1.07026 -1.0768 -1.08427 -1.09266 -1.10198 -1.11223 -1.1234 -1.13548 -1.14847 -1.16235 -1.17711 -1.19273 -1.20918 -1.22644 -1.24448 -1.26325 -1.2827 -1.30279 -1.32343 -1.34456 -1.36606 -1.38782 -1.40969 -1.43149 -1.45301 -1.47396 -1.494 -1.51271 -1.52953 -1.54378 -1.55454 -1.56065 -1.5606 -1.55236 -1.53329 -1.49991 -1.44773 -1.3712 -1.26432 -1.12286 -0.95 -0.761417 -0.565408 -0.369029 -0.186158 -0.022202 0.123069 0.251997 0.367261 0.471237 0.565863 0.652667 0.732846 0.807342 0.876896 0.942102 1.00344 1.06129 1.11598 1.16776 1.21687 1.26349 1.30777 1.34984 1.38984 1.42785 1.46397 1.49827 1.53082 1.56168 1.59091 1.61855 1.64466 1.66926 1.6924 1.7141 1.73441 1.75334 1.77092 1.78718 1.80213 1.8158 1.82821 1.83936 1.84928 1.85796 1.86541 1.87159 1.87646 1.8799 1.88171 nan 
nan -1.06953 -1.07007 -1.07123 -1.0731 -1.07578 -1.07931 -1.08375 -1.08911 -1.09541 -1.10268 -1.11091 -1.12011 -1.13028 -1.14143 -1.15355 -1.16664 -1.1807 -1.19571 -1.21168 -1.22858 -1.24641 -1.26513 -1.28474 -1.30519 -1.32645 -1.34849 -1.37124 -1.39465 -1.41863 -1.44309 -1.4679 -1.49294 -1.518 -1.54286 -1.56722 -1.59072 -1.61286 -1.63301 -1.65034 -1.66374 -1.67168 -1.6721 -1.66211 -1.63767 -1.593 -1.51992 -1.40733 -1.24313 -1.02692 -0.801309 -0.569804 -0.332402 -0.124511 0.0508793 0.199594 0.327891 0.440637 0.54133 0.632461 0.715825 0.792741 0.864198 0.930949 0.993583 1.05256 1.10825 1.16096 1.21092 1.25836 1.30343 1.34628 1.38703 1.42579 1.46266 1.49771 1.53101 1.56263 1.59262 1.62102 1.64789 1.67326 1.69717 1.71965 1.74074 1.76045 1.77882 1.79587 1.81162 1.82609 1.8393 1.85126 1.86198 1.87148 1.87976 1.8868 1.89258 1.89706 1.90015 1.90173 nan 
nan -1.09069 -1.09143 -1.09294 -1.09526 -1.09844 -1.10252 -1.10754 -1.11352 -1.12049 -1.12844 -1.13741 -1.14739 -1.15838 -1.1704 -1.18345 -1.19752 -1.21261 -1.22874 -1.24588 -1.26403 -1.28319 -1.30335 -1.32449 -1.34659 -1.36964 -1.39359 -1.41843 -1.44409 -1.47053 -1.49769 -1.52546 -1.55375 -1.58241 -1.61127 -1.64009 -1.66859 -1.69636 -1.72287 -1.74743 -1.76904 -1.78634 -1.7974 -1.79939 -1.78809 -1.75695 -1.69531 -1.58477 -1.39378 -1.09264 -0.82682 -0.559164 -0.246463 -0.0139691 0.163467 0.30648 0.427117 0.532235 0.625939 0.710846 0.78872 0.860799 0.927987 0.990957 1.05023 1.1062 1.15919 1.20946 1.25723 1.30265 1.34589 1.38706 1.42628 1.46362 1.49917 1.533 1.56517 1.59573 1.62473 1.65221 1.67821 1.70276 1.7259 1.74765 1.76805 1.78712 1.80487 1.82134 1.83653 1.85048 1.86318 1.87466 1.88493 1.894 1.90186 1.90851 1.91393 1.91808 1.92092 1.92236 nan 
nan -1.11208 -1.11299 -1.1148 -1.1175 -1.12113 -1.12571 -1.13127 -1.13784 -1.14543 -1.15406 -1.16373 -1.17445 -1.18624 -1.1991 -1.21304 -1.22805 -1.24415 -1.26134 -1.27962 -1.29898 -1.31944 -1.34099 -1.36362 -1.38732 -1.4121 -1.43793 -1.46479 -1.49267 -1.52153 -1.55134 -1.58203 -1.61355 -1.6458 -1.67868 -1.71201 -1.74561 -1.77919 -1.81236 -1.84461 -1.87517 -1.90298 -1.92647 -1.94325 -1.94968 -1.93983 -1.9032 -1.81726 -1.61409 nan nan nan -0.0432894 0.177018 0.327666 0.447939 0.550915 0.642196 0.724806 0.800631 0.87094 0.93663 0.998354 1.0566 1.11176 1.16411 1.21389 1.2613 1.3065 1.34961 1.39076 1.43002 1.46749 1.50323 1.5373 1.56977 1.60067 1.63006 1.65796 1.68442 1.70946 1.73311 1.75541 1.77637 1.79602 1.81438 1.83146 1.8473 1.86189 1.87527 1.88743 1.89841 1.9082 1.91681 1.92425 1.93052 1.93559 1.93947 1.94211 1.94346 nan 
nan -1.1335 -1.13463 -1.13671 -1.13976 -1.14379 -1.14883 -1.15491 -1.16203 -1.17022 -1.17948 -1.18982 -1.20126 -1.21381 -1.22747 -1.24226 -1.25818 -1.27524 -1.29345 -1.31282 -1.33335 -1.35505 -1.37793 -1.402 -1.42725 -1.45369 -1.48132 -1.51015 -1.54016 -1.57137 -1.60374 -1.63728 -1.67195 -1.70773 -1.74455 -1.78235 -1.82102 -1.86042 -1.90035 -1.94049 -1.9804 -2.01941 -2.05651 -2.09014 -2.1179 -2.1362 -2.1406 -2.12996 nan nan nan nan nan 0.478154 0.543874 0.620797 0.696484 0.768389 0.836313 0.900562 0.961498 1.01944 1.07465 1.12736 1.17773 1.22592 1.27204 1.31622 1.35852 1.39904 1.43785 1.47499 1.51052 1.54449 1.57695 1.60792 1.63744 1.66554 1.69225 1.71759 1.74159 1.76427 1.78566 1.80576 1.8246 1.8422 1.85856 1.87372 1.88767 1.90044 1.91203 1.92246 1.93175 1.93989 1.94689 1.95277 1.95752 1.96114 1.96362 1.96496 nan 
-1.15362 -1.15476 -1.15625 -1.15861 -1.16197 -1.16637 -1.17185 -1.1784 -1.18605 -1.19479 -1.20466 -1.21564 -1.22777 -1.24104 -1.25546 -1.27106 -1.28784 -1.30582 -1.32501 -1.34541 -1.36705 -1.38994 -1.41408 -1.43951 -1.46623 -1.49426 -1.52361 -1.55431 -1.58636 -1.6198 -1.65464 -1.69089 -1.72858 -1.76773 -1.80834 -1.85044 -1.89403 -1.93909 -1.98561 -2.03352 -2.08272 -2.133 -2.18401 -2.23514 -2.28524 -2.33221 -2.37211 -2.39762 nan nan nan nan nan -5.53921 -5.5137 -5.47381 -5.42683 -5.37673 -5.32561 -5.27459 -5.22431 -5.17511 -5.1272 -5.08068 -5.03562 -4.99203 -4.94994 -4.90932 -4.87017 -4.83248 -4.79623 -4.76139 -4.72796 -4.6959 -4.6652 -4.63585 -4.60782 -4.5811 -4.55568 -4.53153 -4.50864 -4.487 -4.4666 -4.44741 -4.42944 -4.41266 -4.39706 -4.38263 -4.36936 -4.35724 -4.34625 -4.33639 -4.32764 -4.31999 -4.31344 -4.30797 -4.30356 -4.3002 -4.29785 -4.29635 -4.29521 
nan -1.17663 -1.17797 -1.18046 -1.18408 -1.18882 -1.1947 -1.20171 -1.20985 -1.21913 -1.22956 -1.24116 -1.25392 -1.26788 -1.28303 -1.2994 -1.31699 -1.33583 -1.35593 -1.37732 -1.4 -1.424 -1.44935 -1.47606 -1.50416 -1.53368 -1.56465 -1.5971 -1.63107 -1.6666 -1.70375 -1.74255 -1.78307 -1.82538 -1.86955 -1.91568 -1.96386 -2.01423 -2.06694 -2.12215 -2.18009 -2.24103 -2.30528 -2.3732 -2.44511 -2.5208 -2.59772 -2.66344 nan nan nan nan nan -5.27155 -5.28219 -5.2778 -5.25949 -5.23173 -5.1981 -5.161 -5.12199 -5.08208 -5.04194 -5.00202 -4.96261 -4.92394 -4.88614 -4.84932 -4.81355 -4.77887 -4.74534 -4.71296 -4.68176 -4.65174 -4.62291 -4.59528 -4.56884 -4.54359 -4.51953 -4.49665 -4.47494 -4.45441 -4.43504 -4.41683 -4.39977 -4.38385 -4.36907 -4.3554 -4.34285 -4.33141 -4.32107 -4.31181 -4.30362 -4.2965 -4.29043 -4.28538 -4.28135 -4.2783 -4.27622 -4.27509 nan 
nan -1.19813 -1.19948 -1.20212 -1.206 -1.21108 -1.21734 -1.22478 -1.23339 -1.24318 -1.25416 -1.26633 -1.2797 -1.2943 -1.31013 -1.32721 -1.34557 -1.36522 -1.38618 -1.40848 -1.43213 -1.45718 -1.48363 -1.51154 -1.54092 -1.57182 -1.60429 -1.63837 -1.67411 -1.71157 -1.75084 -1.79198 -1.83509 -1.88029 -1.9277 -1.97749 -2.02984 -2.08499 -2.14324 -2.20496 -2.27065 -2.34096 -2.41679 -2.4994 -2.59068 -2.69365 -2.81393 -2.96457 -3.18488 nan nan nan -4.75568 -4.95885 -5.04479 -5.08142 -5.09127 -5.08484 -5.06806 -5.04458 -5.01677 -4.9862 -4.95396 -4.92078 -4.8872 -4.85361 -4.82027 -4.7874 -4.75514 -4.72362 -4.69293 -4.66312 -4.63426 -4.60638 -4.57952 -4.55369 -4.52892 -4.50521 -4.48258 -4.46104 -4.44058 -4.42121 -4.40293 -4.38574 -4.36964 -4.35463 -4.3407 -4.32784 -4.31605 -4.30532 -4.29565 -4.28703 -4.27943 -4.27287 -4.2673 -4.26272 -4.25909 -4.25639 -4.25459 -4.25367 nan 
nan -1.21923 -1.22068 -1.22351 -1.22766 -1.23308 -1.23973 -1.24759 -1.25666 -1.26693 -1.27841 -1.29112 -1.30506 -1.32025 -1.33672 -1.35447 -1.37354 -1.39394 -1.41569 -1.43883 -1.46339 -1.48939 -1.51687 -1.54586 -1.57642 -1.60859 -1.64242 -1.67797 -1.71531 -1.75453 -1.7957 -1.83894 -1.88437 -1.93213 -1.9824 -2.03539 -2.09137 -2.15064 -2.21361 -2.28079 -2.35287 -2.43075 -2.51565 -2.60936 -2.71448 -2.83511 -2.97813 -3.15556 -3.38806 -3.70076 -3.96841 -4.23423 -4.53537 -4.72636 -4.8369 -4.89855 -4.92968 -4.94098 -4.939 -4.92794 -4.91063 -4.88902 -4.86447 -4.83795 -4.81018 -4.78169 -4.75286 -4.724 -4.69534 -4.66705 -4.63928 -4.61213 -4.58568 -4.56002 -4.53519 -4.51123 -4.48819 -4.46608 -4.44495 -4.42479 -4.40563 -4.38747 -4.37033 -4.35421 -4.33911 -4.32504 -4.312 -4.29998 -4.28898 -4.279 -4.27004 -4.26208 -4.25511 -4.24913 -4.24411 -4.24003 -4.23685 -4.23454 -4.23303 -4.23228 nan 
nan -1.23986 -1.24145 -1.24453 -1.24901 -1.25479 -1.26183 -1.27011 -1.27961 -1.29033 -1.3023 -1.3155 -1.32997 -1.34572 -1.36277 -1.38114 -1.40086 -1.42194 -1.44442 -1.46833 -1.4937 -1.52057 -1.54898 -1.57896 -1.61058 -1.64388 -1.67893 -1.7158 -1.75456 -1.79532 -1.83817 -1.88324 -1.93067 -1.98064 -2.03334 -2.08903 -2.14801 -2.21064 -2.2774 -2.34885 -2.42577 -2.50913 -2.60026 -2.70096 -2.8137 -2.942 -3.09071 -3.2661 -3.47399 -3.7114 -3.9429 -4.16852 -4.38472 -4.54892 -4.66151 -4.73459 -4.77926 -4.8037 -4.81369 -4.81327 -4.80533 -4.79194 -4.77461 -4.75445 -4.73231 -4.70882 -4.68445 -4.65959 -4.63453 -4.6095 -4.58468 -4.56022 -4.53624 -4.51283 -4.49008 -4.46805 -4.44678 -4.42633 -4.40673 -4.388 -4.37018 -4.35327 -4.33731 -4.32229 -4.30823 -4.29514 -4.28302 -4.27187 -4.2617 -4.2525 -4.24427 -4.23701 -4.2307 -4.22534 -4.2209 -4.21737 -4.2147 -4.21282 -4.21166 -4.21112 nan 
nan -1.25988 -1.26169 -1.26513 -1.27 -1.27619 -1.28363 -1.29231 -1.30223 -1.31338 -1.32579 -1.33946 -1.35442 -1.37067 -1.38826 -1.40719 -1.42749 -1.4492 -1.47233 -1.49694 -1.52304 -1.55068 -1.57991 -1.61078 -1.64333 -1.67763 -1.71374 -1.75175 -1.79175 -1.83383 -1.87811 -1.92472 -1.97383 -2.02562 -2.0803 -2.13816 -2.19949 -2.2647 -2.33425 -2.40875 -2.48893 -2.57573 -2.67036 -2.77433 -2.8896 -3.01852 -3.16379 -3.32775 -3.51062 -3.707 -3.90301 -4.09159 -4.26445 -4.40591 -4.5128 -4.58932 -4.6415 -4.67488 -4.69395 -4.70219 -4.70225 -4.69613 -4.68537 -4.67113 -4.6543 -4.63559 -4.61555 -4.5946 -4.57309 -4.55128 -4.52941 -4.50765 -4.48615 -4.46502 -4.44438 -4.42429 -4.40484 -4.38607 -4.36803 -4.35077 -4.33432 -4.3187 -4.30394 -4.29006 -4.27707 -4.26499 -4.25382 -4.24357 -4.23425 -4.22586 -4.21839 -4.21185 -4.20623 -4.20153 -4.19772 -4.19479 -4.19269 -4.19135 -4.19064 -4.19039 nan 
nan -1.27907 -1.2813 -1.28527 -1.29064 -1.29727 -1.30512 -1.3142 -1.32451 -1.33606 -1.34887 -1.36297 -1.37837 -1.39509 -1.41315 -1.43258 -1.45342 -1.47568 -1.49939 -1.52461 -1.55136 -1.57968 -1.60963 -1.64125 -1.67461 -1.70977 -1.74679 -1.78577 -1.8268 -1.86998 -1.91543 -1.9633 -2.01374 -2.06696 -2.12317 -2.18264 -2.24569 -2.31269 -2.38409 -2.46046 -2.54245 -2.63087 -2.72669 -2.83106 -2.94528 -3.0707 -3.20846 -3.35889 -3.52047 -3.68869 -3.85603 -4.01591 -4.16147 -4.28527 -4.3845 -4.46039 -4.51608 -4.5551 -4.58071 -4.59572 -4.60238 -4.60251 -4.59756 -4.58868 -4.57678 -4.56257 -4.54663 -4.52944 -4.51137 -4.49273 -4.47376 -4.45467 -4.43563 -4.41678 -4.39825 -4.38013 -4.3625 -4.34543 -4.32898 -4.31321 -4.29815 -4.28384 -4.27032 -4.2576 -4.2457 -4.23465 -4.22446 -4.21513 -4.20669 -4.19912 -4.19244 -4.18665 -4.18175 -4.17773 -4.17458 -4.17231 -4.17087 -4.17021 -4.17015 -4.17037 nan 
nan -1.29704 -1.30017 -1.30497 -1.31097 -1.31807 -1.32633 -1.33577 -1.34644 -1.35835 -1.37154 -1.38602 -1.40181 -1.41894 -1.43743 -1.45731 -1.47861 -1.50135 -1.52558 -1.55133 -1.57863 -1.60754 -1.6381 -1.67037 -1.7044 -1.74027 -1.77805 -1.81781 -1.85967 -1.90372 -1.95009 -1.99892 -2.05037 -2.10463 -2.16192 -2.22248 -2.28662 -2.35469 -2.42708 -2.50427 -2.58682 -2.67537 -2.77062 -2.87335 -2.9843 -3.10408 -3.23291 -3.37019 -3.51405 -3.66094 -3.80593 -3.944 -4.07019 -4.18015 -4.27175 -4.34513 -4.40186 -4.44414 -4.47428 -4.49439 -4.50635 -4.51172 -4.51181 -4.5077 -4.50026 -4.4902 -4.47812 -4.4645 -4.44972 -4.43412 -4.41798 -4.4015 -4.38489 -4.3683 -4.35186 -4.3357 -4.31989 -4.30453 -4.28969 -4.27541 -4.26177 -4.24878 -4.23651 -4.22496 -4.21418 -4.20418 -4.19499 -4.18661 -4.17905 -4.17234 -4.16647 -4.16145 -4.15728 -4.15396 -4.15151 -4.14993 -4.14924 -4.14942 -4.15037 -4.15156 nan 
nan -1.3129 -1.31836 -1.32447 -1.33115 -1.33868 -1.34728 -1.35705 -1.36803 -1.38027 -1.39378 -1.4086 -1.42474 -1.44223 -1.4611 -1.48136 -1.50306 -1.52622 -1.55088 -1.57707 -1.60484 -1.63423 -1.6653 -1.69809 -1.73267 -1.76911 -1.80748 -1.84786 -1.89035 -1.93505 -1.98209 -2.0316 -2.08373 -2.13866 -2.1966 -2.25777 -2.32245 -2.39092 -2.46353 -2.54068 -2.62278 -2.71031 -2.80373 -2.90348 -3.00992 -3.12315 -3.24289 -3.3682 -3.49726 -3.6273 -3.75481 -3.87608 -3.98758 -4.08645 -4.17106 -4.24115 -4.29749 -4.34142 -4.37452 -4.39839 -4.4145 -4.42418 -4.42857 -4.42862 -4.42517 -4.4189 -4.41038 -4.40009 -4.38843 -4.37575 -4.36232 -4.34838 -4.33414 -4.31976 -4.30539 -4.29115 -4.27716 -4.2635 -4.25026 -4.23749 -4.22525 -4.21361 -4.20259 -4.19223 -4.18258 -4.17365 -4.16546 -4.15804 -4.1514 -4.14555 -4.14051 -4.13627 -4.13285 -4.13025 -4.12849 -4.12761 -4.12768 -4.12885 -4.13134 -4.13496 nan 
nan -1.32436 -1.3369 -1.34439 -1.35142 -1.35918 -1.36801 -1.37802 -1.38927 -1.40179 -1.41559 -1.4307 -1.44715 -1.46495 -1.48413 -1.50473 -1.52676 -1.55026 -1.57528 -1.60184 -1.62998 -1.65976 -1.69123 -1.72443 -1.75943 -1.79629 -1.8351 -1.87592 -1.91885 -1.96399 -2.01145 -2.06137 -2.11388 -2.16915 -2.22735 -2.28869 -2.3534 -2.42171 -2.49392 -2.57031 -2.65119 -2.73686 -2.82759 -2.9236 -3.02492 -3.13139 -3.24247 -3.35714 -3.47378 -3.5902 -3.70379 -3.81183 -3.91176 -4.00154 -4.07993 -4.14653 -4.20167 -4.24617 -4.2811 -4.30765 -4.32697 -4.34013 -4.34811 -4.35177 -4.35184 -4.34897 -4.34371 -4.33651 -4.32778 -4.31785 -4.30701 -4.29551 -4.28355 -4.27132 -4.25898 -4.24664 -4.23444 -4.22246 -4.2108 -4.19953 -4.18871 -4.1784 -4.16864 -4.15948 -4.15096 -4.14311 -4.13594 -4.12949 -4.12378 -4.11881 -4.1146 -4.11116 -4.10849 -4.10662 -4.10554 -4.10529 -4.10598 -4.10791 -4.1122 -4.12303 nan 
nan nan -1.36141 -1.36571 -1.37192 -1.37955 -1.38848 -1.39868 -1.41016 -1.42291 -1.43696 -1.45233 -1.46903 -1.48709 -1.50654 -1.5274 -1.5497 -1.57348 -1.59878 -1.62562 -1.65406 -1.68413 -1.71589 -1.74939 -1.78468 -1.82183 -1.86092 -1.90201 -1.9452 -1.99058 -2.03825 -2.08832 -2.14093 -2.19622 -2.25435 -2.31547 -2.37978 -2.44748 -2.51876 -2.59384 -2.67292 -2.75617 -2.84371 -2.93555 -3.03158 -3.13145 -3.23453 -3.33983 -3.44597 -3.55119 -3.65351 -3.75089 -3.84145 -3.92367 -3.99656 -4.05972 -4.11325 -4.15762 -4.19358 -4.22198 -4.24372 -4.25967 -4.27063 -4.27736 -4.28052 -4.28068 -4.27836 -4.274 -4.26798 -4.26063 -4.25224 -4.24307 -4.23331 -4.22316 -4.21277 -4.2023 -4.19184 -4.18153 -4.17143 -4.16164 -4.15222 -4.14324 -4.13474 -4.12679 -4.1194 -4.11263 -4.10649 -4.10102 -4.09624 -4.09216 -4.0888 -4.08616 -4.08426 -4.0831 -4.08268 -4.08298 -4.08398 -4.08559 -4.08741 nan nan 
nan nan -1.38256 -1.38608 -1.39197 -1.39958 -1.40863 -1.419 -1.43067 -1.44364 -1.4579 -1.47348 -1.49039 -1.50866 -1.52832 -1.54939 -1.5719 -1.59589 -1.62139 -1.64844 -1.67707 -1.70735 -1.7393 -1.77298 -1.80845 -1.84576 -1.88499 -1.9262 -1.96947 -2.0149 -2.06256 -2.11257 -2.16503 -2.22007 -2.27781 -2.33839 -2.40195 -2.46865 -2.53861 -2.61198 -2.68887 -2.76934 -2.85339 -2.94092 -3.03171 -3.12534 -3.22114 -3.31822 -3.4154 -3.51128 -3.60432 -3.69295 -3.77576 -3.85159 -3.91965 -3.97954 -4.03126 -4.07507 -4.11148 -4.14111 -4.16464 -4.18278 -4.1962 -4.20553 -4.21136 -4.2142 -4.21452 -4.21274 -4.20922 -4.20428 -4.1982 -4.19123 -4.18357 -4.17541 -4.16692 -4.15824 -4.1495 -4.1408 -4.13224 -4.12391 -4.11588 -4.10821 -4.10097 -4.0942 -4.08795 -4.08226 -4.07716 -4.07267 -4.06883 -4.06565 -4.06314 -4.06133 -4.06021 -4.05978 -4.06003 -4.06091 -4.06233 -4.06401 -4.06537 nan nan 
nan nan -1.40116 -1.40506 -1.41127 -1.41913 -1.42839 -1.43896 -1.45082 -1.46396 -1.4784 -1.49415 -1.51123 -1.52966 -1.54948 -1.5707 -1.59336 -1.61749 -1.64312 -1.6703 -1.69905 -1.72943 -1.76148 -1.79524 -1.83077 -1.86812 -1.90736 -1.94854 -1.99174 -2.03704 -2.08451 -2.13424 -2.18634 -2.24088 -2.29799 -2.35775 -2.42028 -2.48568 -2.55403 -2.6254 -2.69984 -2.77732 -2.85777 -2.94102 -3.02677 -3.11457 -3.20381 -3.29367 -3.38316 -3.47114 -3.5564 -3.63773 -3.71404 -3.7844 -3.84819 -3.90505 -3.95489 -3.99787 -4.03433 -4.06472 -4.08956 -4.10941 -4.12483 -4.13634 -4.14447 -4.14966 -4.15235 -4.15291 -4.15168 -4.14897 -4.14504 -4.14014 -4.13446 -4.12821 -4.12154 -4.1146 -4.10751 -4.10039 -4.09333 -4.08643 -4.07977 -4.0734 -4.0674 -4.06181 -4.05669 -4.05207 -4.048 -4.0445 -4.04159 -4.03932 -4.03768 -4.0367 -4.03637 -4.03671 -4.03769 -4.03927 -4.04137 -4.04372 -4.04565 nan nan 
nan nan -1.41689 -1.4227 -1.42992 -1.43825 -1.44779 -1.45857 -1.4706 -1.4839 -1.49849 -1.51437 -1.53157 -1.55011 -1.57003 -1.59135 -1.61409 -1.6383 -1.664 -1.69123 -1.72002 -1.75042 -1.78247 -1.81622 -1.8517 -1.88897 -1.92809 -1.96911 -2.01209 -2.05711 -2.10422 -2.1535 -2.20504 -2.25889 -2.31514 -2.37387 -2.43515 -2.49902 -2.56555 -2.63473 -2.70657 -2.78097 -2.85783 -2.9369 -3.01789 -3.10033 -3.18366 -3.26715 -3.34998 -3.43122 -3.50989 -3.58503 -3.65579 -3.72143 -3.78144 -3.83549 -3.88348 -3.92548 -3.96171 -3.99251 -4.01827 -4.03944 -4.05647 -4.06982 -4.07991 -4.08716 -4.09195 -4.09461 -4.09547 -4.09481 -4.09288 -4.08992 -4.08612 -4.08168 -4.07675 -4.07147 -4.06598 -4.06039 -4.05479 -4.04929 -4.04396 -4.03887 -4.03409 -4.02967 -4.02567 -4.02212 -4.01907 -4.01654 -4.01459 -4.01321 -4.01245 -4.01231 -4.0128 -4.01392 -4.01568 -4.01808 -4.02112 -4.02484 -4.02889 nan nan 
nan nan -1.42788 -1.43996 -1.44842 -1.45714 -1.4669 -1.47785 -1.49004 -1.50347 -1.51816 -1.53414 -1.55141 -1.57002 -1.58999 -1.61135 -1.63412 -1.65834 -1.68404 -1.71125 -1.74001 -1.77035 -1.80232 -1.83595 -1.87129 -1.90837 -1.94726 -1.988 -2.03063 -2.07523 -2.12184 -2.17052 -2.22132 -2.27432 -2.32955 -2.38707 -2.44692 -2.50912 -2.57367 -2.64056 -2.70972 -2.78105 -2.85438 -2.92946 -3.00598 -3.0835 -3.16151 -3.23938 -3.31641 -3.39182 -3.46482 -3.53466 -3.60063 -3.66216 -3.71881 -3.77029 -3.81648 -3.85742 -3.89324 -3.92419 -3.95058 -3.97275 -3.99108 -4.00594 -4.01772 -4.02675 -4.03339 -4.03794 -4.04069 -4.04191 -4.04184 -4.04069 -4.03866 -4.03592 -4.03264 -4.02896 -4.025 -4.02089 -4.01671 -4.01257 -4.00854 -4.0047 -4.00112 -3.99785 -3.99494 -3.99245 -3.99041 -3.98887 -3.98785 -3.98738 -3.98749 -3.9882 -3.98951 -3.99145 -3.994 -3.99719 -4.00116 -4.00664 -4.01722 nan nan 
nan nan nan -1.46176 -1.46765 -1.47595 -1.48577 -1.49686 -1.50917 -1.52269 -1.53746 -1.55348 -1.57079 -1.58942 -1.60939 -1.63073 -1.65347 -1.67765 -1.70328 -1.73041 -1.75906 -1.78927 -1.82107 -1.8545 -1.8896 -1.9264 -1.96496 -2.0053 -2.04748 -2.09153 -2.13751 -2.18545 -2.2354 -2.2874 -2.34148 -2.39766 -2.45596 -2.51637 -2.57887 -2.6434 -2.70988 -2.77818 -2.8481 -2.91941 -2.99177 -3.0648 -3.13802 -3.21089 -3.28281 -3.35314 -3.42124 -3.48647 -3.54828 -3.60619 -3.65983 -3.70895 -3.75344 -3.79328 -3.82857 -3.85949 -3.88627 -3.90918 -3.92855 -3.94467 -3.95787 -3.96846 -3.97673 -3.98296 -3.98743 -3.99037 -3.992 -3.99253 -3.99215 -3.99103 -3.98932 -3.98715 -3.98467 -3.98197 -3.97916 -3.97633 -3.97358 -3.97096 -3.96854 -3.9664 -3.96457 -3.96312 -3.96208 -3.9615 -3.96141 -3.96185 -3.96283 -3.96439 -3.96654 -3.96929 -3.97264 -3.9765 -3.98067 -3.9843 nan nan nan 
nan nan nan -1.47867 -1.48543 -1.49423 -1.50433 -1.51559 -1.52801 -1.5416 -1.55639 -1.57243 -1.58972 -1.60832 -1.62824 -1.64951 -1.67217 -1.69624 -1.72175 -1.74873 -1.77721 -1.80721 -1.83877 -1.87193 -1.90671 -1.94314 -1.98127 -2.02112 -2.06274 -2.10615 -2.15139 -2.19849 -2.24748 -2.29837 -2.35119 -2.40593 -2.46259 -2.52115 -2.58155 -2.64373 -2.70756 -2.77291 -2.83958 -2.90733 -2.97584 -3.04475 -3.11365 -3.18206 -3.24947 -3.31534 -3.37914 -3.44035 -3.4985 -3.5532 -3.60414 -3.6511 -3.69397 -3.73271 -3.7674 -3.79815 -3.82514 -3.8486 -3.86878 -3.88594 -3.90035 -3.91228 -3.92198 -3.92972 -3.93573 -3.94023 -3.94343 -3.94553 -3.94669 -3.94708 -3.94685 -3.94613 -3.94504 -3.9437 -3.94221 -3.94066 -3.93913 -3.93769 -3.93642 -3.93538 -3.93461 -3.93418 -3.93413 -3.9345 -3.93532 -3.93665 -3.9385 -3.94091 -3.9439 -3.9475 -3.9517 -3.95649 -3.9617 -3.96658 nan nan nan 
nan nan nan -1.48988 -1.50217 -1.51219 -1.52268 -1.53411 -1.54661 -1.56022 -1.575 -1.591 -1.60823 -1.62675 -1.64657 -1.66773 -1.69025 -1.71416 -1.73949 -1.76626 -1.7945 -1.82424 -1.85549 -1.8883 -1.92268 -1.95867 -1.9963 -2.03558 -2.07655 -2.11923 -2.16364 -2.20981 -2.25774 -2.30745 -2.35893 -2.41217 -2.46714 -2.52381 -2.58211 -2.64195 -2.7032 -2.76571 -2.82929 -2.8937 -2.95865 -3.0238 -3.08879 -3.15321 -3.2166 -3.27852 -3.33852 -3.39617 -3.45109 -3.50293 -3.55143 -3.59641 -3.63776 -3.67543 -3.70946 -3.73994 -3.76702 -3.79086 -3.81168 -3.82969 -3.84512 -3.8582 -3.86917 -3.87824 -3.88564 -3.89156 -3.8962 -3.89974 -3.90233 -3.90414 -3.9053 -3.90595 -3.9062 -3.90616 -3.90593 -3.90561 -3.90526 -3.90498 -3.90482 -3.90484 -3.90511 -3.90568 -3.90659 -3.90789 -3.90962 -3.91181 -3.91452 -3.91777 -3.9216 -3.92604 -3.93115 -3.93702 -3.94406 -3.95477 nan nan nan 
nan nan nan nan -1.52215 -1.53066 -1.54106 -1.55253 -1.56502 -1.5786 -1.59332 -1.60922 -1.62635 -1.64473 -1.66441 -1.68541 -1.70774 -1.73145 -1.75654 -1.78305 -1.811 -1.8404 -1.87129 -1.90369 -1.93761 -1.97309 -2.01013 -2.04877 -2.08902 -2.13089 -2.17441 -2.21957 -2.26639 -2.31484 -2.36494 -2.41663 -2.4699 -2.52467 -2.58088 -2.63843 -2.69718 -2.75698 -2.81764 -2.87893 -2.94058 -3.00229 -3.06373 -3.12454 -3.18435 -3.24275 -3.29938 -3.35387 -3.40589 -3.45516 -3.50146 -3.54462 -3.58454 -3.62117 -3.65453 -3.68468 -3.71173 -3.73583 -3.75713 -3.77583 -3.79212 -3.8062 -3.81827 -3.82854 -3.83718 -3.8444 -3.85035 -3.85521 -3.85914 -3.86227 -3.86475 -3.86668 -3.8682 -3.8694 -3.87038 -3.87123 -3.87203 -3.87286 -3.87377 -3.87484 -3.87612 -3.87766 -3.87951 -3.88171 -3.88432 -3.88737 -3.89091 -3.89497 -3.89962 -3.90488 -3.91081 -3.91736 -3.92372 nan nan nan nan 
nan nan nan nan -1.53464 -1.5482 -1.55933 -1.57087 -1.5833 -1.59677 -1.61136 -1.62712 -1.64409 -1.6623 -1.68179 -1.70257 -1.72468 -1.74813 -1.77295 -1.79914 -1.82675 -1.85577 -1.88624 -1.91816 -1.95157 -1.98647 -2.02288 -2.06081 -2.10028 -2.14129 -2.18385 -2.22795 -2.2736 -2.32077 -2.36944 -2.41957 -2.47112 -2.52401 -2.57817 -2.63349 -2.68983 -2.74705 -2.80495 -2.86333 -2.92193 -2.98049 -3.0387 -3.09626 -3.15283 -3.20808 -3.26169 -3.31334 -3.36277 -3.40974 -3.45403 -3.49552 -3.53409 -3.56972 -3.60239 -3.63217 -3.65912 -3.68336 -3.70504 -3.7243 -3.74131 -3.75625 -3.76929 -3.7806 -3.79037 -3.79875 -3.80591 -3.812 -3.81716 -3.82152 -3.82523 -3.82838 -3.8311 -3.83348 -3.83562 -3.83759 -3.83949 -3.84139 -3.84334 -3.84542 -3.84767 -3.85016 -3.85292 -3.85601 -3.85948 -3.86335 -3.86769 -3.87254 -3.87795 -3.88401 -3.89083 -3.89887 -3.91075 nan nan nan nan 
nan nan nan nan nan -1.56911 -1.57816 -1.58926 -1.60148 -1.61477 -1.62917 -1.64472 -1.66149 -1.67948 -1.69873 -1.71927 -1.7411 -1.76426 -1.78875 -1.81459 -1.8418 -1.8704 -1.90039 -1.9318 -1.96464 -1.99891 -2.03463 -2.07181 -2.11045 -2.15055 -2.1921 -2.23511 -2.27955 -2.32541 -2.37264 -2.4212 -2.47104 -2.52209 -2.57424 -2.62741 -2.68145 -2.73621 -2.79152 -2.84718 -2.90296 -2.95861 -3.01388 -3.06848 -3.12213 -3.17454 -3.22543 -3.27454 -3.32163 -3.3665 -3.40896 -3.4489 -3.48623 -3.52089 -3.55289 -3.58225 -3.60904 -3.63336 -3.6553 -3.67502 -3.69263 -3.70831 -3.72219 -3.73444 -3.74521 -3.75465 -3.7629 -3.77011 -3.77641 -3.78193 -3.78679 -3.79109 -3.79494 -3.79844 -3.80168 -3.80473 -3.80769 -3.81061 -3.81357 -3.81662 -3.81982 -3.82322 -3.82688 -3.83082 -3.83511 -3.83978 -3.84488 -3.85047 -3.8566 -3.86332 -3.87057 -3.87748 nan nan nan nan nan 
nan nan nan nan nan -1.58197 -1.5959 -1.60748 -1.61954 -1.63259 -1.64673 -1.66204 -1.67855 -1.69629 -1.71527 -1.73552 -1.75704 -1.77986 -1.80399 -1.82943 -1.85622 -1.88434 -1.91382 -1.94467 -1.97689 -2.0105 -2.04549 -2.08187 -2.11964 -2.15879 -2.19932 -2.2412 -2.28442 -2.32894 -2.37473 -2.42173 -2.46989 -2.51912 -2.56934 -2.62043 -2.67227 -2.72471 -2.77758 -2.83071 -2.88387 -2.93685 -2.98942 -3.04133 -3.09233 -3.14216 -3.1906 -3.2374 -3.28237 -3.32532 -3.36611 -3.40462 -3.44077 -3.47452 -3.50585 -3.53478 -3.56137 -3.58569 -3.60783 -3.6279 -3.64602 -3.66233 -3.67695 -3.69002 -3.70169 -3.71209 -3.72134 -3.72959 -3.73695 -3.74353 -3.74946 -3.75484 -3.75976 -3.76432 -3.76861 -3.77269 -3.77666 -3.78057 -3.7845 -3.78849 -3.79261 -3.7969 -3.80141 -3.80618 -3.81126 -3.8167 -3.82252 -3.8288 -3.8356 -3.84305 -3.85163 -3.86402 nan nan nan nan nan 
nan nan nan nan nan nan -1.61694 -1.62616 -1.63758 -1.65025 -1.66408 -1.67909 -1.69531 -1.71275 -1.73143 -1.75135 -1.77253 -1.79499 -1.81872 -1.84373 -1.87005 -1.89767 -1.9266 -1.95685 -1.98843 -2.02133 -2.05555 -2.0911 -2.12797 -2.16615 -2.20562 -2.24636 -2.28834 -2.33154 -2.37589 -2.42135 -2.46786 -2.51533 -2.56367 -2.61277 -2.66251 -2.71275 -2.76334 -2.81409 -2.86483 -2.91535 -2.96544 -3.01489 -3.06347 -3.11096 -3.15716 -3.20187 -3.2449 -3.28611 -3.32536 -3.36254 -3.3976 -3.43047 -3.46114 -3.48964 -3.516 -3.54027 -3.56254 -3.58289 -3.60143 -3.61827 -3.63354 -3.64734 -3.65982 -3.67107 -3.68124 -3.69044 -3.69877 -3.70635 -3.71328 -3.71967 -3.7256 -3.73117 -3.73644 -3.74152 -3.74645 -3.75131 -3.75617 -3.76107 -3.76607 -3.77122 -3.77656 -3.78213 -3.78798 -3.79414 -3.80065 -3.80756 -3.8149 -3.82261 -3.82981 nan nan nan nan nan nan 
nan nan nan nan nan nan -1.62975 -1.64363 -1.65534 -1.6677 -1.68118 -1.69586 -1.71176 -1.72888 -1.74723 -1.7668 -1.78762 -1.80968 -1.83298 -1.85754 -1.88336 -1.91044 -1.93879 -1.96841 -1.99931 -2.03148 -2.06491 -2.09961 -2.13555 -2.17274 -2.21114 -2.25073 -2.29148 -2.33334 -2.37628 -2.42023 -2.46513 -2.51088 -2.55742 -2.60461 -2.65236 -2.70053 -2.74896 -2.7975 -2.84599 -2.89423 -2.94204 -2.98922 -3.03559 -3.08094 -3.1251 -3.16789 -3.20916 -3.24877 -3.28659 -3.32255 -3.35657 -3.38861 -3.41866 -3.44671 -3.47281 -3.497 -3.51934 -3.5399 -3.55879 -3.5761 -3.59192 -3.60637 -3.61957 -3.63161 -3.6426 -3.65267 -3.6619 -3.6704 -3.67827 -3.68561 -3.69249 -3.699 -3.70522 -3.71123 -3.71709 -3.72286 -3.72861 -3.73439 -3.74024 -3.74622 -3.75237 -3.75871 -3.7653 -3.77216 -3.77932 -3.78682 -3.79477 -3.80366 -3.8162 nan nan nan nan nan nan 
nan nan nan nan nan nan nan -1.6642 -1.67339 -1.68498 -1.69802 -1.71235 -1.72792 -1.7447 -1.7627 -1.78191 -1.80233 -1.82397 -1.84683 -1.8709 -1.8962 -1.92272 -1.95046 -1.97943 -2.00962 -2.04103 -2.07366 -2.10748 -2.14249 -2.17867 -2.21599 -2.25443 -2.29395 -2.33451 -2.37605 -2.41852 -2.46185 -2.50595 -2.55075 -2.59613 -2.64198 -2.68818 -2.73459 -2.78107 -2.82745 -2.87358 -2.91929 -2.96439 -3.00872 -3.05212 -3.09441 -3.13544 -3.17509 -3.21322 -3.24973 -3.28454 -3.31759 -3.34884 -3.37827 -3.40589 -3.43172 -3.45579 -3.47815 -3.49888 -3.51806 -3.53575 -3.55207 -3.56709 -3.58093 -3.59367 -3.60543 -3.61629 -3.62635 -3.63571 -3.64445 -3.65267 -3.66044 -3.66785 -3.67497 -3.68187 -3.68861 -3.69526 -3.70187 -3.70849 -3.71517 -3.72195 -3.72887 -3.73597 -3.74327 -3.75081 -3.75859 -3.76659 -3.77467 -3.78198 nan nan nan nan nan nan nan 
nan nan nan nan nan nan nan -1.67658 -1.69005 -1.70177 -1.71454 -1.72856 -1.7438 -1.76024 -1.77787 -1.7967 -1.81671 -1.83792 -1.8603 -1.88388 -1.90863 -1.93457 -1.96168 -1.98998 -2.01944 -2.05008 -2.08187 -2.11481 -2.14887 -2.18404 -2.22029 -2.25759 -2.29589 -2.33515 -2.37533 -2.41636 -2.45816 -2.50068 -2.5438 -2.58745 -2.6315 -2.67585 -2.72036 -2.7649 -2.80933 -2.8535 -2.89725 -2.94043 -2.98289 -3.02448 -3.06505 -3.10447 -3.14262 -3.17939 -3.21468 -3.24842 -3.28056 -3.31107 -3.33991 -3.36709 -3.39263 -3.41656 -3.43892 -3.45977 -3.47917 -3.4972 -3.51394 -3.52947 -3.54388 -3.55726 -3.5697 -3.58129 -3.59212 -3.60227 -3.61183 -3.62088 -3.62949 -3.63774 -3.64571 -3.65345 -3.66104 -3.66852 -3.67595 -3.68339 -3.69087 -3.69843 -3.70611 -3.71394 -3.72195 -3.73017 -3.7386 -3.74724 -3.75632 -3.76861 nan nan nan nan nan nan nan 
nan nan nan nan nan nan nan nan -1.70939 -1.71848 -1.73076 -1.74451 -1.75943 -1.77551 -1.79277 -1.8112 -1.8308 -1.85155 -1.87346 -1.89651 -1.92071 -1.94604 -1.97251 -2.00011 -2.02884 -2.05869 -2.08965 -2.12169 -2.15481 -2.18897 -2.22414 -2.2603 -2.29741 -2.3354 -2.37425 -2.41387 -2.45421 -2.49518 -2.53671 -2.5787 -2.62105 -2.66364 -2.70637 -2.7491 -2.7917 -2.83404 -2.87599 -2.91739 -2.95812 -2.99804 -3.03703 -3.07495 -3.11172 -3.14722 -3.18138 -3.21412 -3.24541 -3.2752 -3.30347 -3.33023 -3.35548 -3.37924 -3.40157 -3.42249 -3.44208 -3.46039 -3.4775 -3.49348 -3.50841 -3.52236 -3.53543 -3.54769 -3.55922 -3.57011 -3.58042 -3.59024 -3.59964 -3.60869 -3.61746 -3.626 -3.63439 -3.64268 -3.65091 -3.65913 -3.66738 -3.67571 -3.68412 -3.69266 -3.70136 -3.71026 -3.71936 -3.7284 -3.73572 nan nan nan nan nan nan nan nan 
nan nan nan nan nan nan nan nan -1.72066 -1.73302 -1.74649 -1.76025 -1.77485 -1.79055 -1.80742 -1.82546 -1.84463 -1.86493 -1.88635 -1.90886 -1.93248 -1.9572 -1.98301 -2.00991 -2.03789 -2.06695 -2.09706 -2.1282 -2.16037 -2.19353 -2.22764 -2.26268 -2.29861 -2.33537 -2.37291 -2.41117 -2.45009 -2.48959 -2.52959 -2.57 -2.61073 -2.65167 -2.69271 -2.73374 -2.77463 -2.81527 -2.85553 -2.89529 -2.93441 -2.97279 -3.01031 -3.04685 -3.08233 -3.11666 -3.14976 -3.18157 -3.21205 -3.24116 -3.26889 -3.29523 -3.32018 -3.34378 -3.36604 -3.38701 -3.40675 -3.4253 -3.44272 -3.4591 -3.47448 -3.48896 -3.5026 -3.51547 -3.52765 -3.53921 -3.55023 -3.56077 -3.57091 -3.58071 -3.59023 -3.59954 -3.60869 -3.61774 -3.62674 -3.63573 -3.64474 -3.6538 -3.66294 -3.67217 -3.68152 -3.6911 -3.70117 -3.71227 -3.72345 nan nan nan nan nan nan nan nan 
nan nan nan nan nan nan nan nan nan -1.74743 -1.76291 -1.7761 -1.79012 -1.80537 -1.82186 -1.8395 -1.85825 -1.8781 -1.89901 -1.92099 -1.94402 -1.96811 -1.99325 -2.01944 -2.04666 -2.07491 -2.10417 -2.13443 -2.16565 -2.19781 -2.23088 -2.26482 -2.29959 -2.33514 -2.37142 -2.40836 -2.44591 -2.484 -2.52254 -2.56145 -2.60063 -2.64001 -2.67946 -2.71889 -2.75819 -2.79724 -2.83593 -2.87415 -2.91178 -2.94873 -2.98488 -3.02014 -3.05443 -3.08766 -3.11977 -3.15071 -3.18043 -3.2089 -3.2361 -3.26202 -3.28668 -3.31009 -3.33228 -3.35327 -3.37312 -3.39186 -3.40957 -3.42629 -3.44209 -3.45703 -3.47119 -3.48462 -3.4974 -3.50959 -3.52126 -3.53248 -3.54331 -3.55381 -3.56405 -3.57408 -3.58396 -3.59374 -3.60347 -3.6132 -3.62295 -3.63275 -3.6426 -3.6525 -3.66242 -3.6724 -3.68292 -3.69707 nan nan nan nan nan nan nan nan nan 
nan nan nan nan nan nan nan nan nan nan -1.78252 -1.79211 -1.80511 -1.81993 -1.83607 -1.85336 -1.87171 -1.8911 -1.91151 -1.93293 -1.95537 -1.97882 -2.00328 -2.02875 -2.05521 -2.08266 -2.11107 -2.14043 -2.17072 -2.2019 -2.23394 -2.2668 -2.30044 -2.33481 -2.36986 -2.40554 -2.44177 -2.4785 -2.51564 -2.55311 -2.59084 -2.62873 -2.66669 -2.70462 -2.74241 -2.77998 -2.8172 -2.85399 -2.89024 -2.92585 -2.96073 -2.9948 -3.02797 -3.06018 -3.09137 -3.12148 -3.15048 -3.17833 -3.20503 -3.23056 -3.25493 -3.27814 -3.30023 -3.32122 -3.34115 -3.36006 -3.37801 -3.39503 -3.4112 -3.42657 -3.44119 -3.45514 -3.46847 -3.48124 -3.49352 -3.50536 -3.51684 -3.528 -3.53891 -3.54962 -3.56019 -3.57067 -3.58111 -3.59156 -3.60204 -3.61258 -3.62317 -3.63377 -3.64423 -3.65412 -3.66197 nan nan nan nan nan nan nan nan nan nan 
nan nan nan nan nan nan nan nan nan nan -1.79357 -1.80571 -1.81928 -1.83413 -1.85009 -1.86709 -1.88506 -1.904 -1.9239 -1.94476 -1.96659 -1.98939 -2.01316 -2.0379 -2.0636 -2.09024 -2.11781 -2.14629 -2.17565 -2.20586 -2.23689 -2.2687 -2.30124 -2.33447 -2.36833 -2.40278 -2.43775 -2.47317 -2.50897 -2.54508 -2.58142 -2.61791 -2.65446 -2.69097 -2.72736 -2.76352 -2.79938 -2.83483 -2.86978 -2.90415 -2.93785 -2.9708 -3.00293 -3.03418 -3.0645 -3.09384 -3.12215 -3.14943 -3.17564 -3.20078 -3.22485 -3.24787 -3.26985 -3.29082 -3.31081 -3.32985 -3.348 -3.3653 -3.38179 -3.39754 -3.4126 -3.42701 -3.44085 -3.45416 -3.467 -3.47943 -3.4915 -3.50328 -3.51482 -3.52617 -3.53739 -3.54853 -3.55966 -3.5708 -3.58201 -3.5933 -3.60468 -3.61614 -3.62759 -3.63888 -3.64988 nan nan nan nan nan nan nan nan nan nan 
nan nan nan nan nan nan nan nan nan nan nan -1.81889 -1.83314 -1.84817 -1.86405 -1.88078 -1.89839 -1.91687 -1.93625 -1.95653 -1.97774 -1.99987 -2.02294 -2.04695 -2.07188 -2.09772 -2.12446 -2.15207 -2.18052 -2.20978 -2.23982 -2.27059 -2.30206 -2.33418 -2.3669 -2.40016 -2.43391 -2.46808 -2.5026 -2.53742 -2.57244 -2.6076 -2.64281 -2.67799 -2.71305 -2.74791 -2.78248 -2.81667 -2.85041 -2.88362 -2.91621 -2.94811 -2.97927 -3.00963 -3.03913 -3.06773 -3.09541 -3.12212 -3.14787 -3.17263 -3.19642 -3.21923 -3.24109 -3.26202 -3.28205 -3.3012 -3.31953 -3.33706 -3.35385 -3.36994 -3.38538 -3.40023 -3.41453 -3.42834 -3.4417 -3.45467 -3.46731 -3.47966 -3.49178 -3.50373 -3.51556 -3.52733 -3.5391 -3.55091 -3.56283 -3.57488 -3.58709 -3.59949 -3.61209 -3.62495 nan nan nan nan nan nan nan nan nan nan nan 
nan nan nan nan nan nan nan nan nan nan nan nan -1.84721 -1.86234 -1.8781 -1.89456 -1.91178 -1.92979 -1.94862 -1.9683 -1.98886 -2.01032 -2.03268 -2.05594 -2.08011 -2.10516 -2.13107 -2.15782 -2.18537 -2.2137 -2.24277 -2.27255 -2.30298 -2.33402 -2.36563 -2.39775 -2.43032 -2.4633 -2.4966 -2.53018 -2.56395 -2.59784 -2.63179 -2.66571 -2.69952 -2.73315 -2.76651 -2.79953 -2.83214 -2.86425 -2.8958 -2.92673 -2.95698 -2.98649 -3.01522 -3.04313 -3.07019 -3.09638 -3.12167 -3.14607 -3.16957 -3.19218 -3.21392 -3.23479 -3.25484 -3.27408 -3.29255 -3.31029 -3.32734 -3.34374 -3.35954 -3.37478 -3.38951 -3.40378 -3.41762 -3.4311 -3.44426 -3.45714 -3.46981 -3.48231 -3.4947 -3.50705 -3.51941 -3.53186 -3.54446 -3.55724 -3.57028 -3.58362 -3.59732 nan nan nan nan nan nan nan nan nan nan nan nan 
nan nan nan nan nan nan nan nan nan nan nan nan nan -1.87684 -1.8924 -1.90854 -1.92533 -1.94282 -1.96107 -1.98012 -2.00001 -2.02076 -2.0424 -2.06493 -2.08833 -2.11259 -2.13769 -2.16359 -2.19027 -2.2177 -2.24583 -2.27462 -2.30404 -2.33405 -2.36458 -2.3956 -2.42705 -2.45888 -2.49102 -2.52341 -2.55599 -2.58869 -2.62144 -2.65417 -2.6868 -2.71927 -2.75149 -2.78341 -2.81495 -2.84604 -2.87662 -2.90663 -2.93602 -2.96473 -2.99274 -3.01999 -3.04647 -3.07215 -3.09702 -3.12106 -3.14428 -3.16668 -3.18828 -3.20909 -3.22914 -3.24844 -3.26704 -3.28496 -3.30224 -3.31893 -3.33505 -3.35066 -3.36578 -3.38047 -3.39477 -3.40871 -3.42235 -3.43573 -3.44889 -3.4619 -3.4748 -3.48767 -3.50058 -3.51362 -3.52684 -3.54032 -3.55414 -3.56835 nan nan nan nan nan nan nan nan nan nan nan nan nan 
nan nan nan nan nan nan nan nan nan nan nan nan nan nan -1.90709 -1.92282 -1.93912 -1.95604 -1.97366 -1.99203 -2.01121 -2.03124 -2.05215 -2.07394 -2.09659 -2.12007 -2.14437 -2.16945 -2.19527 -2.22181 -2.24903 -2.27688 -2.30532 -2.33432 -2.36382 -2.39378 -2.42415 -2.45487 -2.48589 -2.51716 -2.5486 -2.58017 -2.61178 -2.64338 -2.67491 -2.70628 -2.73744 -2.76831 -2.79885 -2.82898 -2.85864 -2.88779 -2.91637 -2.94434 -2.97165 -2.99829 -3.02421 -3.04941 -3.07386 -3.09755 -3.1205 -3.1427 -3.16415 -3.18489 -3.20492 -3.22427 -3.24297 -3.26105 -3.27854 -3.29548 -3.3119 -3.32784 -3.34333 -3.35841 -3.37313 -3.38751 -3.4016 -3.41543 -3.42905 -3.44251 -3.45586 -3.46919 -3.48258 -3.49612 -3.50991 -3.52403 -3.53856 nan nan nan nan nan nan nan nan nan nan nan nan nan nan 
nan nan nan nan nan nan nan nan nan nan nan nan nan nan nan -1.9375 -1.95324 -1.96953 -1.98645 -2.00408 -2.0225 -2.04178 -2.06195 -2.08301 -2.10491 -2.12764 -2.15115 -2.17543 -2.20042 -2.2261 -2.25243 -2.27936 -2.30686 -2.33488 -2.36339 -2.39233 -2.42165 -2.45132 -2.48128 -2.51146 -2.54183 -2.57231 -2.60285 -2.63339 -2.66385 -2.69419 -2.72434 -2.75424 -2.78383 -2.81306 -2.84186 -2.87019 -2.89801 -2.92527 -2.95194 -2.97798 -3.00338 -3.02811 -3.05216 -3.07552 -3.0982 -3.12018 -3.14149 -3.16214 -3.18214 -3.20153 -3.22031 -3.23853 -3.2562 -3.27337 -3.29006 -3.30631 -3.32215 -3.3376 -3.3527 -3.36749 -3.382 -3.39625 -3.41029 -3.42415 -3.43788 -3.45158 -3.46536 -3.47933 -3.49362 -3.5083 nan nan nan nan nan nan nan nan nan nan nan nan nan nan nan 
nan nan nan nan nan nan nan nan nan nan nan nan nan nan nan nan -1.96776 -1.98334 -1.99948 -2.0163 -2.03389 -2.05237 -2.07181 -2.09214 -2.11333 -2.13532 -2.15807 -2.18157 -2.20576 -2.23061 -2.25608 -2.28213 -2.30871 -2.33579 -2.36333 -2.39129 -2.41962 -2.44827 -2.4772 -2.50636 -2.53569 -2.56515 -2.59467 -2.62419 -2.65366 -2.68303 -2.71222 -2.7412 -2.7699 -2.79827 -2.82626 -2.85383 -2.88092 -2.90752 -2.93357 -2.95905 -2.98395 -3.00823 -3.03189 -3.05493 -3.07734 -3.09911 -3.12027 -3.14083 -3.16079 -3.18018 -3.19903 -3.21737 -3.23521 -3.25259 -3.26953 -3.28607 -3.30222 -3.31802 -3.3335 -3.34867 -3.36357 -3.37822 -3.39265 -3.40687 -3.42089 -3.43484 -3.44889 -3.4632 -3.47788 nan nan nan nan nan nan nan nan nan nan nan nan nan nan nan nan 
nan nan nan nan nan nan nan nan nan nan nan nan nan nan nan nan nan -1.99755 -2.01282 -2.02869 -2.04534 -2.06297 -2.0817 -2.10137 -2.12187 -2.14314 -2.16517 -2.18792 -2.21133 -2.23539 -2.26003 -2.28522 -2.31092 -2.33709 -2.3637 -2.39071 -2.41807 -2.44575 -2.4737 -2.50187 -2.53022 -2.5587 -2.58724 -2.61581 -2.64434 -2.67278 -2.70108 -2.72918 -2.75704 -2.78461 -2.81183 -2.83867 -2.86509 -2.89105 -2.91652 -2.94147 -2.96588 -2.98974 -3.01303 -3.03575 -3.05789 -3.07946 -3.10046 -3.12091 -3.14082 -3.16021 -3.17911 -3.19754 -3.21553 -3.2331 -3.25028 -3.26708 -3.28354 -3.29968 -3.3155 -3.33104 -3.34631 -3.36135 -3.37617 -3.39073 -3.40492 -3.41897 -3.43314 -3.44764 nan nan nan nan nan nan nan nan nan nan nan nan nan nan nan nan nan 
nan nan nan nan nan nan nan nan nan nan nan nan nan nan nan nan nan nan -2.02653 -2.04129 -2.05679 -2.07343 -2.09162 -2.11073 -2.13056 -2.15115 -2.17248 -2.1945 -2.21718 -2.24047 -2.26431 -2.28868 -2.31353 -2.33882 -2.36453 -2.39062 -2.41705 -2.44379 -2.4708 -2.49803 -2.52544 -2.55298 -2.5806 -2.60826 -2.63589 -2.66346 -2.6909 -2.71818 -2.74525 -2.77206 -2.79856 -2.82472 -2.8505 -2.87586 -2.90077 -2.92521 -2.94916 -2.97261 -2.99554 -3.01795 -3.03983 -3.06119 -3.08203 -3.10236 -3.12221 -3.14159 -3.16052 -3.17903 -3.19714 -3.21489 -3.23228 -3.24935 -3.2661 -3.28256 -3.29872 -3.3146 -3.33023 -3.34564 -3.36091 -3.37591 -3.39007 -3.40394 -3.41801 nan nan nan nan nan nan nan nan nan nan nan nan nan nan nan nan nan nan 
nan nan nan nan nan nan nan nan nan nan nan nan nan nan nan nan nan nan nan -2.05415 -2.06808 -2.08332 -2.1016 -2.1203 -2.13946 -2.15937 -2.18001 -2.20136 -2.22334 -2.2459 -2.26899 -2.29256 -2.31658 -2.34102 -2.36585 -2.39105 -2.41658 -2.44242 -2.46852 -2.49485 -2.52136 -2.54801 -2.57476 -2.60154 -2.62833 -2.65506 -2.6817 -2.70821 -2.73453 -2.76062 -2.78644 -2.81195 -2.83712 -2.86191 -2.8863 -2.91026 -2.93377 -2.95682 -2.9794 -3.0015 -3.02312 -3.04427 -3.06495 -3.08516 -3.10493 -3.12428 -3.14322 -3.16179 -3.18002 -3.19792 -3.21552 -3.23284 -3.24989 -3.26666 -3.28315 -3.29936 -3.31531 -3.33104 -3.3469 -3.36291 -3.37651 -3.38969 nan nan nan nan nan nan nan nan nan nan nan nan nan nan nan nan nan nan nan 
nan nan nan nan nan nan nan nan nan nan nan nan nan nan nan nan nan nan nan nan -2.07908 -2.09117 -2.11212 -2.13037 -2.14857 -2.1678 -2.18779 -2.20852 -2.22985 -2.25173 -2.27409 -2.29689 -2.32011 -2.34372 -2.3677 -2.39203 -2.41669 -2.44165 -2.46688 -2.49235 -2.518 -2.5438 -2.56971 -2.59567 -2.62165 -2.6476 -2.67347 -2.69924 -2.72485 -2.75027 -2.77545 -2.80036 -2.82495 -2.84921 -2.87309 -2.89658 -2.91967 -2.94234 -2.96458 -2.98639 -3.00776 -3.02869 -3.0492 -3.06928 -3.08896 -3.10825 -3.12719 -3.1458 -3.16411 -3.18216 -3.19996 -3.21753 -3.23487 -3.25197 -3.26882 -3.28533 -3.30156 -3.31729 -3.3337 -3.35332 -3.36437 nan nan nan nan nan nan nan nan nan nan nan nan nan nan nan nan nan nan nan nan 
nan nan nan nan nan nan nan nan nan nan nan nan nan nan nan nan nan nan nan nan nan nan -2.12627 -2.14148 -2.1576 -2.17644 -2.19579 -2.21603 -2.23676 -2.25801 -2.27967 -2.30174 -2.32418 -2.34697 -2.37011 -2.39359 -2.4174 -2.44151 -2.4659 -2.49053 -2.51537 -2.54036 -2.56547 -2.59065 -2.61586 -2.64106 -2.66621 -2.69128 -2.71623 -2.74101 -2.76559 -2.78993 -2.81398 -2.83772 -2.86113 -2.88418 -2.90686 -2.92915 -2.95106 -2.97258 -2.99371 -3.01443 -3.03476 -3.0547 -3.07427 -3.09349 -3.11239 -3.13102 -3.1494 -3.16757 -3.18556 -3.20338 -3.22104 -3.23849 -3.25577 -3.27256 -3.28928 -3.30382 -3.31823 nan nan nan nan nan nan nan nan nan nan nan nan nan nan nan nan nan nan nan nan nan nan 
nan nan nan nan nan nan nan nan nan nan nan nan nan nan nan nan nan nan nan nan nan nan nan -2.15265 -2.16492 -2.18553 -2.20388 -2.22398 -2.2441 -2.2648 -2.2858 -2.30716 -2.32882 -2.3508 -2.3731 -2.39574 -2.41872 -2.442 -2.46558 -2.48941 -2.51347 -2.5377 -2.56205 -2.58648 -2.61095 -2.63544 -2.6599 -2.68432 -2.70864 -2.73283 -2.75684 -2.78064 -2.80419 -2.82745 -2.8504 -2.87302 -2.8953 -2.91724 -2.93882 -2.96007 -2.98095 -3.00147 -3.02162 -3.0414 -3.06084 -3.07996 -3.0988 -3.1174 -3.13582 -3.1541 -3.17228 -3.19034 -3.20838 -3.22613 -3.24419 -3.26084 -3.28018 -3.29146 nan nan nan nan nan nan nan nan nan nan nan nan nan nan nan nan nan nan nan nan nan nan nan 
nan nan nan nan nan nan nan nan nan nan nan nan nan nan nan nan nan nan nan nan nan nan nan nan nan -2.19782 -2.21118 -2.23286 -2.25182 -2.27226 -2.29252 -2.31321 -2.33408 -2.35525 -2.3767 -2.3985 -2.42065 -2.44313 -2.46591 -2.48898 -2.51231 -2.53582 -2.55945 -2.58317 -2.60693 -2.63073 -2.65454 -2.67833 -2.70207 -2.7257 -2.7492 -2.7725 -2.79558 -2.81839 -2.84091 -2.86311 -2.885 -2.90657 -2.92784 -2.94882 -2.96948 -2.9898 -3.00976 -3.02936 -3.04865 -3.06765 -3.08639 -3.10491 -3.12332 -3.14166 -3.16005 -3.17828 -3.19696 -3.21442 -3.23499 -3.24738 nan nan nan nan nan nan nan nan nan nan nan nan nan nan nan nan nan nan nan nan nan nan nan nan nan 
nan nan nan nan nan nan nan nan nan nan nan nan nan nan nan nan nan nan nan nan nan nan nan nan nan nan nan -2.2454 -2.25902 -2.28084 -2.29978 -2.32003 -2.34002 -2.36036 -2.38091 -2.40184 -2.42321 -2.44489 -2.46689 -2.48923 -2.51188 -2.53474 -2.5577 -2.58071 -2.60379 -2.62692 -2.65011 -2.67331 -2.6965 -2.71963 -2.74264 -2.7655 -2.78814 -2.81053 -2.83263 -2.85443 -2.87592 -2.89713 -2.91808 -2.9388 -2.95928 -2.97942 -2.99919 -3.01858 -3.0377 -3.05657 -3.07512 -3.09348 -3.11186 -3.13013 -3.14895 -3.1667 -3.18773 -3.20054 nan nan nan nan nan nan nan nan nan nan nan nan nan nan nan nan nan nan nan nan nan nan nan nan nan nan nan 
nan nan nan nan nan nan nan nan nan nan nan nan nan nan nan nan nan nan nan nan nan nan nan nan nan nan nan nan nan -2.29322 -2.30669 -2.32807 -2.34656 -2.36623 -2.38569 -2.40571 -2.4264 -2.44728 -2.46847 -2.49012 -2.51218 -2.53449 -2.55682 -2.57913 -2.60151 -2.62399 -2.64657 -2.66923 -2.69192 -2.71459 -2.73717 -2.75962 -2.78187 -2.80388 -2.82559 -2.84698 -2.86806 -2.88887 -2.90948 -2.92997 -2.95035 -2.97038 -2.98993 -3.00905 -3.02794 -3.04675 -3.06503 -3.08299 -3.10145 -3.119 -3.1399 -3.15276 nan nan nan nan nan nan nan nan nan nan nan nan nan nan nan nan nan nan nan nan nan nan nan nan nan nan nan nan nan 
nan nan nan nan nan nan nan nan nan nan nan nan nan nan nan nan nan nan nan nan nan nan nan nan nan nan nan nan nan nan nan -2.33996 -2.35292 -2.37326 -2.3909 -2.40988 -2.43037 -2.45032 -2.47057 -2.49153 -2.51318 -2.53518 -2.55688 -2.57844 -2.60007 -2.62189 -2.6439 -2.66606 -2.6883 -2.71055 -2.73277 -2.75487 -2.77679 -2.79846 -2.8198 -2.8408 -2.86143 -2.88176 -2.90194 -2.92222 -2.94272 -2.96277 -2.98207 -3.00071 -3.01922 -3.03844 -3.05623 -3.07297 -3.09295 -3.10543 nan nan nan nan nan nan nan nan nan nan nan nan nan nan nan nan nan nan nan nan nan nan nan nan nan nan nan nan nan nan nan 
nan nan nan nan nan nan nan nan nan nan nan nan nan nan nan nan nan nan nan nan nan nan nan nan nan nan nan nan nan nan nan nan nan -2.38398 -2.39578 -2.41351 -2.43585 -2.45405 -2.47292 -2.49321 -2.51479 -2.53712 -2.55805 -2.57863 -2.59941 -2.62055 -2.64203 -2.66374 -2.6856 -2.70751 -2.72941 -2.75125 -2.77292 -2.79431 -2.81533 -2.83593 -2.85606 -2.87577 -2.89527 -2.91519 -2.93651 -2.95688 -2.97585 -2.9935 -3.01075 -3.03256 -3.04947 -3.06068 nan nan nan nan nan nan nan nan nan nan nan nan nan nan nan nan nan nan nan nan nan nan nan nan nan nan nan nan nan nan nan nan nan 
nan nan nan nan nan nan nan nan nan nan nan nan nan nan nan nan nan nan nan nan nan nan nan nan nan nan nan nan nan nan nan nan nan nan nan nan -2.44642 -2.45809 -2.47486 -2.49457 -2.51661 -2.5414 -2.56055 -2.57958 -2.59936 -2.61985 -2.64087 -2.66223 -2.68379 -2.70542 -2.72705 -2.74876 -2.77028 -2.79147 -2.81224 -2.83249 -2.8521 -2.87097 -2.88916 -2.9077 -2.93221 -2.95335 -2.97196 -2.98769 -2.99868 nan nan nan nan nan nan nan nan nan nan nan nan nan nan nan nan nan nan nan nan nan nan nan nan nan nan nan nan nan nan nan nan nan nan nan nan 
nan nan nan nan nan nan nan nan nan nan nan nan nan nan nan nan nan nan nan nan nan nan nan nan nan nan nan nan nan nan nan nan nan nan nan nan nan nan nan nan nan -2.55223 -2.56416 -2.58076 -2.59957 -2.61959 -2.64032 -2.66149 -2.68287 -2.7043 -2.72556 -2.74743 -2.76893 -2.79003 -2.81066 -2.83067 -2.84987 -2.86783 -2.88369 -2.89515 nan nan nan nan nan nan nan nan nan nan nan nan nan nan nan nan nan nan nan nan nan nan nan nan nan nan nan nan nan nan nan nan nan nan nan nan nan nan nan nan nan 
nan nan nan nan nan nan nan nan nan nan nan nan nan nan nan nan nan nan nan nan nan nan nan nan nan nan nan nan nan nan nan nan nan nan nan nan nan nan nan nan nan nan nan nan nan nan nan nan nan nan -2.72441 nan nan nan nan nan nan nan nan nan nan nan nan nan nan nan nan nan nan nan nan nan nan nan nan nan nan nan nan nan nan nan nan nan nan nan nan nan nan nan nan nan nan nan nan nan nan nan nan nan nan 
