nan nan nan nan nan nan nan nan nan nan nan nan nan nan nan nan nan nan nan nan nan nan nan nan nan nan nan nan nan nan nan nan nan nan nan nan nan nan nan nan nan nan nan nan nan nan nan nan nan nan -74.4939 nan nan nan nan nan nan nan nan nan nan nan nan nan nan nan nan nan nan nan nan nan nan nan nan nan nan nan nan nan nan nan nan nan nan nan nan nan nan nan nan nan nan nan nan nan nan nan nan nan nan 
nan nan nan nan nan nan nan nan nan nan nan nan nan nan nan nan nan nan nan nan nan nan nan nan nan nan nan nan nan nan nan nan nan nan nan nan nan nan nan nan nan -74.4941 -74.5045 -74.5122 -74.5185 -74.5235 -74.527 -74.5285 -74.5276 -74.5235 -74.5146 -74.5169 -74.5147 -74.5098 -74.503 -74.4951 -74.4871 -74.4802 -74.4763 -74.4794 nan nan nan nan nan nan nan nan nan nan nan nan nan nan nan nan nan nan nan nan nan nan nan nan nan nan nan nan nan nan nan nan nan nan nan nan nan nan nan nan nan 
nan nan nan nan nan nan nan nan nan nan nan nan nan nan nan nan nan nan nan nan nan nan nan nan nan nan nan nan nan nan nan nan nan nan nan nan -74.4953 -74.5074 -74.5169 -74.5239 -74.5265 -74.5204 -74.5248 -74.5315 -74.5381 -74.5437 -74.5479 -74.5502 -74.5504 -74.5484 -74.5445 -74.5424 -74.5388 -74.5333 -74.5261 -74.5177 -74.5089 -74.5004 -74.4931 -74.4872 -74.4789 -74.4683 -74.4582 -74.4514 -74.4527 nan nan nan nan nan nan nan nan nan nan nan nan nan nan nan nan nan nan nan nan nan nan nan nan nan nan nan nan nan nan nan nan nan nan nan nan 
nan nan nan nan nan nan nan nan nan nan nan nan nan nan nan nan nan nan nan nan nan nan nan nan nan nan nan nan nan nan nan nan nan -74.5027 -74.5134 -74.5194 -74.5175 -74.5254 -74.5353 -74.5445 -74.5516 -74.5563 -74.5632 -74.5712 -74.5789 -74.5857 -74.5909 -74.5943 -74.5957 -74.595 -74.5927 -74.5896 -74.5849 -74.5785 -74.5704 -74.561 -74.5506 -74.5398 -74.5289 -74.5178 -74.5057 -74.4927 -74.4801 -74.4692 -74.4611 -74.4526 -74.4464 -74.4479 nan nan nan nan nan nan nan nan nan nan nan nan nan nan nan nan nan nan nan nan nan nan nan nan nan nan nan nan nan nan nan nan nan 
nan nan nan nan nan nan nan nan nan nan nan nan nan nan nan nan nan nan nan nan nan nan nan nan nan nan nan nan nan nan nan -74.518 -74.526 -74.5246 -74.5324 -74.5417 -74.5503 -74.5619 -74.5747 -74.5874 -74.5991 -74.6097 -74.6203 -74.6307 -74.6403 -74.6486 -74.6553 -74.6599 -74.6623 -74.6627 -74.661 -74.6575 -74.6521 -74.6447 -74.6354 -74.6245 -74.6121 -74.5987 -74.5844 -74.5694 -74.5534 -74.5368 -74.5203 -74.5046 -74.4902 -74.4769 -74.4657 -74.4581 -74.4527 -74.4538 nan nan nan nan nan nan nan nan nan nan nan nan nan nan nan nan nan nan nan nan nan nan nan nan nan nan nan nan nan nan nan 
nan nan nan nan nan nan nan nan nan nan nan nan nan nan nan nan nan nan nan nan nan nan nan nan nan nan nan nan nan -74.5347 -74.5431 -74.5414 -74.5488 -74.5577 -74.5703 -74.5848 -74.6001 -74.6167 -74.6339 -74.6508 -74.667 -74.6821 -74.6964 -74.7097 -74.7216 -74.7318 -74.74 -74.7459 -74.7494 -74.7505 -74.7492 -74.7455 -74.7394 -74.7311 -74.7205 -74.7078 -74.6933 -74.6771 -74.6596 -74.6408 -74.6209 -74.6002 -74.5792 -74.5584 -74.5383 -74.5192 -74.5018 -74.4867 -74.474 -74.4647 -74.4571 -74.4564 nan nan nan nan nan nan nan nan nan nan nan nan nan nan nan nan nan nan nan nan nan nan nan nan nan nan nan nan nan 
nan nan nan nan nan nan nan nan nan nan nan nan nan nan nan nan nan nan nan nan nan nan nan nan nan nan nan -74.5465 -74.5563 -74.5567 -74.5657 -74.576 -74.5902 -74.6069 -74.6259 -74.6465 -74.6679 -74.6899 -74.7119 -74.7335 -74.754 -74.7734 -74.7913 -74.8076 -74.822 -74.8343 -74.8441 -74.8514 -74.8559 -74.8576 -74.8565 -74.8527 -74.846 -74.8366 -74.8246 -74.8101 -74.7933 -74.7744 -74.7536 -74.7311 -74.7072 -74.6822 -74.6564 -74.6304 -74.6045 -74.5793 -74.5552 -74.5328 -74.5124 -74.4944 -74.4789 -74.4667 -74.4559 -74.453 nan nan nan nan nan nan nan nan nan nan nan nan nan nan nan nan nan nan nan nan nan nan nan nan nan nan nan 
nan nan nan nan nan nan nan nan nan nan nan nan nan nan nan nan nan nan nan nan nan nan nan nan nan -74.5515 -74.5628 -74.5659 -74.5774 -74.5903 -74.6071 -74.6265 -74.6486 -74.6729 -74.6988 -74.7257 -74.7532 -74.7808 -74.8079 -74.8342 -74.8591 -74.8825 -74.904 -74.9234 -74.9404 -74.9548 -74.9664 -74.975 -74.9805 -74.9829 -74.982 -74.9779 -74.9706 -74.9602 -74.9467 -74.9304 -74.9113 -74.8896 -74.8656 -74.8394 -74.8115 -74.782 -74.7513 -74.72 -74.6883 -74.6568 -74.6259 -74.5961 -74.5679 -74.5416 -74.5176 -74.4962 -74.4774 -74.4623 -74.4485 -74.4439 nan nan nan nan nan nan nan nan nan nan nan nan nan nan nan nan nan nan nan nan nan nan nan nan nan 
nan nan nan nan nan nan nan nan nan nan nan nan nan nan nan nan nan nan nan nan nan nan nan -74.5508 -74.5629 -74.5682 -74.5818 -74.5974 -74.6171 -74.6397 -74.6653 -74.6934 -74.7236 -74.7554 -74.7883 -74.8218 -74.8553 -74.8885 -74.9208 -74.9518 -74.9812 -75.0085 -75.0335 -75.0559 -75.0755 -75.0921 -75.1055 -75.1155 -75.122 -75.1249 -75.1242 -75.1199 -75.112 -75.1005 -75.0856 -75.0673 -75.0459 -75.0215 -74.9942 -74.9645 -74.9325 -74.8985 -74.863 -74.8263 -74.7888 -74.751 -74.7133 -74.6762 -74.6402 -74.6057 -74.5731 -74.5429 -74.5153 -74.4908 -74.4695 -74.4529 -74.4383 -74.4342 nan nan nan nan nan nan nan nan nan nan nan nan nan nan nan nan nan nan nan nan nan nan nan 
nan nan nan nan nan nan nan nan nan nan nan nan nan nan nan nan nan nan nan nan nan nan -74.5586 -74.5654 -74.5799 -74.5971 -74.619 -74.6445 -74.6734 -74.7053 -74.7397 -74.7762 -74.8144 -74.8537 -74.8936 -74.9336 -74.9733 -75.012 -75.0495 -75.0852 -75.1189 -75.1501 -75.1785 -75.204 -75.2262 -75.2449 -75.2601 -75.2714 -75.2788 -75.2823 -75.2818 -75.2772 -75.2686 -75.2561 -75.2397 -75.2196 -75.1959 -75.1687 -75.1384 -75.1051 -75.0691 -75.0307 -74.9903 -74.9483 -74.905 -74.8609 -74.8165 -74.7722 -74.7286 -74.686 -74.645 -74.606 -74.5695 -74.536 -74.506 -74.4801 -74.4588 -74.4448 -74.439 nan nan nan nan nan nan nan nan nan nan nan nan nan nan nan nan nan nan nan nan nan nan 
nan nan nan nan nan nan nan nan nan nan nan nan nan nan nan nan nan nan nan nan -74.5608 -74.5728 -74.5778 -74.5926 -74.6145 -74.6412 -74.6724 -74.7073 -74.7454 -74.7863 -74.8294 -74.8742 -74.9202 -74.9669 -75.0137 -75.0602 -75.1058 -75.1501 -75.1927 -75.2331 -75.2709 -75.3059 -75.3378 -75.3662 -75.3909 -75.4118 -75.4286 -75.4413 -75.4497 -75.4537 -75.4533 -75.4485 -75.4393 -75.4257 -75.4079 -75.3859 -75.3599 -75.3301 -75.2967 -75.2599 -75.22 -75.1772 -75.132 -75.0848 -75.0358 -74.9856 -74.9346 -74.8833 -74.8321 -74.7817 -74.7324 -74.6848 -74.6394 -74.5969 -74.5577 -74.5227 -74.4923 -74.4677 -74.4487 -74.4322 -74.427 nan nan nan nan nan nan nan nan nan nan nan nan nan nan nan nan nan nan nan nan 
nan nan nan nan nan nan nan nan nan nan nan nan nan nan nan nan nan nan nan -74.5665 -74.5735 -74.5888 -74.6075 -74.6327 -74.6639 -74.7001 -74.7407 -74.7849 -74.8322 -74.8819 -74.9335 -74.9864 -75.0401 -75.094 -75.1476 -75.2004 -75.2519 -75.3016 -75.3491 -75.394 -75.436 -75.4747 -75.5098 -75.5411 -75.5683 -75.5913 -75.6098 -75.6238 -75.6331 -75.6376 -75.6373 -75.6323 -75.6224 -75.6078 -75.5886 -75.5648 -75.5366 -75.5042 -75.4677 -75.4275 -75.3837 -75.3368 -75.2869 -75.2345 -75.18 -75.1238 -75.0664 -75.0082 -74.9498 -74.8916 -74.8342 -74.7781 -74.724 -74.6725 -74.6241 -74.5797 -74.5398 -74.5052 -74.4762 -74.4531 -74.4386 -74.4335 nan nan nan nan nan nan nan nan nan nan nan nan nan nan nan nan nan nan nan 
nan nan nan nan nan nan nan nan nan nan nan nan nan nan nan nan nan nan -74.5778 -74.5833 -74.5984 -74.6215 -74.6508 -74.6861 -74.7271 -74.7729 -74.823 -74.8764 -74.9327 -74.991 -75.0509 -75.1117 -75.1729 -75.2338 -75.294 -75.3529 -75.4101 -75.4651 -75.5174 -75.5668 -75.6128 -75.6551 -75.6934 -75.7275 -75.7571 -75.7821 -75.8023 -75.8175 -75.8277 -75.8327 -75.8326 -75.8272 -75.8167 -75.8011 -75.7805 -75.7549 -75.7246 -75.6896 -75.6502 -75.6066 -75.5592 -75.508 -75.4536 -75.3963 -75.3364 -75.2744 -75.2107 -75.1458 -75.0803 -75.0146 -74.9493 -74.885 -74.8223 -74.7618 -74.7043 -74.6504 -74.6009 -74.5564 -74.5178 -74.4856 -74.4613 -74.4459 -74.44 nan nan nan nan nan nan nan nan nan nan nan nan nan nan nan nan nan nan 
nan nan nan nan nan nan nan nan nan nan nan nan nan nan nan nan nan -74.5902 -74.5955 -74.6108 -74.6354 -74.6679 -74.7072 -74.7526 -74.8034 -74.8588 -74.9182 -74.9808 -75.0458 -75.1126 -75.1805 -75.249 -75.3174 -75.3851 -75.4517 -75.5165 -75.5792 -75.6393 -75.6964 -75.75 -75.7999 -75.8457 -75.8872 -75.924 -75.956 -75.983 -76.0047 -76.0212 -76.0322 -76.0377 -76.0377 -76.0321 -76.021 -76.0044 -75.9824 -75.955 -75.9226 -75.8851 -75.8428 -75.796 -75.7449 -75.6897 -75.6309 -75.5688 -75.5036 -75.436 -75.3663 -75.2949 -75.2225 -75.1495 -75.0765 -75.0042 -74.9331 -74.8638 -74.7973 -74.734 -74.6749 -74.6206 -74.572 -74.53 -74.4954 -74.4694 -74.4524 -74.4451 nan nan nan nan nan nan nan nan nan nan nan nan nan nan nan nan nan 
nan nan nan nan nan nan nan nan nan nan nan nan nan nan nan nan -74.6012 -74.6071 -74.6233 -74.6492 -74.6839 -74.7264 -74.7758 -74.8312 -74.8918 -74.9568 -75.0254 -75.0968 -75.1704 -75.2454 -75.3211 -75.397 -75.4724 -75.5467 -75.6194 -75.69 -75.7581 -75.8231 -75.8847 -75.9425 -75.9962 -76.0455 -76.0899 -76.1294 -76.1637 -76.1926 -76.216 -76.2336 -76.2455 -76.2515 -76.2515 -76.2457 -76.234 -76.2164 -76.193 -76.164 -76.1294 -76.0895 -76.0444 -75.9944 -75.9397 -75.8807 -75.8175 -75.7507 -75.6805 -75.6074 -75.5318 -75.4542 -75.3752 -75.2951 -75.2147 -75.1345 -75.0552 -74.9774 -74.9019 -74.8295 -74.7608 -74.6967 -74.6381 -74.5859 -74.5408 -74.5039 -74.4757 -74.4569 -74.4479 nan nan nan nan nan nan nan nan nan nan nan nan nan nan nan nan 
nan nan nan nan nan nan nan nan nan nan nan nan nan nan nan -74.6098 -74.6168 -74.6341 -74.6615 -74.6981 -74.7434 -74.7962 -74.8557 -74.921 -74.9913 -75.0656 -75.1433 -75.2234 -75.3053 -75.3882 -75.4715 -75.5545 -75.6366 -75.7173 -75.796 -75.8722 -75.9454 -76.0153 -76.0813 -76.1432 -76.2006 -76.2532 -76.3006 -76.3427 -76.3793 -76.4101 -76.435 -76.4538 -76.4664 -76.4729 -76.4731 -76.467 -76.4546 -76.436 -76.4113 -76.3806 -76.344 -76.3017 -76.2538 -76.2007 -76.1425 -76.0796 -76.0123 -75.9409 -75.8658 -75.7874 -75.7062 -75.6225 -75.537 -75.4502 -75.3626 -75.2748 -75.1875 -75.1014 -75.0173 -74.9357 -74.8577 -74.7839 -74.7153 -74.6528 -74.5971 -74.5492 -74.5098 -74.4795 -74.4588 -74.4479 nan nan nan nan nan nan nan nan nan nan nan nan nan nan nan 
nan nan nan nan nan nan nan nan nan nan nan nan nan nan -74.6155 -74.6236 -74.6422 -74.6711 -74.7097 -74.7573 -74.8132 -74.8764 -74.946 -75.0211 -75.1009 -75.1844 -75.2708 -75.3594 -75.4493 -75.5399 -75.6305 -75.7204 -75.8091 -75.8959 -75.9803 -76.0619 -76.1402 -76.2147 -76.2851 -76.351 -76.412 -76.4678 -76.5182 -76.5629 -76.6017 -76.6343 -76.6607 -76.6807 -76.6942 -76.7011 -76.7013 -76.695 -76.682 -76.6624 -76.6364 -76.604 -76.5653 -76.5206 -76.4701 -76.4139 -76.3523 -76.2856 -76.2142 -76.1383 -76.0584 -75.9749 -75.8881 -75.7987 -75.7069 -75.6135 -75.5189 -75.4239 -75.3289 -75.2347 -75.1421 -75.0517 -74.9645 -74.8812 -74.8027 -74.7299 -74.6637 -74.6049 -74.5543 -74.5126 -74.4803 -74.4577 -74.445 nan nan nan nan nan nan nan nan nan nan nan nan nan nan 
nan nan nan nan nan nan nan nan nan nan nan nan nan -74.6182 -74.6274 -74.6472 -74.6775 -74.7178 -74.7676 -74.8262 -74.8926 -74.9661 -75.0457 -75.1304 -75.2194 -75.3119 -75.4068 -75.5036 -75.6013 -75.6993 -75.7969 -75.8935 -75.9885 -76.0812 -76.1713 -76.2582 -76.3413 -76.4204 -76.4951 -76.5648 -76.6294 -76.6885 -76.7418 -76.789 -76.83 -76.8645 -76.8924 -76.9136 -76.9278 -76.9352 -76.9355 -76.9289 -76.9153 -76.8947 -76.8674 -76.8333 -76.7926 -76.7455 -76.6922 -76.633 -76.568 -76.4976 -76.4222 -76.3419 -76.2573 -76.1688 -76.0767 -75.9815 -75.8838 -75.784 -75.6827 -75.5805 -75.4781 -75.3761 -75.2753 -75.1764 -75.0802 -74.9876 -74.8995 -74.8166 -74.74 -74.6705 -74.6088 -74.5558 -74.5121 -74.478 -74.4539 -74.4399 nan nan nan nan nan nan nan nan nan nan nan nan nan 
nan nan nan nan nan nan nan nan nan nan nan nan -74.6183 -74.6282 -74.6489 -74.6803 -74.7221 -74.7738 -74.8346 -74.904 -74.9809 -75.0645 -75.1538 -75.2479 -75.346 -75.447 -75.5503 -75.6549 -75.7601 -75.8653 -75.9697 -76.0728 -76.1739 -76.2724 -76.3679 -76.4599 -76.5479 -76.6315 -76.7103 -76.784 -76.8521 -76.9144 -76.9705 -77.0203 -77.0635 -77.0999 -77.1293 -77.1516 -77.1667 -77.1745 -77.1749 -77.168 -77.1538 -77.1322 -77.1035 -77.0677 -77.025 -76.9755 -76.9195 -76.8572 -76.7889 -76.7148 -76.6353 -76.5508 -76.4616 -76.3681 -76.2708 -76.1701 -76.0664 -75.9605 -75.8527 -75.7436 -75.634 -75.5245 -75.4158 -75.3086 -75.2038 -75.1021 -75.0046 -74.9119 -74.8252 -74.7451 -74.6727 -74.6087 -74.5537 -74.5084 -74.4731 -74.4482 -74.4335 nan nan nan nan nan nan nan nan nan nan nan nan 
nan nan nan nan nan nan nan nan nan nan nan -74.6166 -74.6267 -74.6478 -74.6798 -74.7226 -74.7756 -74.8384 -74.9101 -74.99 -75.0771 -75.1705 -75.2693 -75.3726 -75.4793 -75.5888 -75.7 -75.8122 -75.9248 -76.0369 -76.1479 -76.2572 -76.3643 -76.4685 -76.5694 -76.6664 -76.7591 -76.8472 -76.9301 -77.0076 -77.0792 -77.1447 -77.2038 -77.2561 -77.3016 -77.3398 -77.3708 -77.3943 -77.4101 -77.4184 -77.4189 -77.4117 -77.3968 -77.3743 -77.3442 -77.3066 -77.2618 -77.21 -77.1512 -77.0858 -77.0141 -76.9364 -76.8529 -76.7641 -76.6703 -76.572 -76.4695 -76.3634 -76.254 -76.142 -76.0279 -75.9122 -75.7957 -75.6788 -75.5625 -75.4473 -75.3341 -75.2237 -75.117 -75.0149 -74.9183 -74.8281 -74.7451 -74.6703 -74.6045 -74.5482 -74.5021 -74.4666 -74.4419 -74.4278 nan nan nan nan nan nan nan nan nan nan nan 
nan nan nan nan nan nan nan nan nan nan -74.6144 -74.624 -74.6447 -74.6766 -74.7196 -74.7734 -74.8374 -74.911 -74.9932 -75.0834 -75.1804 -75.2834 -75.3914 -75.5034 -75.6186 -75.7361 -75.855 -75.9746 -76.0942 -76.213 -76.3305 -76.4459 -76.5588 -76.6686 -76.7747 -76.8767 -76.9742 -77.0667 -77.1537 -77.2351 -77.3102 -77.379 -77.441 -77.4959 -77.5436 -77.5838 -77.6163 -77.641 -77.6577 -77.6664 -77.667 -77.6595 -77.6439 -77.6203 -77.5888 -77.5495 -77.5026 -77.4483 -77.3867 -77.3183 -77.2431 -77.1617 -77.0742 -76.9811 -76.8828 -76.7796 -76.6721 -76.5605 -76.4456 -76.3277 -76.2074 -76.0853 -75.962 -75.8381 -75.7143 -75.5914 -75.4702 -75.3514 -75.2359 -75.1246 -75.0185 -74.9184 -74.8253 -74.74 -74.6636 -74.5967 -74.54 -74.4943 -74.46 -74.4377 -74.4274 nan nan nan nan nan nan nan nan nan nan 
nan nan nan nan nan nan nan nan nan nan -74.6215 -74.641 -74.6716 -74.7138 -74.7675 -74.832 -74.9066 -74.9907 -75.0832 -75.1832 -75.2898 -75.402 -75.5188 -75.6394 -75.7627 -75.8879 -76.0143 -76.1411 -76.2675 -76.3929 -76.5166 -76.638 -76.7566 -76.8718 -76.9832 -77.0902 -77.1923 -77.2893 -77.3805 -77.4657 -77.5445 -77.6165 -77.6815 -77.7391 -77.7891 -77.8313 -77.8654 -77.8913 -77.9089 -77.918 -77.9187 -77.9109 -77.8946 -77.8699 -77.837 -77.7959 -77.7468 -77.6899 -77.6255 -77.5539 -77.4753 -77.39 -77.2985 -77.2011 -77.0982 -76.9903 -76.8776 -76.7608 -76.6403 -76.5166 -76.3903 -76.2619 -76.132 -76.0013 -75.8704 -75.7401 -75.6111 -75.4842 -75.3602 -75.2401 -75.1248 -75.0152 -74.9123 -74.8169 -74.7302 -74.6529 -74.5859 -74.5301 -74.4864 -74.456 -74.4419 nan nan nan nan nan nan nan nan nan nan 
nan nan nan nan nan nan nan nan nan -74.634 -74.6413 -74.6669 -74.7065 -74.7587 -74.8227 -74.8976 -74.9825 -75.0767 -75.179 -75.2886 -75.4044 -75.5255 -75.6508 -75.7795 -75.9107 -76.0435 -76.1771 -76.3108 -76.4438 -76.5756 -76.7054 -76.8327 -76.957 -77.0776 -77.1942 -77.3061 -77.413 -77.5144 -77.6099 -77.6991 -77.7815 -77.8569 -77.925 -77.9853 -78.0377 -78.0819 -78.1177 -78.1449 -78.1633 -78.173 -78.1737 -78.1656 -78.1486 -78.1228 -78.0883 -78.0453 -77.9939 -77.9345 -77.8671 -77.7922 -77.71 -77.621 -77.5253 -77.4236 -77.3161 -77.2032 -77.0855 -76.9635 -76.8375 -76.7081 -76.5758 -76.4413 -76.305 -76.1676 -76.0298 -75.8923 -75.7558 -75.6211 -75.489 -75.3604 -75.2363 -75.1175 -75.0051 -74.9001 -74.8034 -74.716 -74.6389 -74.573 -74.5192 -74.4785 -74.4512 -74.4352 nan nan nan nan nan nan nan nan nan 
nan nan nan nan nan nan nan nan -74.6332 -74.6421 -74.6631 -74.6987 -74.7481 -74.8102 -74.8843 -74.9692 -75.0642 -75.168 -75.2799 -75.3987 -75.5233 -75.6529 -75.7865 -75.923 -76.0617 -76.2018 -76.3424 -76.4828 -76.6223 -76.7603 -76.8962 -77.0293 -77.1592 -77.2853 -77.407 -77.524 -77.6356 -77.7416 -77.8414 -77.9346 -78.0208 -78.0997 -78.171 -78.2342 -78.289 -78.3354 -78.3729 -78.4014 -78.4208 -78.4309 -78.4318 -78.4233 -78.4055 -78.3785 -78.3425 -78.2975 -78.2437 -78.1815 -78.1111 -78.0328 -77.947 -77.8539 -77.7541 -77.6479 -77.5357 -77.418 -77.2952 -77.1678 -77.0363 -76.9013 -76.7632 -76.6226 -76.48 -76.3362 -76.1917 -76.0472 -75.9035 -75.7612 -75.6213 -75.4846 -75.3521 -75.2245 -75.103 -74.9886 -74.8823 -74.785 -74.698 -74.6221 -74.5582 -74.5073 -74.4698 -74.4452 -74.4332 nan nan nan nan nan nan nan nan 
nan nan nan nan nan nan nan nan -74.6391 -74.6584 -74.6903 -74.7361 -74.7954 -74.8675 -74.9514 -75.0461 -75.1506 -75.2639 -75.3849 -75.5125 -75.6457 -75.7834 -75.9248 -76.069 -76.215 -76.362 -76.5094 -76.6564 -76.8022 -76.9464 -77.0882 -77.2272 -77.3626 -77.4941 -77.6211 -77.7432 -77.8597 -77.9703 -78.0745 -78.1719 -78.2621 -78.3446 -78.4191 -78.4853 -78.5428 -78.5914 -78.6307 -78.6607 -78.681 -78.6917 -78.6926 -78.6838 -78.6652 -78.637 -78.5992 -78.5521 -78.4959 -78.4308 -78.3572 -78.2754 -78.1857 -78.0885 -77.9843 -77.8735 -77.7565 -77.6338 -77.5059 -77.3732 -77.2363 -77.0956 -76.9516 -76.8051 -76.6564 -76.5062 -76.3552 -76.204 -76.0532 -75.9038 -75.7564 -75.6119 -75.4712 -75.3352 -75.205 -75.0815 -74.9659 -74.8592 -74.7625 -74.6767 -74.6031 -74.5423 -74.4954 -74.4631 -74.4479 nan nan nan nan nan nan nan nan 
nan nan nan nan nan nan nan -74.6496 -74.6566 -74.6824 -74.7234 -74.7788 -74.8478 -74.9296 -75.0231 -75.1273 -75.2411 -75.3634 -75.4931 -75.6292 -75.7705 -75.9161 -76.0651 -76.2165 -76.3696 -76.5235 -76.6774 -76.8308 -76.9829 -77.1332 -77.2809 -77.4256 -77.5667 -77.7037 -77.836 -77.9632 -78.0847 -78.2001 -78.3089 -78.4106 -78.5049 -78.5912 -78.6692 -78.7385 -78.7988 -78.8497 -78.891 -78.9224 -78.9438 -78.9551 -78.9561 -78.9469 -78.9274 -78.8978 -78.8583 -78.809 -78.7501 -78.682 -78.605 -78.5195 -78.4258 -78.3244 -78.2156 -78.1001 -77.9782 -77.8504 -77.7172 -77.5791 -77.4367 -77.2903 -77.1406 -76.9881 -76.8334 -76.677 -76.5196 -76.3618 -76.2043 -76.0479 -75.8932 -75.7412 -75.5928 -75.4487 -75.3102 -75.1781 -75.0535 -74.9376 -74.8315 -74.7363 -74.6529 -74.5825 -74.5261 -74.4843 -74.4577 -74.4438 nan nan nan nan nan nan nan 
nan nan nan nan nan nan nan -74.656 -74.6758 -74.7109 -74.7612 -74.8261 -74.9046 -74.9958 -75.0987 -75.212 -75.3348 -75.4657 -75.6038 -75.7479 -75.8971 -76.0502 -76.2065 -76.3649 -76.5248 -76.6853 -76.8457 -77.0054 -77.1637 -77.3199 -77.4736 -77.6241 -77.7709 -77.9134 -78.0511 -78.1836 -78.3102 -78.4306 -78.5441 -78.6504 -78.7489 -78.8393 -78.9209 -78.9936 -79.0568 -79.1102 -79.1536 -79.1866 -79.2091 -79.221 -79.2221 -79.2124 -79.1921 -79.161 -79.1196 -79.0679 -79.0062 -78.9349 -78.8543 -78.7648 -78.6669 -78.561 -78.4476 -78.3272 -78.2002 -78.0671 -77.9286 -77.785 -77.637 -77.4849 -77.3294 -77.171 -77.0103 -76.8478 -76.6842 -76.52 -76.3559 -76.1927 -76.0311 -75.872 -75.716 -75.5643 -75.4177 -75.2774 -75.1443 -75.0196 -74.9044 -74.7998 -74.7071 -74.6273 -74.5613 -74.5103 -74.4752 -74.458 nan nan nan nan nan nan nan 
nan nan nan nan nan nan -74.6651 -74.6727 -74.6998 -74.7437 -74.8032 -74.8773 -74.9651 -75.0655 -75.1773 -75.2995 -75.4307 -75.57 -75.7161 -75.868 -76.0246 -76.185 -76.3482 -76.5135 -76.68 -76.8469 -77.0137 -77.1795 -77.3439 -77.5061 -77.6657 -77.822 -77.9745 -78.1227 -78.266 -78.4039 -78.5359 -78.6614 -78.7799 -78.8909 -78.994 -79.0885 -79.1741 -79.2502 -79.3166 -79.3727 -79.4183 -79.4531 -79.4768 -79.4893 -79.4906 -79.4804 -79.459 -79.4265 -79.3829 -79.3287 -79.264 -79.1892 -79.1048 -79.0112 -78.9088 -78.7982 -78.6799 -78.5543 -78.422 -78.2836 -78.1395 -77.9904 -77.8366 -77.6788 -77.5175 -77.3533 -77.1866 -77.0181 -76.8483 -76.6778 -76.5074 -76.3377 -76.1694 -76.0033 -75.8402 -75.6811 -75.5269 -75.3786 -75.2373 -75.1041 -74.9802 -74.8668 -74.7649 -74.6758 -74.6005 -74.54 -74.495 -74.4659 -74.4495 nan nan nan nan nan nan 
nan nan nan nan nan nan -74.6697 -74.6902 -74.7269 -74.7799 -74.8485 -74.9317 -75.0285 -75.1377 -75.2582 -75.3888 -75.5283 -75.6754 -75.8292 -75.9885 -76.1523 -76.3196 -76.4896 -76.6615 -76.8344 -77.0077 -77.1806 -77.3526 -77.523 -77.6912 -77.8567 -78.0189 -78.1772 -78.3312 -78.4802 -78.6237 -78.7612 -78.892 -79.0158 -79.1318 -79.2396 -79.3387 -79.4284 -79.5084 -79.5781 -79.6372 -79.6852 -79.7218 -79.7469 -79.7601 -79.7614 -79.7508 -79.7283 -79.6941 -79.6483 -79.5912 -79.5233 -79.4449 -79.3564 -79.2583 -79.1512 -79.0356 -78.9121 -78.7811 -78.6433 -78.4993 -78.3496 -78.1947 -78.0351 -77.8715 -77.7044 -77.5342 -77.3616 -77.1871 -77.0113 -76.8348 -76.6581 -76.482 -76.3073 -76.1345 -75.9646 -75.7984 -75.6369 -75.4811 -75.3319 -75.1907 -75.0584 -74.9363 -74.8256 -74.7275 -74.643 -74.5733 -74.5191 -74.4815 -74.4623 nan nan nan nan nan nan 
nan nan nan nan nan -74.6746 -74.6833 -74.7115 -74.7571 -74.8191 -74.8966 -74.9886 -75.0941 -75.2119 -75.3407 -75.4794 -75.6266 -75.7814 -75.9425 -76.1088 -76.2795 -76.4535 -76.63 -76.8082 -76.9874 -77.1669 -77.3459 -77.5239 -77.7003 -77.8746 -78.046 -78.2142 -78.3785 -78.5383 -78.6932 -78.8425 -78.9857 -79.1222 -79.2515 -79.3728 -79.4857 -79.5895 -79.6838 -79.7678 -79.8412 -79.9034 -79.9541 -79.9928 -80.0192 -80.0332 -80.0347 -80.0235 -79.9998 -79.9638 -79.9155 -79.8555 -79.784 -79.7016 -79.6087 -79.5059 -79.3937 -79.2728 -79.1438 -79.0072 -78.8637 -78.7138 -78.5582 -78.3974 -78.232 -78.0625 -77.8894 -77.7133 -77.5348 -77.3544 -77.1726 -76.9901 -76.8074 -76.6252 -76.4441 -76.265 -76.0885 -75.9155 -75.7471 -75.584 -75.4274 -75.2784 -75.1381 -75.0078 -74.8886 -74.7818 -74.6884 -74.6096 -74.5462 -74.4989 -74.4676 -74.4486 nan nan nan nan nan 
nan nan nan nan nan -74.6769 -74.6978 -74.7354 -74.7899 -74.8607 -74.9469 -75.0475 -75.1614 -75.2873 -75.4241 -75.5704 -75.7251 -75.8871 -76.0551 -76.2283 -76.4055 -76.5859 -76.7688 -76.9532 -77.1385 -77.324 -77.509 -77.693 -77.8754 -78.0557 -78.2332 -78.4073 -78.5777 -78.7436 -78.9046 -79.0599 -79.2091 -79.3516 -79.4866 -79.6136 -79.7319 -79.8409 -79.9399 -80.0284 -80.1058 -80.1714 -80.225 -80.2659 -80.2939 -80.3088 -80.3104 -80.2987 -80.2737 -80.2356 -80.1847 -80.1213 -80.046 -79.9592 -79.8616 -79.7536 -79.6361 -79.5095 -79.3747 -79.2322 -79.0827 -78.9267 -78.765 -78.5982 -78.4267 -78.2511 -78.0721 -77.8901 -77.7057 -77.5193 -77.3317 -77.1432 -76.9546 -76.7664 -76.5793 -76.394 -76.2112 -76.0318 -75.8567 -75.6867 -75.523 -75.3667 -75.2188 -75.0806 -74.9533 -74.8381 -74.7362 -74.6487 -74.5764 -74.5202 -74.4809 -74.4601 nan nan nan nan nan 
nan nan nan nan -74.6775 -74.687 -74.7156 -74.7619 -74.825 -74.9043 -74.9989 -75.1077 -75.2296 -75.3634 -75.5077 -75.6613 -75.8231 -75.9919 -76.1666 -76.3462 -76.5298 -76.7164 -76.9053 -77.0957 -77.2869 -77.4784 -77.6694 -77.8593 -78.0477 -78.234 -78.4176 -78.5979 -78.7744 -78.9466 -79.1138 -79.2755 -79.431 -79.5797 -79.7208 -79.8538 -79.9779 -80.0925 -80.1967 -80.29 -80.3717 -80.4412 -80.4979 -80.5413 -80.5711 -80.5869 -80.5887 -80.5763 -80.5498 -80.5095 -80.4556 -80.3887 -80.3092 -80.2177 -80.1148 -80.0014 -79.878 -79.7454 -79.6044 -79.4556 -79.2998 -79.1375 -78.9695 -78.7964 -78.6187 -78.437 -78.2519 -78.0639 -77.8736 -77.6814 -77.4879 -77.2937 -77.0993 -76.9053 -76.7123 -76.521 -76.3322 -76.1466 -75.9651 -75.7886 -75.6182 -75.4549 -75.2998 -75.1541 -75.0191 -74.8959 -74.7858 -74.6899 -74.6091 -74.5442 -74.4958 -74.4634 -74.4429 nan nan nan nan 
nan nan nan nan -74.6778 -74.6984 -74.7359 -74.7905 -74.8619 -74.9494 -75.0521 -75.1687 -75.2983 -75.4394 -75.5909 -75.7515 -75.92 -76.0953 -76.2763 -76.4621 -76.6517 -76.8443 -77.039 -77.2352 -77.4323 -77.6295 -77.8264 -78.0223 -78.2166 -78.409 -78.5987 -78.7853 -78.9681 -79.1467 -79.3205 -79.4887 -79.6508 -79.806 -79.9537 -80.0931 -80.2235 -80.344 -80.454 -80.5525 -80.639 -80.7126 -80.7728 -80.819 -80.8507 -80.8676 -80.8696 -80.8564 -80.8284 -80.7856 -80.7284 -80.6575 -80.5733 -80.4767 -80.3682 -80.2487 -80.1191 -79.9801 -79.8325 -79.6771 -79.5146 -79.3457 -79.1712 -78.9916 -78.8075 -78.6196 -78.4284 -78.2344 -78.0381 -77.8401 -77.6408 -77.4409 -77.2408 -77.0411 -76.8425 -76.6455 -76.4508 -76.2593 -76.0718 -75.8891 -75.7123 -75.5424 -75.3804 -75.2277 -75.0853 -74.9546 -74.8368 -74.7329 -74.644 -74.571 -74.5145 -74.475 -74.454 nan nan nan nan 
nan nan nan -74.6764 -74.6854 -74.7131 -74.7585 -74.8211 -74.9004 -74.9956 -75.1059 -75.23 -75.3667 -75.5148 -75.6731 -75.8403 -76.0151 -76.1966 -76.3837 -76.5753 -76.7707 -76.969 -77.1694 -77.3713 -77.574 -77.777 -77.9796 -78.1813 -78.3816 -78.58 -78.776 -78.9689 -79.1583 -79.3435 -79.524 -79.699 -79.868 -80.0302 -80.1849 -80.3311 -80.4682 -80.5953 -80.7114 -80.8157 -80.9075 -80.9857 -81.0498 -81.0991 -81.133 -81.1511 -81.1533 -81.1393 -81.1094 -81.0639 -81.0031 -80.9277 -80.8384 -80.736 -80.6214 -80.4954 -80.359 -80.2131 -80.0585 -79.896 -79.7265 -79.5508 -79.3694 -79.1832 -78.9926 -78.7983 -78.6009 -78.4008 -78.1986 -77.9948 -77.7899 -77.5843 -77.3787 -77.1735 -76.9693 -76.7668 -76.5666 -76.3695 -76.1762 -75.9877 -75.8048 -75.6286 -75.4602 -75.3008 -75.1515 -75.0137 -74.8885 -74.7771 -74.6807 -74.6 -74.5358 -74.4884 -74.4574 -74.4382 nan nan nan 
nan nan nan -74.6761 -74.6948 -74.7302 -74.783 -74.8531 -74.9398 -75.0424 -75.1598 -75.2909 -75.4344 -75.5891 -75.7538 -75.9271 -76.108 -76.2953 -76.4881 -76.6854 -76.8862 -77.09 -77.2959 -77.5032 -77.7115 -77.92 -78.1284 -78.3359 -78.5422 -78.7467 -78.9489 -79.1483 -79.3443 -79.5363 -79.7237 -79.906 -80.0822 -80.2517 -80.4138 -80.5674 -80.7117 -80.8458 -80.9687 -81.0795 -81.177 -81.2605 -81.329 -81.3817 -81.4181 -81.4376 -81.44 -81.4251 -81.3932 -81.3445 -81.2796 -81.1993 -81.1043 -80.9956 -80.8742 -80.7411 -80.5974 -80.444 -80.2819 -80.112 -79.9351 -79.7522 -79.5638 -79.3706 -79.1734 -78.9727 -78.7689 -78.5628 -78.3547 -78.1451 -77.9345 -77.7235 -77.5124 -77.3019 -77.0924 -76.8846 -76.6791 -76.4765 -76.2778 -76.0837 -75.8951 -75.713 -75.5385 -75.3728 -75.2171 -75.0726 -74.9405 -74.8221 -74.7185 -74.6307 -74.5595 -74.5056 -74.4693 -74.4516 nan nan nan 
nan nan nan -74.684 -74.7079 -74.7497 -74.8092 -74.8862 -74.9798 -75.0892 -75.2133 -75.351 -75.5009 -75.6618 -75.8324 -76.0116 -76.1981 -76.391 -76.5891 -76.7917 -76.9978 -77.2068 -77.418 -77.6307 -77.8443 -78.0583 -78.2722 -78.4855 -78.6977 -78.9083 -79.1168 -79.3228 -79.5255 -79.7245 -79.9192 -80.1088 -80.2927 -80.47 -80.6398 -80.8014 -80.9536 -81.0954 -81.2257 -81.3435 -81.4475 -81.5368 -81.6103 -81.667 -81.7061 -81.7272 -81.7299 -81.714 -81.6797 -81.6275 -81.558 -81.4721 -81.3707 -81.255 -81.1261 -80.9853 -80.8336 -80.6722 -80.5021 -80.3243 -80.1398 -79.9493 -79.7536 -79.5534 -79.3493 -79.142 -78.932 -78.7197 -78.5057 -78.2904 -78.0743 -77.8578 -77.6415 -77.4257 -77.2111 -76.9982 -76.7876 -76.58 -76.3761 -76.1767 -75.9827 -75.7951 -75.6149 -75.4434 -75.2816 -75.1308 -74.9923 -74.8674 -74.7571 -74.6626 -74.5849 -74.5247 -74.483 -74.4618 nan nan nan 
nan nan -74.6871 -74.6945 -74.7231 -74.7707 -74.8365 -74.9198 -75.0199 -75.1357 -75.266 -75.4098 -75.5656 -75.7323 -75.9085 -76.0931 -76.285 -76.483 -76.6863 -76.8939 -77.105 -77.319 -77.5352 -77.753 -77.9719 -78.1912 -78.4106 -78.6296 -78.8476 -79.0644 -79.2792 -79.4917 -79.7014 -79.9075 -80.1096 -80.307 -80.4988 -80.6843 -80.8625 -81.0325 -81.1932 -81.3434 -81.4819 -81.6075 -81.7189 -81.8147 -81.8938 -81.955 -81.9974 -82.0203 -82.0233 -82.0062 -81.9693 -81.913 -81.8383 -81.746 -81.6375 -81.514 -81.3769 -81.2275 -81.0672 -80.8971 -80.7185 -80.5324 -80.3398 -80.1414 -79.9382 -79.7308 -79.5198 -79.3058 -79.0894 -78.871 -78.6511 -78.4302 -78.2086 -77.9869 -77.7654 -77.5447 -77.3251 -77.1073 -76.8919 -76.6794 -76.4706 -76.2662 -76.0672 -75.8744 -75.6889 -75.5119 -75.3444 -75.1878 -75.0434 -74.9123 -74.7959 -74.6952 -74.6113 -74.5449 -74.4965 -74.4653 -74.4458 nan nan 
nan nan -74.6869 -74.7042 -74.7392 -74.7927 -74.8643 -74.9536 -75.0596 -75.1813 -75.3174 -75.4668 -75.6282 -75.8002 -75.9817 -76.1713 -76.3681 -76.571 -76.7791 -76.9914 -77.2073 -77.4261 -77.6471 -77.8699 -78.0937 -78.3183 -78.543 -78.7675 -78.9914 -79.2142 -79.4354 -79.6545 -79.8711 -80.0846 -80.2943 -80.4996 -80.6998 -80.8939 -81.081 -81.26 -81.4299 -81.5893 -81.7369 -81.8712 -81.9907 -82.094 -82.1795 -82.246 -82.2922 -82.3172 -82.3206 -82.3022 -82.2621 -82.2012 -82.1204 -82.0209 -81.9043 -81.772 -81.6258 -81.4671 -81.2974 -81.1181 -80.9304 -80.7355 -80.5344 -80.3279 -80.1169 -79.9021 -79.6841 -79.4634 -79.2406 -79.0161 -78.7905 -78.564 -78.3371 -78.1102 -77.8838 -77.6582 -77.4339 -77.2115 -76.9914 -76.7743 -76.5609 -76.3519 -76.1481 -75.9505 -75.7601 -75.5779 -75.4052 -75.2432 -75.0932 -74.9565 -74.8343 -74.7279 -74.6383 -74.5663 -74.5127 -74.4775 -74.4606 nan nan 
nan nan -74.695 -74.7167 -74.7566 -74.8153 -74.8923 -74.987 -75.0984 -75.2255 -75.367 -75.5217 -75.6881 -75.8651 -76.0514 -76.2458 -76.4472 -76.6546 -76.8671 -77.0839 -77.3043 -77.5276 -77.7533 -77.9807 -78.2094 -78.4389 -78.6689 -78.8989 -79.1284 -79.3572 -79.5846 -79.8104 -80.034 -80.2549 -80.4725 -80.686 -80.8948 -81.0979 -81.2944 -81.4832 -81.663 -81.8324 -81.99 -82.1341 -82.2629 -82.3746 -82.4676 -82.5401 -82.5907 -82.6183 -82.6222 -82.6022 -82.5585 -82.4922 -82.4043 -82.2966 -82.1708 -82.0287 -81.8723 -81.7033 -81.5235 -81.3342 -81.1369 -80.9328 -80.7228 -80.508 -80.289 -80.0667 -79.8415 -79.6142 -79.385 -79.1545 -78.9231 -78.6912 -78.4591 -78.2273 -77.996 -77.7658 -77.537 -77.3102 -77.0858 -76.8643 -76.6466 -76.4332 -76.225 -76.0229 -75.8279 -75.6411 -75.4635 -75.2965 -75.1414 -74.9995 -74.872 -74.7603 -74.6654 -74.5885 -74.5303 -74.4919 -74.4741 nan nan 
nan nan -74.7066 -74.7309 -74.7748 -74.838 -74.9199 -75.0196 -75.136 -75.2681 -75.4145 -75.5739 -75.745 -75.9266 -76.1173 -76.316 -76.5217 -76.7333 -76.95 -77.171 -77.3956 -77.6232 -77.8532 -78.085 -78.3184 -78.5527 -78.7877 -79.023 -79.2581 -79.4927 -79.7264 -79.9588 -80.1894 -80.4177 -80.6432 -80.8651 -81.0828 -81.2954 -81.5018 -81.7009 -81.8915 -82.0719 -82.2405 -82.3954 -82.5347 -82.6563 -82.7579 -82.8376 -82.8935 -82.9241 -82.9286 -82.9067 -82.8588 -82.786 -82.69 -82.5727 -82.4363 -82.2832 -82.1155 -81.9353 -81.7444 -81.5445 -81.337 -81.1232 -80.9041 -80.6807 -80.4536 -80.2237 -79.9915 -79.7574 -79.522 -79.2856 -79.0486 -78.8114 -78.5743 -78.3377 -78.1018 -77.8672 -77.6341 -77.4031 -77.1746 -76.9491 -76.7273 -76.5099 -76.2976 -76.0914 -75.8921 -75.7009 -75.5189 -75.3474 -75.1876 -75.0408 -74.9085 -74.7919 -74.6921 -74.6105 -74.548 -74.5059 -74.4858 nan nan 
nan nan -74.7188 -74.7455 -74.793 -74.8604 -74.9467 -75.0509 -75.1719 -75.3085 -75.4594 -75.6232 -75.7986 -75.9842 -76.179 -76.3817 -76.5913 -76.8068 -77.0274 -77.2523 -77.4808 -77.7123 -77.9464 -78.1825 -78.4202 -78.6592 -78.899 -79.1393 -79.3797 -79.6201 -79.8598 -80.0987 -80.3363 -80.5721 -80.8055 -81.036 -81.2629 -81.4852 -81.702 -81.9121 -82.1142 -82.3065 -82.4873 -82.6545 -82.8058 -82.9386 -83.0504 -83.1386 -83.2009 -83.2352 -83.2405 -83.2163 -83.1633 -83.0828 -82.9771 -82.8487 -82.7003 -82.5347 -82.3545 -82.162 -81.9592 -81.7479 -81.5297 -81.3058 -81.0773 -80.8451 -80.6099 -80.3724 -80.1331 -79.8924 -79.6509 -79.4087 -79.1663 -78.924 -78.6821 -78.4409 -78.2007 -77.9619 -77.7248 -77.4898 -77.2575 -77.0282 -76.8027 -76.5815 -76.3655 -76.1554 -75.9523 -75.7571 -75.5711 -75.3954 -75.2313 -75.0802 -74.9434 -74.8222 -74.718 -74.6318 -74.5648 -74.5181 -74.4936 nan nan 
nan -74.7218 -74.7288 -74.7591 -74.8105 -74.8819 -74.9723 -75.0806 -75.2058 -75.3464 -75.5013 -75.6691 -75.8483 -76.0378 -76.2362 -76.4426 -76.6557 -76.8748 -77.0989 -77.3273 -77.5595 -77.7948 -78.0326 -78.2727 -78.5145 -78.7578 -79.0021 -79.2473 -79.4929 -79.7387 -79.9843 -80.2295 -80.4739 -80.7171 -80.9585 -81.1976 -81.4337 -81.6661 -81.8937 -82.1154 -82.3297 -82.535 -82.7292 -82.9101 -83.075 -83.221 -83.3448 -83.4433 -83.5133 -83.5523 -83.5586 -83.5317 -83.4724 -83.3827 -83.2655 -83.124 -82.9618 -82.782 -82.5879 -82.3818 -82.1663 -81.943 -81.7136 -81.4794 -81.2413 -81.0003 -80.7569 -80.5119 -80.2656 -80.0186 -79.771 -79.5233 -79.2757 -79.0286 -78.7821 -78.5366 -78.2923 -78.0495 -77.8086 -77.57 -77.3341 -77.1014 -76.8724 -76.6478 -76.4283 -76.2148 -76.0082 -75.8094 -75.6197 -75.4402 -75.2722 -75.1172 -74.9763 -74.8511 -74.7427 -74.6523 -74.5806 -74.5281 -74.4936 -74.4701 nan 
nan -74.7194 -74.7359 -74.7715 -74.827 -74.9022 -74.9963 -75.1084 -75.2372 -75.3816 -75.5401 -75.7114 -75.894 -76.0869 -76.2887 -76.4982 -76.7146 -76.9369 -77.1642 -77.3959 -77.6314 -77.87 -78.1114 -78.3551 -78.6008 -78.8481 -79.0967 -79.3464 -79.5968 -79.8478 -80.0991 -80.3504 -80.6014 -80.8517 -81.1009 -81.3486 -81.5941 -81.8366 -82.0753 -82.309 -82.5363 -82.7555 -82.9645 -83.1608 -83.3412 -83.5025 -83.6407 -83.7517 -83.8314 -83.8763 -83.8839 -83.8535 -83.7865 -83.6855 -83.5544 -83.3976 -83.2193 -83.0236 -82.814 -82.5934 -82.3642 -82.1284 -81.8874 -81.6426 -81.3949 -81.1451 -80.8937 -80.6413 -80.3883 -80.135 -79.8818 -79.6288 -79.3763 -79.1245 -78.8738 -78.6242 -78.3761 -78.1297 -77.8853 -77.6433 -77.4042 -77.1683 -76.9361 -76.7084 -76.4859 -76.2692 -76.0594 -75.8574 -75.6643 -75.4815 -75.3101 -75.1515 -75.007 -74.8782 -74.7661 -74.6719 -74.5964 -74.5401 -74.5027 -74.4835 nan 
nan -74.7242 -74.7444 -74.7836 -74.8426 -74.9212 -75.0186 -75.134 -75.2661 -75.4137 -75.5753 -75.7497 -75.9355 -76.1313 -76.336 -76.5485 -76.7677 -76.9928 -77.2231 -77.4577 -77.6962 -77.9379 -78.1825 -78.4295 -78.6787 -78.9297 -79.1822 -79.4361 -79.6911 -79.9469 -80.2035 -80.4606 -80.7178 -80.975 -81.2318 -81.4878 -81.7424 -81.9951 -82.2451 -82.4911 -82.732 -82.9661 -83.1911 -83.4044 -83.6026 -83.7817 -83.9371 -84.0635 -84.1556 -84.2081 -84.2175 -84.1829 -84.106 -83.991 -83.8431 -83.668 -83.4711 -83.2574 -83.0308 -82.7945 -82.551 -82.3022 -82.0495 -81.7941 -81.5369 -81.2784 -81.0192 -80.7598 -80.5003 -80.2412 -79.9825 -79.7245 -79.4675 -79.2114 -78.9567 -78.7034 -78.4518 -78.202 -77.9545 -77.7095 -77.4674 -77.2286 -76.9936 -76.7632 -76.5378 -76.3183 -76.1057 -75.9008 -75.7049 -75.519 -75.3446 -75.1828 -75.0352 -74.9031 -74.7878 -74.6905 -74.612 -74.553 -74.5139 -74.4952 nan 
nan -74.7321 -74.7539 -74.7956 -74.8573 -74.9386 -75.0389 -75.1571 -75.292 -75.4424 -75.6068 -75.7839 -75.9723 -76.1707 -76.378 -76.593 -76.8148 -77.0424 -77.2752 -77.5124 -77.7535 -77.998 -78.2454 -78.4955 -78.7478 -79.0021 -79.2582 -79.5159 -79.775 -80.0354 -80.2968 -80.5592 -80.8223 -81.086 -81.3499 -81.6139 -81.8774 -82.14 -82.4011 -82.6596 -82.9145 -83.164 -83.4062 -83.6382 -83.8564 -84.0564 -84.2325 -84.3782 -84.4862 -84.5489 -84.5609 -84.5207 -84.4313 -84.2986 -84.1299 -83.933 -83.7148 -83.481 -83.2359 -82.9829 -82.7245 -82.4625 -82.1981 -81.9323 -81.6658 -81.399 -81.1325 -80.8663 -80.6008 -80.3362 -80.0725 -79.81 -79.5487 -79.2888 -79.0305 -78.7738 -78.519 -78.2663 -78.0159 -77.7682 -77.5234 -77.2821 -77.0447 -76.8117 -76.5839 -76.362 -76.1469 -75.9395 -75.741 -75.5526 -75.3754 -75.211 -75.0607 -74.9258 -74.8078 -74.7078 -74.6268 -74.5658 -74.5253 -74.506 nan 
nan -74.7411 -74.7637 -74.807 -74.8707 -74.9543 -75.0569 -75.1775 -75.3148 -75.4675 -75.6343 -75.8137 -76.0044 -76.205 -76.4145 -76.6317 -76.8556 -77.0854 -77.3204 -77.5599 -77.8033 -78.0501 -78.3 -78.5527 -78.8077 -79.065 -79.3242 -79.5853 -79.8481 -80.1125 -80.3783 -80.6455 -80.9139 -81.1835 -81.4541 -81.7254 -81.9974 -82.2694 -82.5412 -82.812 -83.0808 -83.3463 -83.6065 -83.8587 -84.0992 -84.3232 -84.5242 -84.6941 -84.8231 -84.9001 -84.9157 -84.8683 -84.7625 -84.6071 -84.4127 -84.1898 -83.947 -83.6908 -83.426 -83.1557 -82.8823 -82.6072 -82.3314 -82.0556 -81.7803 -81.5058 -81.2323 -80.9601 -80.6891 -80.4194 -80.1513 -79.8846 -79.6196 -79.3563 -79.0947 -78.835 -78.5774 -78.3221 -78.0692 -77.8191 -77.5721 -77.3285 -77.089 -76.8539 -76.624 -76.4 -76.1827 -75.9732 -75.7725 -75.5819 -75.4025 -75.2358 -75.0831 -74.9459 -74.8256 -74.7234 -74.6404 -74.5776 -74.5359 -74.5158 nan 
nan -74.7498 -74.773 -74.8174 -74.8827 -74.968 -75.0725 -75.195 -75.3343 -75.489 -75.6577 -75.839 -76.0315 -76.234 -76.4453 -76.6643 -76.89 -77.1216 -77.3585 -77.5998 -77.8451 -78.094 -78.346 -78.6009 -78.8583 -79.118 -79.38 -79.644 -79.9099 -80.1778 -80.4474 -80.7188 -80.9919 -81.2668 -81.5432 -81.8212 -82.1007 -82.3815 -82.6633 -82.9457 -83.228 -83.5092 -83.7877 -84.0612 -84.3261 -84.5773 -84.8077 -85.0078 -85.165 -85.2628 -85.2836 -85.2269 -85.0996 -84.9146 -84.6879 -84.4338 -84.163 -83.8827 -83.5973 -83.3097 -83.0215 -82.7339 -82.4474 -82.1624 -81.879 -81.5975 -81.3179 -81.0401 -80.7643 -80.4903 -80.2182 -79.948 -79.6797 -79.4133 -79.149 -78.8868 -78.6268 -78.3692 -78.1142 -77.8621 -77.6132 -77.3677 -77.1263 -76.8895 -76.6578 -76.432 -76.213 -76.0018 -75.7993 -75.6068 -75.4256 -75.2569 -75.1024 -74.9633 -74.841 -74.737 -74.6523 -74.588 -74.5451 -74.5242 nan 
nan -74.7574 -74.781 -74.8264 -74.8928 -74.9795 -75.0855 -75.2095 -75.3503 -75.5065 -75.6767 -75.8595 -76.0535 -76.2575 -76.4702 -76.6906 -76.9178 -77.1509 -77.3892 -77.632 -77.8789 -78.1294 -78.3831 -78.6398 -78.8991 -79.1609 -79.4251 -79.6915 -79.9601 -80.2308 -80.5036 -80.7785 -81.0555 -81.3348 -81.6162 -81.9 -82.186 -82.4744 -82.7651 -83.0579 -83.3526 -83.6487 -83.945 -84.2399 -84.5304 -84.8116 -85.076 -85.3129 -85.5072 -85.6364 -85.6647 -85.5985 -85.4431 -85.2179 -84.9495 -84.6584 -84.3568 -84.0513 -83.7454 -83.4412 -83.1393 -82.8402 -82.5441 -82.251 -81.9607 -81.6731 -81.3882 -81.1058 -80.8258 -80.5481 -80.2727 -79.9996 -79.7286 -79.4597 -79.1931 -78.9288 -78.6669 -78.4075 -78.1507 -77.897 -77.6464 -77.3995 -77.1567 -76.9184 -76.6853 -76.4581 -76.2377 -76.025 -75.8211 -75.6272 -75.4445 -75.2743 -75.1183 -74.9776 -74.8539 -74.7484 -74.6622 -74.5967 -74.5526 -74.5308 nan 
nan -74.7631 -74.7873 -74.8336 -74.901 -74.9887 -75.0957 -75.2208 -75.3627 -75.52 -75.6913 -75.8752 -76.0703 -76.2753 -76.4891 -76.7106 -76.9389 -77.1731 -77.4125 -77.6565 -77.9045 -78.1563 -78.4113 -78.6693 -78.9301 -79.1935 -79.4593 -79.7276 -79.9982 -80.2711 -80.5463 -80.824 -81.1041 -81.3869 -81.6723 -81.9606 -82.2519 -82.5464 -82.8444 -83.146 -83.4513 -83.7603 -84.0728 -84.3879 -84.7038 -85.0165 -85.3188 -85.5982 -85.8373 -86.0128 -86.051 -85.9911 -85.7955 -85.5102 -85.1876 -84.8539 -84.52 -84.1901 -83.8654 -83.5463 -83.2325 -82.9238 -82.6197 -82.3199 -82.0239 -81.7315 -81.4424 -81.1563 -80.873 -80.5925 -80.3145 -80.039 -79.7659 -79.4952 -79.2268 -78.9609 -78.6974 -78.4366 -78.1785 -77.9235 -77.6718 -77.4237 -77.1798 -76.9404 -76.7063 -76.478 -76.2566 -76.0429 -75.8379 -75.6429 -75.4591 -75.2879 -75.1307 -74.9889 -74.864 -74.7574 -74.6701 -74.6033 -74.558 -74.5351 nan 
nan -74.7659 -74.7915 -74.8388 -74.907 -74.9954 -75.1031 -75.2289 -75.3714 -75.5295 -75.7014 -75.886 -76.0818 -76.2875 -76.502 -76.7242 -76.9532 -77.1881 -77.4282 -77.6729 -77.9218 -78.1744 -78.4302 -78.6892 -78.951 -79.2154 -79.4824 -79.752 -80.0239 -80.2984 -80.5754 -80.8549 -81.1372 -81.4223 -81.7106 -82.0021 -82.2972 -82.5962 -82.8995 -83.2075 -83.5209 -83.84 -84.1654 -84.4975 -84.8361 -85.1793 -85.5218 -85.8492 -86.1327 -86.3451 -86.3999 -86.4545 -86.159 -85.7734 -85.3836 -85.0062 -84.6427 -84.2919 -83.9519 -83.6212 -83.2985 -82.9825 -82.6726 -82.3678 -82.0678 -81.7719 -81.4797 -81.191 -80.9055 -80.6229 -80.3431 -80.066 -79.7914 -79.5194 -79.2498 -78.9827 -78.7182 -78.4565 -78.1975 -77.9417 -77.6891 -77.4403 -77.1956 -76.9555 -76.7206 -76.4917 -76.2696 -76.0552 -75.8495 -75.6538 -75.4693 -75.2974 -75.1395 -74.997 -74.8714 -74.7639 -74.6758 -74.608 -74.5612 -74.5363 nan 
-74.7433 -74.7641 -74.7941 -74.8425 -74.9111 -74.9997 -75.1075 -75.2336 -75.3764 -75.5347 -75.707 -75.8918 -76.0879 -76.294 -76.5088 -76.7313 -76.9606 -77.1958 -77.4363 -77.6814 -77.9307 -78.1837 -78.44 -78.6994 -78.9617 -79.2267 -79.4943 -79.7645 -80.0372 -80.3125 -80.5904 -80.8709 -81.1544 -81.4409 -81.7306 -82.0239 -82.3211 -82.6226 -82.9289 -83.2407 -83.5588 -83.884 -84.2176 -84.5609 -84.9158 -85.2837 -85.6647 -86.051 -86.3999 -86.5315 -88.1023 -87.1305 -86.4765 -85.9581 -85.5077 -85.0975 -84.714 -84.3499 -84.0005 -83.6629 -83.3348 -83.0147 -82.7013 -82.3938 -82.0914 -81.7936 -81.4998 -81.2096 -80.9228 -80.6391 -80.3584 -80.0804 -79.805 -79.5322 -79.262 -78.9943 -78.7293 -78.467 -78.2076 -77.9513 -77.6983 -77.4491 -77.204 -76.9636 -76.7284 -76.4991 -76.2767 -76.0619 -75.856 -75.66 -75.4752 -75.3029 -75.1447 -75.0019 -74.8759 -74.7681 -74.6795 -74.611 -74.5626 -74.5326 -74.5119 
nan -74.7734 -74.7983 -74.8452 -74.9132 -75.0014 -75.1091 -75.2349 -75.3776 -75.5358 -75.7079 -75.8927 -76.0887 -76.2946 -76.5094 -76.7319 -76.9611 -77.1963 -77.4368 -77.6819 -77.9311 -78.1841 -78.4405 -78.6999 -78.9622 -79.2273 -79.4949 -79.7651 -80.0379 -80.3133 -80.5912 -80.8719 -81.1555 -81.4421 -81.7321 -82.0256 -82.3231 -82.6251 -82.9319 -83.2445 -83.5635 -83.8901 -84.2257 -84.5722 -84.9324 -85.3104 -85.7131 -86.1547 -86.6668 -87.3169 -88.1023 -87.1853 -86.5146 -85.9864 -85.5286 -85.1131 -84.726 -84.3593 -84.0082 -83.6692 -83.3401 -83.0192 -82.7052 -82.3973 -82.0945 -81.7963 -81.5022 -81.2118 -80.9248 -80.641 -80.36 -80.0819 -79.8064 -79.5336 -79.2633 -78.9955 -78.7304 -78.4681 -78.2087 -77.9523 -77.6994 -77.4501 -77.205 -76.9646 -76.7294 -76.5002 -76.2778 -76.0631 -75.8572 -75.6613 -75.4765 -75.3044 -75.1463 -75.0035 -74.8777 -74.7699 -74.6814 -74.6132 -74.5658 -74.5402 nan 
nan -74.7777 -74.8007 -74.8462 -74.9131 -75.0007 -75.1077 -75.2329 -75.375 -75.5326 -75.7043 -75.8886 -76.0841 -76.2896 -76.5039 -76.7259 -76.9548 -77.1896 -77.4296 -77.6743 -77.9232 -78.1757 -78.4316 -78.6906 -78.9525 -79.2171 -79.4842 -79.7539 -80.026 -80.3007 -80.578 -80.8579 -81.1406 -81.4262 -81.715 -82.0073 -82.3034 -82.6036 -82.9085 -83.2186 -83.5348 -83.8578 -84.189 -84.5297 -84.8819 -85.2482 -85.6315 -86.0347 -86.4545 -86.8636 -87.1305 -86.7762 -86.3129 -85.8648 -85.4455 -85.0514 -84.6773 -84.3192 -83.9741 -83.6396 -83.314 -82.9958 -82.6841 -82.3779 -82.0767 -81.7798 -81.4869 -81.1975 -80.9114 -80.6284 -80.3481 -80.0707 -79.7958 -79.5234 -79.2536 -78.9864 -78.7217 -78.4598 -78.2008 -77.9448 -77.6922 -77.4434 -77.1987 -76.9586 -76.7238 -76.495 -76.273 -76.0587 -75.8532 -75.6577 -75.4735 -75.3018 -75.1442 -75.002 -74.8766 -74.7693 -74.6814 -74.6138 -74.5674 -74.5432 nan 
nan -74.7788 -74.8006 -74.8449 -74.9108 -74.9973 -75.1033 -75.2275 -75.3687 -75.5254 -75.6961 -75.8795 -76.0741 -76.2788 -76.4923 -76.7135 -76.9416 -77.1756 -77.4149 -77.6588 -77.9068 -78.1586 -78.4136 -78.6717 -78.9326 -79.1962 -79.4623 -79.7308 -80.0017 -80.275 -80.5507 -80.8289 -81.1097 -81.3933 -81.6797 -81.9692 -82.2621 -82.5586 -82.8591 -83.164 -83.4738 -83.7888 -84.1097 -84.437 -84.7709 -85.1109 -85.4548 -85.7956 -86.1155 -86.3727 -86.4765 -86.3009 -85.9929 -85.6405 -85.2794 -84.9224 -84.5732 -84.2326 -83.9003 -83.5754 -83.2573 -82.9451 -82.6383 -82.3362 -82.0384 -81.7445 -81.4541 -81.1669 -80.8827 -80.6014 -80.3227 -80.0466 -79.773 -79.5019 -79.2331 -78.9669 -78.7032 -78.4421 -78.1839 -77.9287 -77.6769 -77.4288 -77.1849 -76.9456 -76.7115 -76.4835 -76.2622 -76.0487 -75.8441 -75.6494 -75.466 -75.2952 -75.1385 -74.9972 -74.8727 -74.7664 -74.6794 -74.6126 -74.567 -74.5433 nan 
nan -74.7773 -74.7984 -74.8416 -74.9062 -74.9914 -75.096 -75.2189 -75.3587 -75.514 -75.6834 -75.8655 -76.0589 -76.2624 -76.4746 -76.6947 -76.9216 -77.1545 -77.3926 -77.6354 -77.8822 -78.1327 -78.3865 -78.6432 -78.9027 -79.1648 -79.4292 -79.696 -79.965 -80.2362 -80.5097 -80.7854 -81.0634 -81.3438 -81.6266 -81.912 -82.2002 -82.4912 -82.7852 -83.0824 -83.3827 -83.6862 -83.9927 -84.3014 -84.6109 -84.9184 -85.2179 -85.4986 -85.7405 -85.9097 -85.9581 -85.8502 -85.6346 -85.3598 -85.0565 -84.7414 -84.4229 -84.1052 -83.7904 -83.4792 -83.1719 -82.8685 -82.5689 -82.2729 -81.9802 -81.6907 -81.4041 -81.1203 -80.839 -80.5603 -80.284 -80.0101 -79.7384 -79.469 -79.2019 -78.9371 -78.6748 -78.4151 -78.1582 -77.9042 -77.6536 -77.4066 -77.1638 -76.9256 -76.6926 -76.4657 -76.2456 -76.0333 -75.8298 -75.6364 -75.4542 -75.2847 -75.1293 -74.9894 -74.8662 -74.7612 -74.6754 -74.6097 -74.5649 -74.5416 nan 
nan -74.7738 -74.7941 -74.8362 -74.8995 -74.9831 -75.0861 -75.2072 -75.3452 -75.4987 -75.6664 -75.8468 -76.0386 -76.2404 -76.4511 -76.6696 -76.895 -77.1263 -77.3629 -77.6041 -77.8494 -78.0983 -78.3504 -78.6053 -78.863 -79.123 -79.3853 -79.6498 -79.9163 -80.1848 -80.4553 -80.7277 -81.002 -81.2782 -81.5564 -81.8365 -82.1186 -82.4026 -82.6884 -82.9758 -83.2646 -83.5541 -83.8434 -84.1309 -84.4139 -84.6879 -84.9459 -85.1764 -85.3624 -85.481 -85.5077 -85.4312 -85.2708 -85.0526 -84.7985 -84.5234 -84.2367 -83.9442 -83.6494 -83.3544 -83.0603 -82.7678 -82.4774 -82.1891 -81.903 -81.6192 -81.3375 -81.0581 -80.7808 -80.5055 -80.2323 -79.9612 -79.692 -79.425 -79.16 -78.8973 -78.6369 -78.379 -78.1237 -77.8714 -77.6223 -77.3768 -77.1355 -76.8987 -76.6673 -76.4418 -76.2232 -76.0124 -75.8105 -75.6187 -75.4382 -75.2704 -75.1167 -74.9785 -74.8571 -74.7538 -74.6696 -74.6053 -74.5616 -74.5387 nan 
nan -74.7687 -74.7883 -74.8293 -74.891 -74.9727 -75.0735 -75.1925 -75.3283 -75.4797 -75.6452 -75.8235 -76.0132 -76.213 -76.4218 -76.6384 -76.8618 -77.0913 -77.326 -77.5653 -77.8086 -78.0554 -78.3054 -78.5582 -78.8136 -79.0712 -79.3309 -79.5925 -79.856 -80.1212 -80.388 -80.6563 -80.9262 -81.1975 -81.47 -81.7439 -82.0187 -82.2945 -82.5707 -82.8471 -83.1228 -83.3969 -83.6678 -83.9332 -84.1899 -84.4328 -84.6547 -84.8457 -84.9927 -85.0809 -85.0975 -85.0385 -84.9127 -84.7352 -84.5205 -84.2805 -84.0237 -83.7564 -83.4825 -83.205 -82.9255 -82.6454 -82.3655 -82.0862 -81.8079 -81.5309 -81.2552 -80.9811 -80.7084 -80.4374 -80.168 -79.9003 -79.6343 -79.3701 -79.1079 -78.8476 -78.5895 -78.3338 -78.0806 -77.8303 -77.5831 -77.3396 -77.1001 -76.8651 -76.6355 -76.4119 -76.1951 -75.9863 -75.7863 -75.5965 -75.4181 -75.2524 -75.1009 -74.9649 -74.8457 -74.7445 -74.6623 -74.5999 -74.5576 -74.5354 nan 
nan -74.7621 -74.7814 -74.8212 -74.881 -74.9604 -75.0587 -75.175 -75.3082 -75.457 -75.6199 -75.7957 -75.983 -76.1804 -76.3868 -76.6011 -76.8223 -77.0495 -77.282 -77.519 -77.76 -78.0044 -78.252 -78.5022 -78.7548 -79.0095 -79.2661 -79.5244 -79.7843 -80.0457 -80.3082 -80.572 -80.8367 -81.1023 -81.3685 -81.6352 -81.902 -82.1686 -82.4344 -82.6987 -82.9606 -83.2187 -83.471 -83.715 -83.9471 -84.1623 -84.3541 -84.5145 -84.6339 -84.7028 -84.7141 -84.666 -84.5635 -84.4156 -84.2319 -84.0215 -83.7916 -83.548 -83.2947 -83.0349 -82.7707 -82.5038 -82.2353 -81.9659 -81.6963 -81.427 -81.1581 -80.8899 -80.6227 -80.3565 -80.0916 -79.8279 -79.5656 -79.3048 -79.0457 -78.7884 -78.533 -78.2799 -78.0292 -77.7812 -77.5364 -77.295 -77.0577 -76.825 -76.5975 -76.3761 -76.1616 -75.955 -75.7574 -75.57 -75.3941 -75.2309 -75.082 -74.9486 -74.832 -74.7335 -74.6539 -74.5939 -74.5538 -74.5329 nan 
nan -74.7542 -74.7744 -74.8129 -74.8702 -74.9466 -75.0419 -75.1551 -75.2852 -75.4309 -75.5908 -75.7637 -75.9481 -76.1427 -76.3464 -76.5581 -76.7767 -77.0013 -77.2311 -77.4655 -77.7038 -77.9455 -78.1901 -78.4374 -78.6869 -78.9383 -79.1914 -79.4461 -79.7019 -79.9589 -80.2167 -80.4753 -80.7343 -80.9936 -81.2529 -81.5118 -81.7699 -82.0268 -82.2816 -82.5335 -82.7813 -83.0234 -83.2578 -83.4816 -83.6914 -83.8827 -84.0499 -84.1866 -84.286 -84.3419 -84.35 -84.3095 -84.2235 -84.0974 -83.9383 -83.7525 -83.5462 -83.3241 -83.0903 -82.8477 -82.5989 -82.3454 -82.0888 -81.8299 -81.5697 -81.3085 -81.0471 -80.7856 -80.5243 -80.2636 -80.0035 -79.7444 -79.4862 -79.2293 -78.9737 -78.7198 -78.4676 -78.2174 -77.9696 -77.7244 -77.4821 -77.2434 -77.0086 -76.7785 -76.5535 -76.3347 -76.1228 -75.9188 -75.724 -75.5394 -75.3663 -75.2061 -75.0602 -74.9299 -74.8164 -74.721 -74.6446 -74.5878 -74.5509 -74.5329 nan 
nan -74.7434 -74.7695 -74.8054 -74.859 -74.9317 -75.0233 -75.1329 -75.2594 -75.4016 -75.5581 -75.7276 -75.9088 -76.1003 -76.3009 -76.5095 -76.7251 -76.9467 -77.1736 -77.4049 -77.6402 -77.8788 -78.1203 -78.3643 -78.6103 -78.858 -79.1073 -79.3578 -79.6092 -79.8614 -80.1141 -80.367 -80.6199 -80.8724 -81.1243 -81.375 -81.6241 -81.8708 -82.1144 -82.3538 -82.5877 -82.8144 -83.0318 -83.2372 -83.4272 -83.5981 -83.7451 -83.8634 -83.9479 -83.9946 -84.0007 -83.9657 -83.8918 -83.7826 -83.6428 -83.4776 -83.2915 -83.0888 -82.8729 -82.6468 -82.4127 -82.1727 -81.928 -81.6799 -81.4293 -81.1769 -80.9233 -80.6689 -80.4141 -80.1592 -79.9046 -79.6503 -79.3968 -79.1441 -78.8925 -78.6423 -78.3936 -78.1468 -77.9021 -77.66 -77.4207 -77.1849 -76.9531 -76.7257 -76.5037 -76.2878 -76.0789 -75.878 -75.6862 -75.5048 -75.335 -75.1783 -75.0358 -74.909 -74.7991 -74.7073 -74.6345 -74.5817 -74.5495 -74.5389 nan 
nan nan -74.7749 -74.8 -74.8477 -74.9158 -75.0032 -75.1087 -75.2312 -75.3695 -75.5221 -75.6879 -75.8654 -76.0533 -76.2504 -76.4556 -76.6678 -76.8861 -77.1097 -77.3377 -77.5697 -77.8049 -78.0428 -78.2831 -78.5253 -78.7691 -79.0141 -79.2601 -79.5068 -79.7538 -80.001 -80.2479 -80.4943 -80.7398 -80.9839 -81.2262 -81.466 -81.7025 -81.9349 -82.162 -82.3825 -82.5945 -82.7962 -82.9849 -83.1576 -83.3111 -83.4417 -83.5453 -83.6185 -83.6584 -83.6631 -83.6324 -83.5677 -83.4716 -83.3476 -83.1993 -83.0307 -82.845 -82.6455 -82.4346 -82.2148 -81.9877 -81.7549 -81.5176 -81.2768 -81.0333 -80.7878 -80.5408 -80.2928 -80.0442 -79.7953 -79.5463 -79.2977 -79.0496 -78.8024 -78.5562 -78.3113 -78.0682 -77.8271 -77.5883 -77.3524 -77.1199 -76.8912 -76.6671 -76.4483 -76.2357 -76.0301 -75.8326 -75.6444 -75.4666 -75.3006 -75.1476 -75.009 -74.8862 -74.7802 -74.6924 -74.6235 -74.5747 -74.5471 nan nan 
nan nan -74.7716 -74.7922 -74.8352 -74.8988 -74.9817 -75.0827 -75.2008 -75.3347 -75.4831 -75.6447 -75.8181 -76.002 -76.1952 -76.3966 -76.6052 -76.8198 -77.0397 -77.2641 -77.4924 -77.7238 -77.958 -78.1943 -78.4324 -78.6719 -78.9124 -79.1536 -79.3952 -79.6368 -79.8781 -80.1188 -80.3585 -80.5966 -80.8329 -81.0665 -81.297 -81.5234 -81.7448 -81.96 -82.1677 -82.3661 -82.5533 -82.7271 -82.8848 -83.0236 -83.1404 -83.2323 -83.2967 -83.3313 -83.335 -83.3077 -83.2503 -83.1647 -83.0535 -82.9195 -82.7658 -82.5952 -82.4104 -82.2136 -82.007 -81.7923 -81.571 -81.3444 -81.1133 -80.8789 -80.6416 -80.4023 -80.1613 -79.9192 -79.6763 -79.433 -79.1896 -78.9464 -78.7038 -78.4619 -78.2213 -77.9821 -77.7448 -77.5098 -77.2775 -77.0485 -76.8234 -76.6029 -76.3877 -76.1787 -75.9768 -75.7831 -75.5988 -75.425 -75.2632 -75.1144 -74.9802 -74.8617 -74.7602 -74.6766 -74.6118 -74.5667 -74.5416 nan nan 
nan nan -74.7638 -74.7822 -74.8216 -74.8809 -74.9591 -75.0554 -75.1687 -75.2977 -75.4414 -75.5983 -75.7672 -75.9468 -76.1358 -76.333 -76.5375 -76.7481 -76.964 -77.1845 -77.4087 -77.6362 -77.8662 -78.0982 -78.332 -78.5669 -78.8026 -79.0388 -79.275 -79.511 -79.7463 -79.9805 -80.2132 -80.444 -80.6722 -80.8973 -81.1185 -81.335 -81.5457 -81.7496 -81.9452 -82.131 -82.3051 -82.4656 -82.6101 -82.7364 -82.8418 -82.9242 -82.9814 -83.012 -83.015 -82.9903 -82.9388 -82.8618 -82.7612 -82.6393 -82.4985 -82.3411 -82.1695 -81.9856 -81.7914 -81.5884 -81.3781 -81.1618 -80.9404 -80.7148 -80.4859 -80.2543 -80.0205 -79.7851 -79.5484 -79.3109 -79.073 -78.835 -78.5972 -78.36 -78.1237 -77.8888 -77.6556 -77.4246 -77.1963 -76.9712 -76.75 -76.5333 -76.322 -76.117 -75.9192 -75.7298 -75.5498 -75.3805 -75.2231 -75.0791 -74.9497 -74.836 -74.7393 -74.6604 -74.6 -74.5586 -74.5359 nan nan 
nan nan -74.7536 -74.7715 -74.8079 -74.8627 -74.936 -75.0271 -75.1351 -75.2589 -75.3974 -75.5493 -75.7133 -75.888 -76.0723 -76.2651 -76.4651 -76.6713 -76.883 -77.0992 -77.3191 -77.5422 -77.7678 -77.9954 -78.2244 -78.4545 -78.6852 -78.9162 -79.1469 -79.377 -79.6061 -79.8337 -80.0594 -80.2827 -80.503 -80.7195 -80.9317 -81.1385 -81.339 -81.5322 -81.7165 -81.8907 -82.053 -82.2017 -82.3347 -82.4502 -82.5461 -82.6205 -82.672 -82.6992 -82.7017 -82.6793 -82.6326 -82.5626 -82.471 -82.3594 -82.2297 -82.084 -81.9242 -81.752 -81.5692 -81.3773 -81.1775 -80.9711 -80.759 -80.5423 -80.3216 -80.0977 -79.8712 -79.6425 -79.4122 -79.1807 -78.9485 -78.7158 -78.4831 -78.2508 -78.0192 -77.7888 -77.56 -77.3333 -77.1092 -76.8882 -76.6712 -76.4588 -76.2518 -76.0511 -75.8578 -75.6729 -75.4976 -75.3332 -75.1809 -75.042 -74.9178 -74.8095 -74.718 -74.6442 -74.5888 -74.552 -74.533 nan nan 
nan nan -74.741 -74.7627 -74.7953 -74.845 -74.9128 -74.9982 -75.1005 -75.2187 -75.3515 -75.4979 -75.6565 -75.8261 -76.0053 -76.1931 -76.3883 -76.5899 -76.7969 -77.0085 -77.2239 -77.4424 -77.6633 -77.8861 -78.1103 -78.3354 -78.5609 -78.7863 -79.0114 -79.2355 -79.4583 -79.6793 -79.8979 -80.1138 -80.3261 -80.5344 -80.7377 -80.9352 -81.126 -81.309 -81.483 -81.6465 -81.7981 -81.9363 -82.0593 -82.1655 -82.2532 -82.321 -82.3677 -82.3922 -82.3943 -82.3737 -82.3311 -82.2671 -82.183 -82.0802 -81.9603 -81.8249 -81.6757 -81.5142 -81.3419 -81.1602 -80.9703 -80.7734 -80.5704 -80.3622 -80.1496 -79.9334 -79.7141 -79.4923 -79.2684 -79.0431 -78.8166 -78.5895 -78.3621 -78.1348 -77.9081 -77.6825 -77.4583 -77.2361 -77.0165 -76.8001 -76.5875 -76.3796 -76.1772 -75.9813 -75.7928 -75.6129 -75.4428 -75.2837 -75.1369 -75.0036 -74.8851 -74.7825 -74.6968 -74.6287 -74.5789 -74.548 -74.5369 nan nan 
nan nan nan -74.7634 -74.7855 -74.8285 -74.8901 -74.9693 -75.0654 -75.1774 -75.3042 -75.4446 -75.5974 -75.7614 -75.9352 -76.1177 -76.3077 -76.5043 -76.7063 -76.913 -77.1235 -77.3371 -77.5531 -77.771 -77.9901 -78.2099 -78.43 -78.6499 -78.8691 -79.0871 -79.3035 -79.5178 -79.7295 -79.938 -80.1426 -80.3427 -80.5375 -80.7261 -80.9078 -81.0813 -81.2455 -81.3993 -81.5413 -81.6701 -81.7843 -81.8824 -81.9632 -82.0253 -82.0679 -82.0903 -82.092 -82.0731 -82.0338 -81.9749 -81.8973 -81.8022 -81.6908 -81.5645 -81.4248 -81.273 -81.1103 -80.9382 -80.7576 -80.5697 -80.3754 -80.1755 -79.9709 -79.7622 -79.55 -79.335 -79.1177 -78.8985 -78.678 -78.4565 -78.2346 -78.0126 -77.791 -77.5703 -77.351 -77.1336 -76.9187 -76.7071 -76.4993 -76.2963 -76.0989 -75.908 -75.7247 -75.5502 -75.3857 -75.2323 -75.0914 -74.9642 -74.8519 -74.7556 -74.676 -74.6141 -74.5702 -74.5447 nan nan nan 
nan nan nan -74.7564 -74.7751 -74.8127 -74.8681 -74.9409 -75.0303 -75.1357 -75.2559 -75.3899 -75.5365 -75.6944 -75.8623 -76.0391 -76.2236 -76.4148 -76.6116 -76.8131 -77.0184 -77.2269 -77.4377 -77.6504 -77.8642 -78.0786 -78.2932 -78.5074 -78.7206 -78.9325 -79.1426 -79.3502 -79.5549 -79.7561 -79.9531 -80.1453 -80.3319 -80.5122 -80.6851 -80.8498 -81.0051 -81.15 -81.2833 -81.4037 -81.5101 -81.6011 -81.6758 -81.7332 -81.7724 -81.7928 -81.7943 -81.7767 -81.7404 -81.6858 -81.6139 -81.5254 -81.4215 -81.3034 -81.1722 -81.0292 -80.8755 -80.7122 -80.5403 -80.361 -80.1749 -79.9831 -79.7861 -79.5848 -79.3798 -79.1715 -78.9607 -78.7478 -78.5332 -78.3175 -78.1011 -77.8845 -77.6682 -77.4527 -77.2384 -77.0261 -76.8163 -76.6097 -76.407 -76.2092 -76.0171 -75.8316 -75.654 -75.4853 -75.3267 -75.1796 -75.0451 -74.9244 -74.8188 -74.7292 -74.6564 -74.601 -74.5632 -74.5424 nan nan nan 
nan nan nan -74.7449 -74.7662 -74.7988 -74.8476 -74.9134 -74.9958 -75.094 -75.2072 -75.3343 -75.4742 -75.6256 -75.7872 -75.958 -76.1366 -76.322 -76.5132 -76.7091 -76.9091 -77.1121 -77.3176 -77.5249 -77.7332 -77.9421 -78.151 -78.3593 -78.5666 -78.7723 -78.9759 -79.177 -79.3748 -79.5689 -79.7585 -79.9431 -80.1219 -80.2941 -80.4589 -80.6153 -80.7624 -80.8992 -81.0245 -81.1375 -81.2369 -81.3217 -81.3912 -81.4443 -81.4806 -81.4994 -81.5006 -81.4842 -81.4505 -81.3997 -81.3327 -81.2501 -81.1529 -81.042 -80.9186 -80.7836 -80.638 -80.4829 -80.3193 -80.1479 -79.9698 -79.7856 -79.5961 -79.402 -79.2039 -79.0024 -78.7981 -78.5914 -78.3828 -78.173 -77.9623 -77.7512 -77.5403 -77.3301 -77.1212 -76.9141 -76.7096 -76.5083 -76.3111 -76.1188 -75.9323 -75.7527 -75.5811 -75.4186 -75.2665 -75.1259 -74.9983 -74.8846 -74.7861 -74.7038 -74.6382 -74.5901 -74.5595 -74.5466 nan nan nan 
nan nan nan nan -74.7662 -74.7885 -74.8295 -74.8875 -74.9622 -75.0528 -75.1585 -75.2783 -75.4111 -75.5555 -75.7105 -75.8747 -76.047 -76.2263 -76.4116 -76.6018 -76.796 -76.9934 -77.1933 -77.3949 -77.5976 -77.8008 -78.0039 -78.2063 -78.4076 -78.6071 -78.8043 -78.9988 -79.1899 -79.377 -79.5595 -79.7368 -79.9081 -80.0727 -80.2298 -80.3785 -80.518 -80.6473 -80.7655 -80.8717 -80.9649 -81.0443 -81.109 -81.1585 -81.1922 -81.2096 -81.2107 -81.1954 -81.1638 -81.1164 -81.0537 -80.9763 -80.885 -80.7807 -80.6643 -80.5365 -80.3985 -80.2511 -80.0951 -79.9313 -79.7607 -79.5839 -79.4016 -79.2145 -79.0232 -78.8283 -78.6304 -78.4299 -78.2274 -78.0235 -77.8186 -77.6132 -77.4079 -77.2032 -76.9998 -76.7982 -76.5992 -76.4036 -76.212 -76.0256 -75.8451 -75.6717 -75.5065 -75.3506 -75.2053 -75.0719 -74.9515 -74.8453 -74.7545 -74.6798 -74.6221 -74.5817 -74.5586 nan nan nan nan 
nan nan nan nan -74.7572 -74.7797 -74.8137 -74.8637 -74.9302 -75.0127 -75.1105 -75.2225 -75.3476 -75.4847 -75.6325 -75.7899 -75.9556 -76.1284 -76.3074 -76.4915 -76.6797 -76.8712 -77.0653 -77.2611 -77.458 -77.6553 -77.8525 -78.049 -78.2441 -78.4374 -78.6284 -78.8163 -79.0008 -79.1811 -79.3567 -79.5269 -79.6911 -79.8485 -79.9983 -80.1399 -80.2723 -80.3948 -80.5065 -80.6065 -80.6942 -80.7687 -80.8294 -80.8756 -80.907 -80.9233 -80.9242 -80.9097 -80.8802 -80.8357 -80.7768 -80.7041 -80.6182 -80.5197 -80.4096 -80.2886 -80.1575 -80.0172 -79.8683 -79.7118 -79.5483 -79.3785 -79.2032 -79.0229 -78.8382 -78.6498 -78.4582 -78.264 -78.0676 -77.8696 -77.6705 -77.4709 -77.2714 -77.0724 -76.8747 -76.6788 -76.4857 -76.2959 -76.1104 -75.9301 -75.756 -75.5892 -75.4307 -75.2819 -75.1439 -75.0179 -74.9053 -74.807 -74.7242 -74.6577 -74.6083 -74.5763 -74.5625 nan nan nan nan 
nan nan nan nan nan -74.7797 -74.8017 -74.8425 -74.9003 -74.9742 -75.0635 -75.1673 -75.2844 -75.4137 -75.5541 -75.7041 -75.8628 -76.0288 -76.2012 -76.3788 -76.5607 -76.7461 -76.9341 -77.1239 -77.3148 -77.5062 -77.6974 -77.8878 -78.0768 -78.264 -78.4486 -78.6302 -78.8081 -78.9818 -79.1508 -79.3142 -79.4716 -79.6221 -79.7652 -79.9 -80.0259 -80.1421 -80.2478 -80.3423 -80.425 -80.4951 -80.5521 -80.5954 -80.6249 -80.64 -80.6408 -80.6272 -80.5994 -80.5575 -80.5021 -80.4335 -80.3524 -80.2593 -80.155 -80.0402 -79.9155 -79.7817 -79.6396 -79.4898 -79.3331 -79.1701 -79.0014 -78.8277 -78.6496 -78.4676 -78.2823 -78.0942 -77.9039 -77.7119 -77.5187 -77.325 -77.1313 -76.9382 -76.7464 -76.5565 -76.3694 -76.1858 -76.0067 -75.8329 -75.6655 -75.5057 -75.3544 -75.213 -75.0827 -74.9647 -74.8601 -74.7701 -74.6958 -74.6379 -74.597 -74.5734 nan nan nan nan nan 
nan nan nan nan nan -74.7702 -74.791 -74.8239 -74.8727 -74.9377 -75.0182 -75.1134 -75.2221 -75.3432 -75.4756 -75.618 -75.7692 -75.9281 -76.0935 -76.2643 -76.4397 -76.6187 -76.8003 -76.9839 -77.1687 -77.354 -77.5391 -77.7234 -77.9063 -78.0872 -78.2656 -78.4409 -78.6124 -78.7797 -78.9422 -79.0991 -79.25 -79.394 -79.5307 -79.6593 -79.7791 -79.8895 -79.9897 -80.0792 -80.1573 -80.2234 -80.2771 -80.3179 -80.3455 -80.3597 -80.3604 -80.3475 -80.3213 -80.2818 -80.2295 -80.1647 -80.0879 -79.9997 -79.9007 -79.7915 -79.6728 -79.5452 -79.4094 -79.266 -79.1157 -78.9592 -78.797 -78.6296 -78.4578 -78.2821 -78.103 -77.921 -77.7368 -77.5509 -77.3637 -77.176 -76.9883 -76.8013 -76.6156 -76.4319 -76.2511 -76.074 -75.9016 -75.7347 -75.5744 -75.4218 -75.2782 -75.1446 -75.0224 -74.9126 -74.8165 -74.7352 -74.6696 -74.6205 -74.5888 -74.5755 nan nan nan nan nan 
nan nan nan nan nan nan -74.7887 -74.8091 -74.8481 -74.9038 -74.9751 -75.0613 -75.1612 -75.2738 -75.3979 -75.5322 -75.6756 -75.8269 -75.985 -76.1488 -76.3173 -76.4895 -76.6647 -76.8418 -77.0203 -77.1993 -77.3782 -77.5563 -77.733 -77.9078 -78.08 -78.249 -78.4143 -78.5754 -78.7315 -78.8822 -79.0268 -79.1648 -79.2954 -79.4181 -79.5322 -79.6372 -79.7324 -79.8172 -79.8912 -79.9537 -80.0044 -80.0429 -80.0689 -80.0823 -80.0828 -80.0706 -80.0458 -80.0084 -79.9589 -79.8975 -79.8248 -79.741 -79.6469 -79.543 -79.4298 -79.308 -79.1781 -79.0408 -78.8967 -78.7463 -78.5903 -78.4292 -78.2635 -78.094 -77.921 -77.7452 -77.567 -77.3871 -77.2061 -77.0245 -76.843 -76.6621 -76.4828 -76.3056 -76.1314 -75.9611 -75.7956 -75.6359 -75.4831 -75.3383 -75.2027 -75.0773 -74.9635 -74.8624 -74.7751 -74.7026 -74.646 -74.6058 -74.5825 nan nan nan nan nan nan 
nan nan nan nan nan nan -74.7776 -74.7958 -74.8263 -74.8727 -74.9347 -75.0117 -75.1025 -75.2062 -75.3215 -75.4474 -75.5826 -75.726 -75.8764 -76.0328 -76.1941 -76.3593 -76.5277 -76.6982 -76.8701 -77.0427 -77.2153 -77.3872 -77.5577 -77.7262 -77.8923 -78.0552 -78.2143 -78.3693 -78.5193 -78.664 -78.8026 -78.9347 -79.0596 -79.1768 -79.2856 -79.3856 -79.4761 -79.5567 -79.6268 -79.686 -79.734 -79.7704 -79.795 -79.8075 -79.808 -79.7964 -79.7729 -79.7375 -79.6905 -79.6322 -79.5631 -79.4835 -79.3939 -79.2949 -79.1868 -79.0704 -78.9462 -78.8146 -78.6763 -78.5319 -78.3819 -78.2268 -78.0673 -77.9038 -77.7368 -77.5671 -77.3951 -77.2213 -77.0464 -76.8711 -76.6959 -76.5215 -76.3486 -76.1782 -76.0109 -75.8477 -75.6896 -75.5375 -75.3925 -75.2558 -75.1285 -75.0118 -74.9068 -74.8146 -74.7363 -74.673 -74.6254 -74.5946 -74.5824 nan nan nan nan nan nan 
nan nan nan nan nan nan nan -74.7905 -74.8087 -74.8451 -74.8976 -74.965 -75.0465 -75.1409 -75.2473 -75.3643 -75.4909 -75.626 -75.7684 -75.917 -76.0708 -76.2288 -76.39 -76.5537 -76.7189 -76.885 -77.0511 -77.2166 -77.3808 -77.5432 -77.7031 -77.8599 -78.013 -78.1619 -78.3061 -78.4449 -78.5778 -78.7043 -78.8238 -78.9357 -79.0396 -79.1349 -79.221 -79.2976 -79.3642 -79.4205 -79.4659 -79.5004 -79.5236 -79.5355 -79.5359 -79.5249 -79.5025 -79.4689 -79.4242 -79.3688 -79.3031 -79.2273 -79.1419 -79.0474 -78.9442 -78.8329 -78.714 -78.5879 -78.4552 -78.3165 -78.1723 -78.0231 -77.8695 -77.712 -77.5511 -77.3874 -77.2215 -77.054 -76.8854 -76.7164 -76.5476 -76.3799 -76.2139 -76.0504 -75.8903 -75.7346 -75.5841 -75.44 -75.3033 -75.1751 -75.0565 -74.9487 -74.8528 -74.7699 -74.7009 -74.6466 -74.608 -74.5852 nan nan nan nan nan nan nan 
nan nan nan nan nan nan nan -74.7778 -74.7932 -74.821 -74.8641 -74.9221 -74.994 -75.0789 -75.1758 -75.2837 -75.4014 -75.5278 -75.6618 -75.8023 -75.9482 -76.0986 -76.2525 -76.409 -76.5673 -76.7266 -76.8861 -77.0452 -77.2031 -77.3592 -77.5129 -77.6637 -77.8109 -77.9539 -78.0923 -78.2255 -78.3529 -78.474 -78.5883 -78.6953 -78.7944 -78.8853 -78.9674 -79.0403 -79.1036 -79.1571 -79.2002 -79.2329 -79.2549 -79.2662 -79.2665 -79.256 -79.2347 -79.2027 -79.1602 -79.1075 -79.0448 -78.9726 -78.8911 -78.8009 -78.7023 -78.5958 -78.4819 -78.3611 -78.2338 -78.1007 -77.9621 -77.8187 -77.6709 -77.5193 -77.3644 -77.2068 -77.0471 -76.8858 -76.7236 -76.5611 -76.399 -76.2381 -76.0792 -75.923 -75.7704 -75.6225 -75.4801 -75.3443 -75.2162 -75.0969 -74.9874 -74.8889 -74.8024 -74.7289 -74.6693 -74.6244 -74.5949 -74.5833 nan nan nan nan nan nan nan 
nan nan nan nan nan nan nan nan -74.7855 -74.8017 -74.8351 -74.8834 -74.9456 -75.0208 -75.108 -75.2064 -75.3148 -75.4322 -75.5574 -75.6893 -75.8271 -75.9696 -76.1158 -76.2649 -76.4161 -76.5684 -76.7212 -76.8736 -77.0251 -77.175 -77.3225 -77.4672 -77.6085 -77.7458 -77.8785 -78.0062 -78.1282 -78.2442 -78.3535 -78.4558 -78.5505 -78.6371 -78.7154 -78.7849 -78.8452 -78.896 -78.937 -78.968 -78.9889 -78.9995 -78.9998 -78.9898 -78.9694 -78.939 -78.8985 -78.8483 -78.7885 -78.7196 -78.6418 -78.5556 -78.4613 -78.3594 -78.2504 -78.1346 -78.0125 -77.8848 -77.7517 -77.6139 -77.4719 -77.3262 -77.1773 -77.0258 -76.8723 -76.7174 -76.5617 -76.4059 -76.2507 -76.0969 -75.9453 -75.7966 -75.6519 -75.5121 -75.3782 -75.2511 -75.132 -75.0219 -74.9219 -74.833 -74.7562 -74.6924 -74.6424 -74.6066 -74.5843 nan nan nan nan nan nan nan nan 
nan nan nan nan nan nan nan nan -74.772 -74.7852 -74.8111 -74.8499 -74.9021 -74.9673 -75.0447 -75.1332 -75.232 -75.3399 -75.456 -75.5791 -75.7083 -75.8425 -75.9808 -76.1222 -76.266 -76.4111 -76.5569 -76.7027 -76.8476 -76.9911 -77.1325 -77.2711 -77.4065 -77.5381 -77.6652 -77.7875 -77.9044 -78.0153 -78.1198 -78.2176 -78.308 -78.3907 -78.4654 -78.5316 -78.589 -78.6373 -78.6764 -78.7059 -78.7257 -78.7358 -78.736 -78.7264 -78.707 -78.6779 -78.6393 -78.5914 -78.5344 -78.4686 -78.3943 -78.3119 -78.2217 -78.1242 -78.0198 -77.9089 -77.7919 -77.6693 -77.5417 -77.4095 -77.2732 -77.1333 -76.9904 -76.8451 -76.6979 -76.5495 -76.4004 -76.2515 -76.1035 -75.957 -75.813 -75.6723 -75.5358 -75.4045 -75.2793 -75.1614 -75.0517 -74.9512 -74.8609 -74.7819 -74.715 -74.6611 -74.6211 -74.5956 -74.5826 nan nan nan nan nan nan nan nan 
nan nan nan nan nan nan nan nan nan -74.7767 -74.794 -74.8224 -74.8643 -74.9193 -74.9865 -75.065 -75.1538 -75.252 -75.3585 -75.4724 -75.5927 -75.7183 -75.8483 -75.9817 -76.1178 -76.2555 -76.3942 -76.533 -76.6713 -76.8083 -76.9434 -77.076 -77.2055 -77.3314 -77.453 -77.57 -77.6817 -77.7878 -77.8877 -77.9811 -78.0674 -78.1464 -78.2176 -78.2806 -78.3353 -78.3814 -78.4185 -78.4466 -78.4654 -78.4749 -78.4751 -78.4659 -78.4474 -78.4196 -78.3828 -78.337 -78.2826 -78.2198 -78.1488 -78.0701 -77.9839 -77.8906 -77.7906 -77.6844 -77.5724 -77.455 -77.3327 -77.2059 -77.0753 -76.9413 -76.8045 -76.6654 -76.5246 -76.3828 -76.2406 -76.0988 -75.9581 -75.8193 -75.6832 -75.5507 -75.4228 -75.3003 -75.1844 -75.076 -74.976 -74.8855 -74.8053 -74.7363 -74.6794 -74.6353 -74.6054 -74.5927 nan nan nan nan nan nan nan nan nan 
nan nan nan nan nan nan nan nan nan nan -74.7863 -74.8012 -74.8326 -74.8775 -74.9344 -75.0027 -75.0812 -75.1693 -75.2659 -75.3702 -75.4812 -75.5978 -75.7192 -75.8443 -75.9724 -76.1025 -76.2338 -76.3655 -76.4969 -76.6273 -76.7561 -76.8826 -77.0062 -77.1263 -77.2425 -77.3542 -77.461 -77.5622 -77.6576 -77.7467 -77.8291 -77.9044 -77.9723 -78.0324 -78.0845 -78.1284 -78.1637 -78.1904 -78.2083 -78.2173 -78.2174 -78.2086 -78.1909 -78.1644 -78.1292 -78.0855 -78.0336 -77.9736 -77.9058 -77.8305 -77.7481 -77.6589 -77.5633 -77.4617 -77.3545 -77.2422 -77.1252 -77.0039 -76.879 -76.7509 -76.6202 -76.4874 -76.3532 -76.2182 -76.0831 -75.9486 -75.8155 -75.6846 -75.5567 -75.4328 -75.3138 -75.2007 -75.0943 -74.9957 -74.9059 -74.8257 -74.7559 -74.6972 -74.6502 -74.6154 -74.5928 nan nan nan nan nan nan nan nan nan nan 
nan nan nan nan nan nan nan nan nan nan -74.7728 -74.7839 -74.8072 -74.8425 -74.8893 -74.947 -75.0151 -75.0927 -75.1791 -75.2734 -75.3747 -75.482 -75.5944 -75.7109 -75.8307 -75.9529 -76.0765 -76.2009 -76.3253 -76.449 -76.5713 -76.6915 -76.8092 -76.9236 -77.0343 -77.1408 -77.2426 -77.3391 -77.4301 -77.515 -77.5936 -77.6653 -77.73 -77.7873 -77.8369 -77.8786 -77.9122 -77.9376 -77.9546 -77.9631 -77.9631 -77.9547 -77.9378 -77.9124 -77.8789 -77.8372 -77.7876 -77.7303 -77.6656 -77.5937 -77.515 -77.4298 -77.3385 -77.2414 -77.139 -77.0316 -76.9199 -76.8042 -76.685 -76.5628 -76.4383 -76.312 -76.1845 -76.0565 -75.9286 -75.8017 -75.6765 -75.5539 -75.4346 -75.3196 -75.2099 -75.1063 -75.0099 -74.9216 -74.8423 -74.7727 -74.7135 -74.6654 -74.6287 -74.6036 -74.5898 nan nan nan nan nan nan nan nan nan nan 
nan nan nan nan nan nan nan nan nan nan nan -74.775 -74.7899 -74.8156 -74.852 -74.8991 -74.9564 -75.0233 -75.0991 -75.1831 -75.2743 -75.3719 -75.475 -75.5825 -75.6937 -75.8076 -75.9234 -76.0403 -76.1574 -76.2742 -76.3898 -76.5037 -76.6153 -76.724 -76.8292 -76.9304 -77.0272 -77.1191 -77.2057 -77.2865 -77.3613 -77.4296 -77.4911 -77.5456 -77.5928 -77.6324 -77.6644 -77.6885 -77.7046 -77.7127 -77.7127 -77.7045 -77.6884 -77.6642 -77.6321 -77.5924 -77.5451 -77.4904 -77.4286 -77.3601 -77.285 -77.2037 -77.1165 -77.024 -76.9263 -76.824 -76.7175 -76.6073 -76.4939 -76.3779 -76.2597 -76.14 -76.0194 -75.8986 -75.7783 -75.6592 -75.5422 -75.4281 -75.3177 -75.212 -75.1119 -75.0183 -74.9322 -74.8545 -74.786 -74.7274 -74.6792 -74.642 -74.6159 -74.601 nan nan nan nan nan nan nan nan nan nan nan 
nan nan nan nan nan nan nan nan nan nan nan nan -74.7824 -74.7979 -74.8237 -74.8598 -74.9059 -74.9618 -75.0267 -75.1 -75.1809 -75.2685 -75.3619 -75.4601 -75.5624 -75.6678 -75.7754 -75.8845 -75.9942 -76.1038 -76.2126 -76.3201 -76.4254 -76.5282 -76.6278 -76.7238 -76.8156 -76.9028 -76.985 -77.0618 -77.1328 -77.1977 -77.2561 -77.3079 -77.3527 -77.3904 -77.4207 -77.4436 -77.4589 -77.4665 -77.4664 -77.4586 -77.4431 -77.42 -77.3895 -77.3516 -77.3065 -77.2544 -77.1955 -77.1302 -77.0587 -76.9812 -76.8983 -76.8102 -76.7173 -76.62 -76.5189 -76.4143 -76.3068 -76.1969 -76.0852 -75.9723 -75.8589 -75.7455 -75.633 -75.522 -75.4135 -75.3082 -75.2071 -75.1109 -75.0208 -74.9375 -74.862 -74.7952 -74.7378 -74.6905 -74.6537 -74.6277 -74.6126 nan nan nan nan nan nan nan nan nan nan nan nan 
nan nan nan nan nan nan nan nan nan nan nan nan nan -74.7903 -74.8051 -74.8298 -74.8646 -74.9091 -74.9628 -75.0251 -75.0954 -75.1726 -75.2561 -75.3448 -75.4379 -75.5344 -75.6336 -75.7346 -75.8365 -75.9388 -76.0406 -76.1414 -76.2404 -76.3372 -76.4312 -76.5218 -76.6085 -76.691 -76.7688 -76.8415 -76.9088 -76.9703 -77.0257 -77.0748 -77.1173 -77.153 -77.1817 -77.2033 -77.2178 -77.2249 -77.2248 -77.2173 -77.2025 -77.1805 -77.1514 -77.1153 -77.0724 -77.0228 -76.9668 -76.9047 -76.8367 -76.7632 -76.6844 -76.6007 -76.5126 -76.4205 -76.3248 -76.2259 -76.1244 -76.0209 -75.9159 -75.81 -75.7039 -75.5982 -75.4938 -75.3912 -75.2915 -75.1953 -75.1037 -75.0174 -74.9375 -74.8648 -74.8002 -74.7445 -74.6985 -74.6627 -74.6374 -74.623 nan nan nan nan nan nan nan nan nan nan nan nan nan 
nan nan nan nan nan nan nan nan nan nan nan nan nan nan -74.7967 -74.8099 -74.8331 -74.866 -74.9082 -74.9594 -75.0187 -75.0854 -75.1586 -75.2375 -75.3211 -75.4085 -75.499 -75.5916 -75.6856 -75.7803 -75.8749 -75.9688 -76.0613 -76.1519 -76.2401 -76.3252 -76.4069 -76.4846 -76.5579 -76.6266 -76.6901 -76.7482 -76.8005 -76.8469 -76.8871 -76.9208 -76.948 -76.9684 -76.982 -76.9887 -76.9885 -76.9813 -76.9672 -76.9463 -76.9186 -76.8843 -76.8435 -76.7964 -76.7433 -76.6844 -76.6199 -76.5502 -76.4757 -76.3966 -76.3133 -76.2264 -76.1361 -76.0431 -75.9479 -75.8509 -75.7528 -75.6541 -75.5556 -75.4579 -75.3617 -75.2679 -75.1772 -75.0905 -75.0086 -74.9324 -74.8629 -74.8009 -74.7473 -74.703 -74.6685 -74.6444 -74.6309 nan nan nan nan nan nan nan nan nan nan nan nan nan nan 
nan nan nan nan nan nan nan nan nan nan nan nan nan nan nan -74.8005 -74.8118 -74.8329 -74.8636 -74.9034 -74.9516 -75.0076 -75.0705 -75.1393 -75.2132 -75.2913 -75.3728 -75.4568 -75.5426 -75.6294 -75.7165 -75.8033 -75.8892 -75.9734 -76.0556 -76.1351 -76.2115 -76.2844 -76.3532 -76.4177 -76.4774 -76.5321 -76.5814 -76.6251 -76.6629 -76.6947 -76.7203 -76.7395 -76.7522 -76.7585 -76.7582 -76.7513 -76.7379 -76.718 -76.6917 -76.6592 -76.6205 -76.576 -76.5257 -76.47 -76.4091 -76.3433 -76.273 -76.1985 -76.1202 -76.0386 -75.954 -75.867 -75.7781 -75.6879 -75.5969 -75.5057 -75.4151 -75.3256 -75.238 -75.1532 -75.0718 -74.9947 -74.9227 -74.8568 -74.7978 -74.7466 -74.7041 -74.6712 -74.6483 -74.636 nan nan nan nan nan nan nan nan nan nan nan nan nan nan nan 
nan nan nan nan nan nan nan nan nan nan nan nan nan nan nan nan -74.8012 -74.8104 -74.8294 -74.8578 -74.895 -74.9402 -74.9925 -75.0512 -75.1153 -75.1838 -75.2561 -75.3313 -75.4086 -75.4873 -75.5667 -75.6462 -75.7251 -75.8028 -75.8788 -75.9526 -76.0236 -76.0915 -76.1557 -76.2159 -76.2718 -76.323 -76.3692 -76.4101 -76.4456 -76.4754 -76.4994 -76.5174 -76.5293 -76.5351 -76.5347 -76.5281 -76.5153 -76.4965 -76.4716 -76.4409 -76.4044 -76.3624 -76.315 -76.2625 -76.2052 -76.1434 -76.0775 -76.0076 -75.9344 -75.8582 -75.7795 -75.6987 -75.6164 -75.5331 -75.4494 -75.366 -75.2835 -75.2025 -75.1238 -75.0481 -74.9763 -74.909 -74.8471 -74.7915 -74.7429 -74.7025 -74.671 -74.6493 -74.6381 nan nan nan nan nan nan nan nan nan nan nan nan nan nan nan nan 
nan nan nan nan nan nan nan nan nan nan nan nan nan nan nan nan nan -74.7987 -74.8061 -74.8231 -74.8492 -74.8837 -74.9257 -74.9742 -75.0283 -75.0872 -75.15 -75.2162 -75.2848 -75.3551 -75.4266 -75.4985 -75.5702 -75.6412 -75.7109 -75.7787 -75.8442 -75.9069 -75.9664 -76.0223 -76.0743 -76.1219 -76.1649 -76.2031 -76.2362 -76.264 -76.2863 -76.3031 -76.3141 -76.3194 -76.3189 -76.3126 -76.3006 -76.2828 -76.2593 -76.2304 -76.1961 -76.1566 -76.1121 -76.063 -76.0094 -75.9516 -75.8901 -75.8251 -75.757 -75.6864 -75.6137 -75.5393 -75.4638 -75.3877 -75.3117 -75.2362 -75.1621 -75.0898 -75.0202 -74.9539 -74.8917 -74.8344 -74.7827 -74.7373 -74.699 -74.6689 -74.6481 -74.6376 nan nan nan nan nan nan nan nan nan nan nan nan nan nan nan nan nan 
nan nan nan nan nan nan nan nan nan nan nan nan nan nan nan nan nan nan -74.7935 -74.7994 -74.8147 -74.8388 -74.8708 -74.9092 -74.9533 -75.0024 -75.0558 -75.1127 -75.1724 -75.2342 -75.2975 -75.3616 -75.4259 -75.4899 -75.553 -75.6147 -75.6745 -75.7319 -75.7866 -75.838 -75.8859 -75.9299 -75.9697 -76.0051 -76.0357 -76.0614 -76.0821 -76.0976 -76.1078 -76.1126 -76.112 -76.106 -76.0946 -76.0778 -76.0559 -76.0287 -75.9966 -75.9597 -75.9183 -75.8725 -75.8226 -75.769 -75.712 -75.652 -75.5893 -75.5244 -75.4579 -75.3901 -75.3216 -75.253 -75.1848 -75.1176 -75.052 -74.9888 -74.9284 -74.8717 -74.8192 -74.7719 -74.7303 -74.6951 -74.6664 -74.6461 -74.6355 nan nan nan nan nan nan nan nan nan nan nan nan nan nan nan nan nan nan 
nan nan nan nan nan nan nan nan nan nan nan nan nan nan nan nan nan nan nan -74.7867 -74.7916 -74.8058 -74.8286 -74.8572 -74.8913 -74.9306 -74.9744 -75.022 -75.0726 -75.1257 -75.1806 -75.2367 -75.2934 -75.3502 -75.4065 -75.4619 -75.5158 -75.5678 -75.6174 -75.6643 -75.708 -75.7483 -75.7848 -75.8172 -75.8453 -75.869 -75.888 -75.9022 -75.9115 -75.9158 -75.9151 -75.9094 -75.8986 -75.883 -75.8624 -75.8371 -75.8073 -75.773 -75.7346 -75.6923 -75.6462 -75.5969 -75.5445 -75.4896 -75.4324 -75.3735 -75.3133 -75.2523 -75.191 -75.1301 -75.07 -75.0113 -74.9545 -74.9004 -74.8495 -74.8023 -74.7597 -74.7223 -74.691 -74.6662 -74.6458 -74.634 nan nan nan nan nan nan nan nan nan nan nan nan nan nan nan nan nan nan nan 
nan nan nan nan nan nan nan nan nan nan nan nan nan nan nan nan nan nan nan nan -74.7797 -74.7846 -74.8005 -74.819 -74.843 -74.8726 -74.9069 -74.9451 -74.9866 -75.0308 -75.0771 -75.125 -75.1738 -75.2232 -75.2726 -75.3215 -75.3693 -75.4157 -75.4602 -75.5024 -75.5419 -75.5783 -75.6114 -75.6408 -75.6664 -75.6879 -75.7052 -75.7181 -75.7264 -75.7302 -75.7294 -75.724 -75.7139 -75.6993 -75.6803 -75.6569 -75.6293 -75.5978 -75.5625 -75.5236 -75.4815 -75.4365 -75.389 -75.3392 -75.2877 -75.2348 -75.1811 -75.1271 -75.0733 -75.0203 -74.9685 -74.9184 -74.8707 -74.8259 -74.7844 -74.7468 -74.7139 -74.686 -74.6652 -74.6531 -74.6371 nan nan nan nan nan nan nan nan nan nan nan nan nan nan nan nan nan nan nan nan 
nan nan nan nan nan nan nan nan nan nan nan nan nan nan nan nan nan nan nan nan nan nan -74.7902 -74.7954 -74.8087 -74.8291 -74.854 -74.8831 -74.9154 -74.9506 -74.9882 -75.0276 -75.0685 -75.1103 -75.1525 -75.1947 -75.2364 -75.2771 -75.3163 -75.3537 -75.3888 -75.4213 -75.4509 -75.4773 -75.5003 -75.5196 -75.5351 -75.5466 -75.5541 -75.5573 -75.5564 -75.5512 -75.5419 -75.5284 -75.5109 -75.4894 -75.4641 -75.4353 -75.4032 -75.3679 -75.3299 -75.2893 -75.2466 -75.2021 -75.1564 -75.1097 -75.0627 -75.0159 -74.9697 -74.9247 -74.8813 -74.8402 -74.8017 -74.7662 -74.7343 -74.7061 -74.6827 -74.6629 -74.6511 nan nan nan nan nan nan nan nan nan nan nan nan nan nan nan nan nan nan nan nan nan nan 
nan nan nan nan nan nan nan nan nan nan nan nan nan nan nan nan nan nan nan nan nan nan nan -74.7841 -74.7876 -74.8011 -74.8167 -74.8368 -74.8599 -74.8861 -74.9148 -74.9457 -74.9784 -75.0125 -75.0475 -75.0829 -75.1182 -75.1531 -75.187 -75.2195 -75.2502 -75.2787 -75.3047 -75.328 -75.3483 -75.3654 -75.3791 -75.3893 -75.3957 -75.3985 -75.3974 -75.3926 -75.3839 -75.3716 -75.3555 -75.336 -75.3131 -75.2871 -75.2581 -75.2265 -75.1926 -75.1565 -75.1188 -75.0797 -75.0397 -74.9994 -74.9592 -74.9195 -74.8811 -74.8442 -74.8096 -74.7774 -74.7482 -74.7221 -74.7001 -74.6806 -74.6685 -74.6523 nan nan nan nan nan nan nan nan nan nan nan nan nan nan nan nan nan nan nan nan nan nan nan 
nan nan nan nan nan nan nan nan nan nan nan nan nan nan nan nan nan nan nan nan nan nan nan nan nan -74.7913 -74.795 -74.8073 -74.821 -74.8382 -74.8579 -74.8802 -74.9046 -74.9308 -74.9584 -74.987 -75.016 -75.045 -75.0734 -75.101 -75.1272 -75.1517 -75.1742 -75.1943 -75.2119 -75.2267 -75.2386 -75.2474 -75.2529 -75.2551 -75.254 -75.2494 -75.2415 -75.2302 -75.2157 -75.1981 -75.1776 -75.1544 -75.1287 -75.1008 -75.071 -75.0395 -75.0067 -74.973 -74.939 -74.9049 -74.8714 -74.8391 -74.8084 -74.7798 -74.7539 -74.7307 -74.7114 -74.6939 -74.6837 -74.6681 nan nan nan nan nan nan nan nan nan nan nan nan nan nan nan nan nan nan nan nan nan nan nan nan nan 
nan nan nan nan nan nan nan nan nan nan nan nan nan nan nan nan nan nan nan nan nan nan nan nan nan nan nan -74.7968 -74.7986 -74.8076 -74.8181 -74.8317 -74.8477 -74.866 -74.8862 -74.9079 -74.9306 -74.9537 -74.9768 -74.9995 -75.0213 -75.0417 -75.0605 -75.0775 -75.0924 -75.105 -75.115 -75.1224 -75.127 -75.1287 -75.1274 -75.1232 -75.116 -75.1059 -75.0929 -75.0772 -75.059 -75.0386 -75.0161 -74.992 -74.9664 -74.9395 -74.9117 -74.8833 -74.855 -74.8272 -74.8004 -74.7752 -74.7523 -74.7319 -74.7152 -74.7002 -74.6929 -74.6787 nan nan nan nan nan nan nan nan nan nan nan nan nan nan nan nan nan nan nan nan nan nan nan nan nan nan nan 
nan nan nan nan nan nan nan nan nan nan nan nan nan nan nan nan nan nan nan nan nan nan nan nan nan nan nan nan nan -74.7959 -74.7953 -74.8007 -74.8081 -74.8185 -74.8314 -74.8464 -74.8629 -74.8803 -74.8981 -74.916 -74.9334 -74.9498 -74.965 -74.9787 -74.9909 -75.0013 -75.0096 -75.0157 -75.0193 -75.0204 -75.0191 -75.0152 -75.0088 -74.9998 -74.9883 -74.9745 -74.9585 -74.9408 -74.9215 -74.9012 -74.8799 -74.8576 -74.8346 -74.8113 -74.7887 -74.7672 -74.7467 -74.7282 -74.7132 -74.7001 -74.6951 -74.6824 nan nan nan nan nan nan nan nan nan nan nan nan nan nan nan nan nan nan nan nan nan nan nan nan nan nan nan nan nan 
nan nan nan nan nan nan nan nan nan nan nan nan nan nan nan nan nan nan nan nan nan nan nan nan nan nan nan nan nan nan nan -74.7883 -74.7857 -74.7887 -74.7942 -74.8029 -74.8136 -74.8252 -74.838 -74.8514 -74.8646 -74.877 -74.8885 -74.899 -74.9085 -74.9168 -74.9235 -74.9283 -74.931 -74.9316 -74.9301 -74.9266 -74.9211 -74.9133 -74.9032 -74.8911 -74.8772 -74.8619 -74.8458 -74.8293 -74.8127 -74.795 -74.7764 -74.7577 -74.7404 -74.7257 -74.7107 -74.6976 -74.6927 -74.6806 nan nan nan nan nan nan nan nan nan nan nan nan nan nan nan nan nan nan nan nan nan nan nan nan nan nan nan nan nan nan nan 
nan nan nan nan nan nan nan nan nan nan nan nan nan nan nan nan nan nan nan nan nan nan nan nan nan nan nan nan nan nan nan nan nan -74.7769 -74.774 -74.7778 -74.7832 -74.7887 -74.7968 -74.8063 -74.8159 -74.8243 -74.8317 -74.839 -74.846 -74.8524 -74.8576 -74.8613 -74.8631 -74.863 -74.8612 -74.8585 -74.854 -74.8474 -74.8387 -74.828 -74.8159 -74.8028 -74.7893 -74.7767 -74.7659 -74.7528 -74.7379 -74.7227 -74.7095 -74.7046 -74.6934 -74.6791 nan nan nan nan nan nan nan nan nan nan nan nan nan nan nan nan nan nan nan nan nan nan nan nan nan nan nan nan nan nan nan nan nan 
nan nan nan nan nan nan nan nan nan nan nan nan nan nan nan nan nan nan nan nan nan nan nan nan nan nan nan nan nan nan nan nan nan nan nan nan -74.773 -74.7701 -74.7743 -74.7814 -74.7884 -74.7924 -74.7949 -74.7988 -74.8036 -74.8085 -74.8127 -74.8155 -74.8165 -74.8154 -74.8126 -74.8115 -74.8084 -74.8031 -74.7955 -74.7861 -74.7753 -74.7636 -74.7518 -74.7422 -74.7414 -74.7328 -74.7202 -74.706 -74.6905 nan nan nan nan nan nan nan nan nan nan nan nan nan nan nan nan nan nan nan nan nan nan nan nan nan nan nan nan nan nan nan nan nan nan nan nan 
nan nan nan nan nan nan nan nan nan nan nan nan nan nan nan nan nan nan nan nan nan nan nan nan nan nan nan nan nan nan nan nan nan nan nan nan nan nan nan nan nan -74.7824 -74.7772 -74.778 -74.7814 -74.7855 -74.7893 -74.7917 -74.7922 -74.7897 -74.7825 -74.7864 -74.7854 -74.7812 -74.7745 -74.766 -74.7559 -74.7447 -74.7327 -74.719 nan nan nan nan nan nan nan nan nan nan nan nan nan nan nan nan nan nan nan nan nan nan nan nan nan nan nan nan nan nan nan nan nan nan nan nan nan nan nan nan nan 
nan nan nan nan nan nan nan nan nan nan nan nan nan nan nan nan nan nan nan nan nan nan nan nan nan nan nan nan nan nan nan nan nan nan nan nan nan nan nan nan nan nan nan nan nan nan nan nan nan nan -74.7618 nan nan nan nan nan nan nan nan nan nan nan nan nan nan nan nan nan nan nan nan nan nan nan nan nan nan nan nan nan nan nan nan nan nan nan nan nan nan nan nan nan nan nan nan nan nan nan nan nan nan 
