nan nan nan nan nan nan nan nan nan nan nan nan nan nan nan nan nan nan nan nan nan nan nan nan nan nan nan nan nan nan nan nan nan nan nan nan nan nan nan nan nan nan nan nan nan nan nan nan nan nan -4.29521 nan nan nan nan nan nan nan nan nan nan nan nan nan nan nan nan nan nan nan nan nan nan nan nan nan nan nan nan nan nan nan nan nan nan nan nan nan nan nan nan nan nan nan nan nan nan nan nan nan nan 
nan nan nan nan nan nan nan nan nan nan nan nan nan nan nan nan nan nan nan nan nan nan nan nan nan nan nan nan nan nan nan nan nan nan nan nan nan nan nan nan nan -4.2843 -4.29265 -4.29673 -4.29882 -4.29978 -4.3 -4.29968 -4.29893 -4.29782 -4.29635 -4.2955 -4.29446 -4.29343 -4.29257 -4.29207 -4.29221 -4.29346 -4.2968 -4.30468 nan nan nan nan nan nan nan nan nan nan nan nan nan nan nan nan nan nan nan nan nan nan nan nan nan nan nan nan nan nan nan nan nan nan nan nan nan nan nan nan nan 
nan nan nan nan nan nan nan nan nan nan nan nan nan nan nan nan nan nan nan nan nan nan nan nan nan nan nan nan nan nan nan nan nan nan nan nan -4.28568 -4.294 -4.29778 -4.29887 -4.29761 -4.29315 -4.29481 -4.29695 -4.29854 -4.29949 -4.2999 -4.29985 -4.29943 -4.29873 -4.29785 -4.29705 -4.29623 -4.29545 -4.2948 -4.29444 -4.29451 -4.29518 -4.29649 -4.29754 -4.29281 -4.29065 -4.29063 -4.29337 -4.30101 nan nan nan nan nan nan nan nan nan nan nan nan nan nan nan nan nan nan nan nan nan nan nan nan nan nan nan nan nan nan nan nan nan nan nan nan 
nan nan nan nan nan nan nan nan nan nan nan nan nan nan nan nan nan nan nan nan nan nan nan nan nan nan nan nan nan nan nan nan nan -4.28441 -4.29215 -4.29443 -4.29204 -4.29445 -4.29667 -4.29777 -4.29766 -4.29678 -4.29747 -4.29872 -4.29989 -4.30074 -4.30122 -4.30136 -4.30119 -4.30078 -4.3002 -4.29958 -4.29892 -4.29828 -4.29772 -4.29733 -4.29718 -4.29727 -4.29744 -4.29711 -4.29523 -4.29391 -4.2937 -4.29469 -4.29615 -4.29323 -4.2947 -4.30183 nan nan nan nan nan nan nan nan nan nan nan nan nan nan nan nan nan nan nan nan nan nan nan nan nan nan nan nan nan nan nan nan nan 
nan nan nan nan nan nan nan nan nan nan nan nan nan nan nan nan nan nan nan nan nan nan nan nan nan nan nan nan nan nan nan -4.28453 -4.29075 -4.28977 -4.29229 -4.29402 -4.29457 -4.29608 -4.29768 -4.29884 -4.29946 -4.2998 -4.30055 -4.30154 -4.30253 -4.30332 -4.30386 -4.30413 -4.30414 -4.30393 -4.30356 -4.30309 -4.30254 -4.30198 -4.30143 -4.30096 -4.30057 -4.30025 -4.29987 -4.29919 -4.29804 -4.29705 -4.29655 -4.29654 -4.29661 -4.29589 -4.29644 -4.29806 -4.29671 -4.30245 nan nan nan nan nan nan nan nan nan nan nan nan nan nan nan nan nan nan nan nan nan nan nan nan nan nan nan nan nan nan nan 
nan nan nan nan nan nan nan nan nan nan nan nan nan nan nan nan nan nan nan nan nan nan nan nan nan nan nan nan nan -4.28693 -4.29247 -4.29028 -4.29174 -4.29258 -4.29421 -4.2958 -4.29711 -4.29861 -4.30012 -4.30143 -4.30248 -4.30337 -4.30434 -4.30535 -4.30631 -4.30712 -4.30773 -4.30811 -4.30825 -4.3082 -4.30797 -4.3076 -4.30713 -4.3066 -4.30603 -4.30544 -4.30486 -4.30425 -4.30355 -4.30269 -4.30165 -4.30066 -4.29987 -4.29931 -4.29881 -4.29826 -4.2981 -4.29823 -4.29787 -4.29839 -4.29571 -4.30065 nan nan nan nan nan nan nan nan nan nan nan nan nan nan nan nan nan nan nan nan nan nan nan nan nan nan nan nan nan 
nan nan nan nan nan nan nan nan nan nan nan nan nan nan nan nan nan nan nan nan nan nan nan nan nan nan nan -4.28967 -4.29488 -4.29219 -4.29312 -4.29329 -4.29433 -4.29558 -4.29715 -4.29881 -4.30044 -4.3021 -4.30373 -4.30524 -4.3066 -4.30784 -4.30902 -4.31015 -4.31119 -4.31207 -4.31277 -4.31325 -4.31351 -4.31357 -4.31344 -4.31315 -4.31272 -4.31219 -4.31156 -4.31087 -4.31011 -4.30928 -4.30835 -4.3073 -4.30615 -4.30501 -4.30394 -4.30296 -4.30205 -4.30119 -4.30047 -4.29985 -4.29913 -4.29846 -4.2972 -4.29693 -4.29346 -4.29786 nan nan nan nan nan nan nan nan nan nan nan nan nan nan nan nan nan nan nan nan nan nan nan nan nan nan nan 
nan nan nan nan nan nan nan nan nan nan nan nan nan nan nan nan nan nan nan nan nan nan nan nan nan -4.29155 -4.29672 -4.29406 -4.29485 -4.29477 -4.2955 -4.29639 -4.29768 -4.29922 -4.30096 -4.30281 -4.30469 -4.30657 -4.30841 -4.31015 -4.31178 -4.31329 -4.31469 -4.31599 -4.31715 -4.31815 -4.31895 -4.31953 -4.3199 -4.32005 -4.31999 -4.31975 -4.31934 -4.31879 -4.31809 -4.31729 -4.31637 -4.31534 -4.31419 -4.31294 -4.3116 -4.31022 -4.30885 -4.30751 -4.3062 -4.30493 -4.30372 -4.30253 -4.30132 -4.30007 -4.29867 -4.29736 -4.29552 -4.29482 -4.29105 -4.29524 nan nan nan nan nan nan nan nan nan nan nan nan nan nan nan nan nan nan nan nan nan nan nan nan nan 
nan nan nan nan nan nan nan nan nan nan nan nan nan nan nan nan nan nan nan nan nan nan nan -4.29091 -4.29667 -4.29473 -4.29584 -4.29591 -4.29666 -4.29749 -4.29865 -4.30006 -4.30172 -4.30359 -4.30562 -4.30774 -4.30988 -4.31202 -4.31411 -4.31612 -4.31801 -4.31977 -4.3214 -4.32288 -4.3242 -4.32533 -4.32625 -4.32694 -4.3274 -4.32763 -4.32764 -4.32743 -4.32702 -4.32642 -4.32565 -4.32472 -4.32365 -4.32242 -4.32107 -4.31959 -4.31801 -4.31636 -4.31467 -4.31297 -4.31126 -4.30956 -4.30788 -4.3062 -4.30451 -4.30279 -4.30102 -4.29925 -4.29741 -4.29579 -4.29382 -4.29324 -4.29003 -4.29479 nan nan nan nan nan nan nan nan nan nan nan nan nan nan nan nan nan nan nan nan nan nan nan 
nan nan nan nan nan nan nan nan nan nan nan nan nan nan nan nan nan nan nan nan nan nan -4.28985 -4.29226 -4.29493 -4.2958 -4.29698 -4.29806 -4.29935 -4.30082 -4.30252 -4.30441 -4.3065 -4.30876 -4.31112 -4.31356 -4.31601 -4.31845 -4.32083 -4.32311 -4.32527 -4.32729 -4.32916 -4.33085 -4.33234 -4.33362 -4.33467 -4.33548 -4.33604 -4.33634 -4.33639 -4.33619 -4.33577 -4.33512 -4.33426 -4.3332 -4.33196 -4.33055 -4.32897 -4.32724 -4.32539 -4.32345 -4.32143 -4.31935 -4.31725 -4.31512 -4.31298 -4.31083 -4.30866 -4.30649 -4.30431 -4.30216 -4.30004 -4.29805 -4.29618 -4.2948 -4.29355 -4.29463 -4.29624 nan nan nan nan nan nan nan nan nan nan nan nan nan nan nan nan nan nan nan nan nan nan 
nan nan nan nan nan nan nan nan nan nan nan nan nan nan nan nan nan nan nan nan -4.29166 -4.29681 -4.29377 -4.29433 -4.29598 -4.29753 -4.2992 -4.30093 -4.30283 -4.30488 -4.30711 -4.30951 -4.31206 -4.31473 -4.31748 -4.32028 -4.32308 -4.32585 -4.32854 -4.33112 -4.33358 -4.33587 -4.33798 -4.33989 -4.34158 -4.34303 -4.34422 -4.34514 -4.34579 -4.34616 -4.34625 -4.34606 -4.34561 -4.3449 -4.34394 -4.34275 -4.34133 -4.33971 -4.3379 -4.33591 -4.33378 -4.33151 -4.32914 -4.32668 -4.32416 -4.3216 -4.319 -4.31639 -4.31376 -4.31114 -4.30853 -4.30597 -4.30349 -4.30115 -4.29901 -4.2972 -4.29574 -4.29492 -4.29364 -4.28927 -4.29338 nan nan nan nan nan nan nan nan nan nan nan nan nan nan nan nan nan nan nan nan 
nan nan nan nan nan nan nan nan nan nan nan nan nan nan nan nan nan nan nan -4.28888 -4.29161 -4.29432 -4.29503 -4.2963 -4.2981 -4.30011 -4.30229 -4.30461 -4.30708 -4.3097 -4.31247 -4.31538 -4.3184 -4.32152 -4.3247 -4.3279 -4.33108 -4.33421 -4.33725 -4.34016 -4.34292 -4.3455 -4.34787 -4.35002 -4.35191 -4.35354 -4.35489 -4.35594 -4.35668 -4.35711 -4.35724 -4.35705 -4.35656 -4.35577 -4.35471 -4.35337 -4.35177 -4.34993 -4.34787 -4.34561 -4.34316 -4.34055 -4.33781 -4.33496 -4.33203 -4.32902 -4.32596 -4.32288 -4.31978 -4.31669 -4.31363 -4.31064 -4.30774 -4.305 -4.30247 -4.30021 -4.29826 -4.29664 -4.29507 -4.2935 -4.29458 -4.29656 nan nan nan nan nan nan nan nan nan nan nan nan nan nan nan nan nan nan nan 
nan nan nan nan nan nan nan nan nan nan nan nan nan nan nan nan nan nan -4.28891 -4.29044 -4.29258 -4.29484 -4.29668 -4.29868 -4.30097 -4.30349 -4.3062 -4.30907 -4.3121 -4.31528 -4.3186 -4.32203 -4.32556 -4.32916 -4.33279 -4.33642 -4.34002 -4.34354 -4.34694 -4.35021 -4.3533 -4.35618 -4.35884 -4.36124 -4.36336 -4.36518 -4.36669 -4.36787 -4.36871 -4.36921 -4.36936 -4.36916 -4.36863 -4.36776 -4.36658 -4.36508 -4.36329 -4.36122 -4.3589 -4.35634 -4.35356 -4.3506 -4.34747 -4.34421 -4.34084 -4.33737 -4.33385 -4.33028 -4.3267 -4.32312 -4.31959 -4.31613 -4.31277 -4.30958 -4.30659 -4.30385 -4.30141 -4.29928 -4.29745 -4.2961 -4.29588 -4.29638 -4.29721 nan nan nan nan nan nan nan nan nan nan nan nan nan nan nan nan nan nan 
nan nan nan nan nan nan nan nan nan nan nan nan nan nan nan nan nan -4.29012 -4.29087 -4.29237 -4.29442 -4.29675 -4.29916 -4.30174 -4.30457 -4.30762 -4.31087 -4.31431 -4.31791 -4.32165 -4.32552 -4.3295 -4.33355 -4.33765 -4.34176 -4.34585 -4.34989 -4.35383 -4.35764 -4.36128 -4.36472 -4.36793 -4.37089 -4.37356 -4.37592 -4.37794 -4.37963 -4.38094 -4.38189 -4.38245 -4.38263 -4.38242 -4.38184 -4.38088 -4.37956 -4.3779 -4.3759 -4.37358 -4.37098 -4.3681 -4.36498 -4.36165 -4.35812 -4.35442 -4.3506 -4.34666 -4.34265 -4.33858 -4.33449 -4.33041 -4.32637 -4.32241 -4.31857 -4.31488 -4.31139 -4.30815 -4.3052 -4.30257 -4.30031 -4.29854 -4.29744 -4.29688 -4.29668 -4.29667 nan nan nan nan nan nan nan nan nan nan nan nan nan nan nan nan nan 
nan nan nan nan nan nan nan nan nan nan nan nan nan nan nan nan -4.29184 -4.29205 -4.29305 -4.29473 -4.29695 -4.29954 -4.3024 -4.30552 -4.30888 -4.31248 -4.31629 -4.32029 -4.32447 -4.32879 -4.33323 -4.33776 -4.34236 -4.34698 -4.35161 -4.35619 -4.36069 -4.36508 -4.36932 -4.37336 -4.37718 -4.38075 -4.38402 -4.38698 -4.38959 -4.39184 -4.39371 -4.39517 -4.39622 -4.39685 -4.39706 -4.39684 -4.39619 -4.39514 -4.39368 -4.39183 -4.38961 -4.38703 -4.38413 -4.38092 -4.37744 -4.3737 -4.36975 -4.3656 -4.3613 -4.35688 -4.35235 -4.34777 -4.34315 -4.33854 -4.33397 -4.32948 -4.32511 -4.32089 -4.31687 -4.3131 -4.30961 -4.30644 -4.30365 -4.30129 -4.29942 -4.298 -4.29692 -4.29608 -4.29539 nan nan nan nan nan nan nan nan nan nan nan nan nan nan nan nan 
nan nan nan nan nan nan nan nan nan nan nan nan nan nan nan -4.2937 -4.29351 -4.29414 -4.2955 -4.29751 -4.30005 -4.30303 -4.30635 -4.30998 -4.31388 -4.31804 -4.32243 -4.32702 -4.33178 -4.33669 -4.34171 -4.34682 -4.35199 -4.35717 -4.36233 -4.36743 -4.37243 -4.3773 -4.38199 -4.38647 -4.39069 -4.39463 -4.39825 -4.40151 -4.4044 -4.40688 -4.40894 -4.41056 -4.41173 -4.41243 -4.41266 -4.41242 -4.41171 -4.41055 -4.40893 -4.40689 -4.40443 -4.40158 -4.39836 -4.3948 -4.39093 -4.38677 -4.38237 -4.37775 -4.37296 -4.36801 -4.36296 -4.35783 -4.35267 -4.3475 -4.34237 -4.33732 -4.33238 -4.3276 -4.32302 -4.31868 -4.31462 -4.31088 -4.30749 -4.3045 -4.30193 -4.29974 -4.2979 -4.29632 -4.29494 -4.2937 nan nan nan nan nan nan nan nan nan nan nan nan nan nan nan 
nan nan nan nan nan nan nan nan nan nan nan nan nan nan -4.29539 -4.29494 -4.29531 -4.29644 -4.29827 -4.3007 -4.30368 -4.3071 -4.31092 -4.31508 -4.31955 -4.32428 -4.32926 -4.33445 -4.33982 -4.34534 -4.35097 -4.35668 -4.36244 -4.3682 -4.37392 -4.37957 -4.38511 -4.39048 -4.39566 -4.40059 -4.40524 -4.40958 -4.41356 -4.41716 -4.42034 -4.42307 -4.42534 -4.42712 -4.42841 -4.42918 -4.42944 -4.42918 -4.4284 -4.42712 -4.42534 -4.42309 -4.42037 -4.41723 -4.41367 -4.40973 -4.40545 -4.40086 -4.39598 -4.39087 -4.38555 -4.38007 -4.37446 -4.36876 -4.36302 -4.35726 -4.35155 -4.3459 -4.34038 -4.335 -4.32983 -4.32489 -4.32023 -4.31588 -4.31188 -4.30824 -4.30499 -4.3021 -4.29956 -4.29731 -4.29531 -4.29351 -4.29184 nan nan nan nan nan nan nan nan nan nan nan nan nan nan 
nan nan nan nan nan nan nan nan nan nan nan nan nan -4.29667 -4.29608 -4.29632 -4.29731 -4.29901 -4.30136 -4.30431 -4.30778 -4.31172 -4.31608 -4.3208 -4.32584 -4.33118 -4.33677 -4.34258 -4.34858 -4.35472 -4.36098 -4.36732 -4.37369 -4.38006 -4.38638 -4.39261 -4.3987 -4.40462 -4.41031 -4.41573 -4.42084 -4.4256 -4.42998 -4.43392 -4.43741 -4.44042 -4.44291 -4.44487 -4.44628 -4.44713 -4.44741 -4.44713 -4.44628 -4.44487 -4.44291 -4.44043 -4.43745 -4.43399 -4.43007 -4.42574 -4.42102 -4.41596 -4.41058 -4.40494 -4.39908 -4.39302 -4.38683 -4.38054 -4.37419 -4.36782 -4.36149 -4.35522 -4.34907 -4.34308 -4.33728 -4.33172 -4.32644 -4.32146 -4.31681 -4.31253 -4.30862 -4.30507 -4.30188 -4.29901 -4.29644 -4.29414 -4.29205 -4.29012 nan nan nan nan nan nan nan nan nan nan nan nan nan 
nan nan nan nan nan nan nan nan nan nan nan nan -4.29721 -4.29668 -4.29692 -4.2979 -4.29956 -4.30188 -4.30481 -4.30832 -4.31234 -4.31685 -4.32177 -4.32708 -4.33274 -4.33869 -4.34492 -4.35137 -4.35802 -4.36482 -4.37174 -4.37873 -4.38575 -4.39275 -4.3997 -4.40654 -4.41322 -4.41971 -4.42594 -4.43188 -4.43749 -4.4427 -4.44749 -4.45182 -4.45564 -4.45893 -4.46166 -4.46381 -4.46536 -4.46629 -4.4666 -4.46628 -4.46535 -4.46381 -4.46166 -4.45894 -4.45567 -4.45186 -4.44757 -4.44281 -4.43763 -4.43207 -4.42617 -4.41997 -4.41353 -4.40688 -4.40007 -4.39315 -4.38616 -4.37915 -4.37217 -4.36526 -4.35846 -4.35181 -4.34537 -4.33916 -4.33322 -4.3276 -4.3223 -4.31737 -4.31281 -4.30862 -4.30481 -4.30136 -4.29827 -4.2955 -4.29305 -4.29087 -4.28891 nan nan nan nan nan nan nan nan nan nan nan nan 
nan nan nan nan nan nan nan nan nan nan nan -4.29656 -4.29638 -4.29688 -4.298 -4.29974 -4.3021 -4.30507 -4.30862 -4.31273 -4.31735 -4.32245 -4.32798 -4.33391 -4.3402 -4.34681 -4.35369 -4.36081 -4.36814 -4.37562 -4.38321 -4.39088 -4.39858 -4.40625 -4.41385 -4.42134 -4.42865 -4.43574 -4.44256 -4.44905 -4.45517 -4.46087 -4.46611 -4.47084 -4.47502 -4.47862 -4.4816 -4.48395 -4.48564 -4.48666 -4.487 -4.48666 -4.48564 -4.48394 -4.4816 -4.47862 -4.47503 -4.47087 -4.46616 -4.46095 -4.45528 -4.44919 -4.44273 -4.43595 -4.4289 -4.42162 -4.41416 -4.40658 -4.39892 -4.39124 -4.38358 -4.37598 -4.3685 -4.36118 -4.35406 -4.34718 -4.34058 -4.33429 -4.32833 -4.32275 -4.31754 -4.31273 -4.30832 -4.30431 -4.3007 -4.29751 -4.29473 -4.29237 -4.29044 -4.28888 nan nan nan nan nan nan nan nan nan nan nan 
nan nan nan nan nan nan nan nan nan nan -4.29338 -4.29458 -4.29588 -4.29744 -4.29942 -4.30193 -4.30499 -4.30862 -4.31281 -4.31754 -4.32279 -4.32851 -4.33468 -4.34126 -4.34821 -4.35548 -4.36305 -4.37087 -4.37889 -4.38708 -4.39539 -4.40377 -4.41217 -4.42055 -4.42884 -4.437 -4.44498 -4.45271 -4.46014 -4.46722 -4.4739 -4.48012 -4.48583 -4.49099 -4.49555 -4.49948 -4.50275 -4.50531 -4.50716 -4.50827 -4.50864 -4.50826 -4.50715 -4.50529 -4.50273 -4.49947 -4.49555 -4.491 -4.48586 -4.48017 -4.47397 -4.46732 -4.46027 -4.45287 -4.44517 -4.43722 -4.42909 -4.42081 -4.41245 -4.40406 -4.39569 -4.38739 -4.3792 -4.37117 -4.36335 -4.35577 -4.34848 -4.34151 -4.33489 -4.32864 -4.32279 -4.31735 -4.31234 -4.30778 -4.30368 -4.30005 -4.29695 -4.29442 -4.29258 -4.29161 -4.29166 nan nan nan nan nan nan nan nan nan nan 
nan nan nan nan nan nan nan nan nan nan -4.28927 -4.2935 -4.2961 -4.29854 -4.30129 -4.3045 -4.30824 -4.31253 -4.31737 -4.32275 -4.32864 -4.33501 -4.34185 -4.34909 -4.35673 -4.3647 -4.37298 -4.38151 -4.39027 -4.39919 -4.40824 -4.41736 -4.4265 -4.43561 -4.44464 -4.45351 -4.46219 -4.4706 -4.47869 -4.48639 -4.49366 -4.50044 -4.50666 -4.51228 -4.51726 -4.52154 -4.5251 -4.5279 -4.52991 -4.53113 -4.53153 -4.53112 -4.52989 -4.52787 -4.52507 -4.52151 -4.51723 -4.51226 -4.50665 -4.50045 -4.4937 -4.48645 -4.47877 -4.47071 -4.46233 -4.45368 -4.44483 -4.43582 -4.42673 -4.4176 -4.40848 -4.39944 -4.39051 -4.38175 -4.3732 -4.36491 -4.35691 -4.34924 -4.34193 -4.33501 -4.32851 -4.32245 -4.31685 -4.31172 -4.3071 -4.30303 -4.29954 -4.29675 -4.29484 -4.29432 -4.29681 nan nan nan nan nan nan nan nan nan nan 
nan nan nan nan nan nan nan nan nan -4.29624 -4.29364 -4.29507 -4.29745 -4.30031 -4.30365 -4.30749 -4.31188 -4.31681 -4.3223 -4.32833 -4.33489 -4.34193 -4.34944 -4.35739 -4.36573 -4.37442 -4.38343 -4.39271 -4.40222 -4.41191 -4.42173 -4.43163 -4.44155 -4.45143 -4.46122 -4.47085 -4.48027 -4.4894 -4.49818 -4.50656 -4.51446 -4.52182 -4.52859 -4.53471 -4.54013 -4.5448 -4.54867 -4.55172 -4.55392 -4.55524 -4.55568 -4.55523 -4.55389 -4.55168 -4.54862 -4.54474 -4.54008 -4.53467 -4.52856 -4.5218 -4.51445 -4.50658 -4.49822 -4.48947 -4.48036 -4.47097 -4.46136 -4.45159 -4.44172 -4.43181 -4.42192 -4.41211 -4.40241 -4.39289 -4.3836 -4.37456 -4.36584 -4.35745 -4.34944 -4.34185 -4.33468 -4.32798 -4.32177 -4.31608 -4.31092 -4.30635 -4.3024 -4.29916 -4.29668 -4.29503 -4.29377 -4.28985 nan nan nan nan nan nan nan nan nan 
nan nan nan nan nan nan nan nan -4.29479 -4.29463 -4.29492 -4.29664 -4.29928 -4.30257 -4.30644 -4.31088 -4.31588 -4.32146 -4.3276 -4.33429 -4.34151 -4.34924 -4.35745 -4.36611 -4.37517 -4.38461 -4.39438 -4.40444 -4.41474 -4.42522 -4.43584 -4.44655 -4.45728 -4.46797 -4.47857 -4.48899 -4.49919 -4.50909 -4.51861 -4.5277 -4.53627 -4.54427 -4.55163 -4.55829 -4.56418 -4.56926 -4.57348 -4.5768 -4.57919 -4.58063 -4.5811 -4.58061 -4.57915 -4.57674 -4.57341 -4.56918 -4.5641 -4.55821 -4.55156 -4.54421 -4.53623 -4.52767 -4.51861 -4.50911 -4.49924 -4.48907 -4.47866 -4.46808 -4.45741 -4.44669 -4.43599 -4.42536 -4.41487 -4.40457 -4.39449 -4.3847 -4.37522 -4.36611 -4.35739 -4.34909 -4.34126 -4.33391 -4.32708 -4.3208 -4.31508 -4.30998 -4.30552 -4.30174 -4.29868 -4.2963 -4.29433 -4.29226 -4.29091 nan nan nan nan nan nan nan nan 
nan nan nan nan nan nan nan nan -4.29003 -4.29355 -4.29574 -4.29826 -4.30141 -4.3052 -4.30961 -4.31462 -4.32023 -4.32644 -4.33322 -4.34058 -4.34848 -4.35691 -4.36584 -4.37522 -4.38504 -4.39524 -4.4058 -4.41665 -4.42776 -4.43907 -4.45053 -4.46208 -4.47366 -4.4852 -4.49664 -4.50791 -4.51894 -4.52964 -4.53996 -4.5498 -4.5591 -4.56778 -4.57577 -4.583 -4.58941 -4.59493 -4.59952 -4.60314 -4.60574 -4.60731 -4.60782 -4.60728 -4.60569 -4.60306 -4.59943 -4.59483 -4.58929 -4.58289 -4.57566 -4.56768 -4.55902 -4.54974 -4.53992 -4.52963 -4.51895 -4.50794 -4.4967 -4.48527 -4.47375 -4.46218 -4.45063 -4.43918 -4.42786 -4.41674 -4.40586 -4.39528 -4.38504 -4.37517 -4.36573 -4.35673 -4.34821 -4.3402 -4.33274 -4.32584 -4.31955 -4.31388 -4.30888 -4.30457 -4.30097 -4.2981 -4.29598 -4.29493 -4.29667 nan nan nan nan nan nan nan nan 
nan nan nan nan nan nan nan -4.29524 -4.29324 -4.2948 -4.2972 -4.30021 -4.30385 -4.30815 -4.3131 -4.31868 -4.32489 -4.33172 -4.33916 -4.34718 -4.35577 -4.36491 -4.37456 -4.3847 -4.39528 -4.40627 -4.41763 -4.42931 -4.44126 -4.45343 -4.46576 -4.47819 -4.49066 -4.50309 -4.51542 -4.52758 -4.53948 -4.55104 -4.56219 -4.57285 -4.58292 -4.59233 -4.601 -4.60885 -4.61582 -4.62182 -4.62682 -4.63075 -4.63359 -4.63529 -4.63585 -4.63526 -4.63352 -4.63066 -4.6267 -4.62169 -4.61567 -4.60871 -4.60086 -4.5922 -4.5828 -4.57275 -4.56212 -4.55099 -4.53945 -4.52757 -4.51544 -4.50313 -4.49071 -4.47825 -4.46583 -4.4535 -4.44133 -4.42936 -4.41766 -4.40627 -4.39524 -4.38461 -4.37442 -4.3647 -4.35548 -4.34681 -4.33869 -4.33118 -4.32428 -4.31804 -4.31248 -4.30762 -4.30349 -4.30011 -4.29753 -4.2958 -4.29473 -4.29155 nan nan nan nan nan nan nan 
nan nan nan nan nan nan nan -4.29105 -4.29382 -4.29618 -4.29901 -4.30247 -4.30659 -4.31139 -4.31687 -4.32302 -4.32983 -4.33728 -4.34537 -4.35406 -4.36335 -4.3732 -4.3836 -4.39449 -4.40586 -4.41766 -4.42985 -4.44238 -4.4552 -4.46825 -4.48148 -4.49483 -4.50822 -4.52159 -4.53486 -4.54795 -4.56078 -4.57326 -4.5853 -4.59682 -4.60772 -4.61792 -4.62732 -4.63584 -4.64341 -4.64994 -4.65537 -4.65966 -4.66274 -4.6646 -4.6652 -4.66455 -4.66266 -4.65954 -4.65523 -4.64977 -4.64323 -4.63566 -4.62714 -4.61775 -4.60757 -4.59668 -4.58519 -4.57317 -4.56072 -4.54791 -4.53485 -4.5216 -4.50825 -4.49487 -4.48153 -4.46829 -4.45523 -4.4424 -4.42985 -4.41763 -4.4058 -4.39438 -4.38343 -4.37298 -4.36305 -4.35369 -4.34492 -4.33677 -4.32926 -4.32243 -4.31629 -4.31087 -4.3062 -4.30229 -4.2992 -4.29698 -4.29584 -4.29672 nan nan nan nan nan nan nan 
nan nan nan nan nan nan -4.29786 -4.29482 -4.29579 -4.29805 -4.30115 -4.305 -4.30958 -4.31488 -4.32089 -4.3276 -4.335 -4.34308 -4.35181 -4.36118 -4.37117 -4.38175 -4.39289 -4.40457 -4.41674 -4.42936 -4.4424 -4.4558 -4.46952 -4.48349 -4.49766 -4.51196 -4.52632 -4.54066 -4.55492 -4.56899 -4.5828 -4.59625 -4.60924 -4.62169 -4.63348 -4.64452 -4.65472 -4.66397 -4.67218 -4.67929 -4.6852 -4.68986 -4.69322 -4.69524 -4.6959 -4.69519 -4.69312 -4.68972 -4.68502 -4.67908 -4.67197 -4.66374 -4.65449 -4.64431 -4.63329 -4.62152 -4.6091 -4.59613 -4.58271 -4.56893 -4.55488 -4.54065 -4.52632 -4.51197 -4.49768 -4.48351 -4.46953 -4.4558 -4.44238 -4.42931 -4.41665 -4.40444 -4.39271 -4.38151 -4.37087 -4.36081 -4.35137 -4.34258 -4.33445 -4.32702 -4.32029 -4.31431 -4.30907 -4.30461 -4.30093 -4.29806 -4.29591 -4.29406 -4.28967 nan nan nan nan nan nan 
nan nan nan nan nan nan -4.29346 -4.29552 -4.29741 -4.30004 -4.30349 -4.30774 -4.31277 -4.31857 -4.32511 -4.33238 -4.34038 -4.34907 -4.35846 -4.3685 -4.3792 -4.39051 -4.40241 -4.41487 -4.42786 -4.44133 -4.45523 -4.46953 -4.48417 -4.49909 -4.51422 -4.52951 -4.54488 -4.56025 -4.57554 -4.59065 -4.6055 -4.61998 -4.63399 -4.64742 -4.66017 -4.67212 -4.68317 -4.69321 -4.70214 -4.70986 -4.7163 -4.72138 -4.72504 -4.72724 -4.72796 -4.72718 -4.72492 -4.72121 -4.71609 -4.70962 -4.70188 -4.69294 -4.68291 -4.67187 -4.65994 -4.64721 -4.63381 -4.61983 -4.60539 -4.59057 -4.57548 -4.56022 -4.54487 -4.52951 -4.51423 -4.49909 -4.48417 -4.46952 -4.4552 -4.44126 -4.42776 -4.41474 -4.40222 -4.39027 -4.37889 -4.36814 -4.35802 -4.34858 -4.33982 -4.33178 -4.32447 -4.31791 -4.3121 -4.30708 -4.30283 -4.29935 -4.29666 -4.29485 -4.29488 nan nan nan nan nan nan 
nan nan nan nan nan -4.30065 -4.29693 -4.29736 -4.29925 -4.30216 -4.30597 -4.31064 -4.31613 -4.32241 -4.32948 -4.33732 -4.3459 -4.35522 -4.36526 -4.37598 -4.38739 -4.39944 -4.41211 -4.42536 -4.43918 -4.4535 -4.46829 -4.48351 -4.49909 -4.51499 -4.53113 -4.54744 -4.56386 -4.5803 -4.59667 -4.61288 -4.62882 -4.64439 -4.65948 -4.67398 -4.68775 -4.70069 -4.71267 -4.72356 -4.73327 -4.74168 -4.74869 -4.75422 -4.75821 -4.76061 -4.76139 -4.76054 -4.75808 -4.75402 -4.74844 -4.74139 -4.73297 -4.72325 -4.71236 -4.7004 -4.68749 -4.67374 -4.65928 -4.64423 -4.62869 -4.61278 -4.5966 -4.58026 -4.56384 -4.54744 -4.53113 -4.51499 -4.49909 -4.48349 -4.46825 -4.45343 -4.43907 -4.42522 -4.41191 -4.39919 -4.38708 -4.37562 -4.36482 -4.35472 -4.34534 -4.33669 -4.32879 -4.32165 -4.31528 -4.3097 -4.30488 -4.30082 -4.29749 -4.29477 -4.29219 -4.28693 nan nan nan nan nan 
nan nan nan nan nan -4.29571 -4.2972 -4.29867 -4.30102 -4.30431 -4.30853 -4.31363 -4.31959 -4.32637 -4.33397 -4.34237 -4.35155 -4.36149 -4.37217 -4.38358 -4.39569 -4.40848 -4.42192 -4.43599 -4.45063 -4.46583 -4.48153 -4.49768 -4.51423 -4.53113 -4.5483 -4.56568 -4.58319 -4.60074 -4.61824 -4.6356 -4.6527 -4.66944 -4.68568 -4.70131 -4.71619 -4.73019 -4.74318 -4.75501 -4.76556 -4.77472 -4.78236 -4.7884 -4.79276 -4.79538 -4.79623 -4.7953 -4.7926 -4.78817 -4.78207 -4.77439 -4.76521 -4.75465 -4.74283 -4.72986 -4.71589 -4.70105 -4.68546 -4.66926 -4.65256 -4.6355 -4.61817 -4.6007 -4.58317 -4.56567 -4.5483 -4.53113 -4.51422 -4.49766 -4.48148 -4.46576 -4.45053 -4.43584 -4.42173 -4.40824 -4.39539 -4.38321 -4.37174 -4.36098 -4.35097 -4.34171 -4.33323 -4.32552 -4.3186 -4.31247 -4.30711 -4.30252 -4.29865 -4.2955 -4.29312 -4.29247 nan nan nan nan nan 
nan nan nan nan -4.30245 -4.29839 -4.29846 -4.30007 -4.30279 -4.30649 -4.31114 -4.31669 -4.32312 -4.33041 -4.33854 -4.3475 -4.35726 -4.36782 -4.37915 -4.39124 -4.40406 -4.4176 -4.43181 -4.44669 -4.46218 -4.47825 -4.49487 -4.51197 -4.52951 -4.54744 -4.56567 -4.58415 -4.60279 -4.6215 -4.64019 -4.65876 -4.67708 -4.69505 -4.71252 -4.72936 -4.74544 -4.76059 -4.77467 -4.78752 -4.79901 -4.80899 -4.81733 -4.82393 -4.82869 -4.83156 -4.83248 -4.83146 -4.8285 -4.82366 -4.81699 -4.80861 -4.7986 -4.78711 -4.77427 -4.76022 -4.74511 -4.72908 -4.71228 -4.69486 -4.67694 -4.65865 -4.64013 -4.62146 -4.60277 -4.58415 -4.56568 -4.54744 -4.52951 -4.51196 -4.49483 -4.47819 -4.46208 -4.44655 -4.43163 -4.41736 -4.40377 -4.39088 -4.37873 -4.36732 -4.35668 -4.34682 -4.33776 -4.3295 -4.32203 -4.31538 -4.30951 -4.30441 -4.30006 -4.29639 -4.29329 -4.29028 -4.28453 nan nan nan nan 
nan nan nan nan -4.29671 -4.29787 -4.29913 -4.30132 -4.30451 -4.30866 -4.31376 -4.31978 -4.3267 -4.33449 -4.34315 -4.35267 -4.36302 -4.37419 -4.38616 -4.39892 -4.41245 -4.42673 -4.44172 -4.45741 -4.47375 -4.49071 -4.50825 -4.52632 -4.54487 -4.56384 -4.58317 -4.60277 -4.62258 -4.6425 -4.66243 -4.68226 -4.70187 -4.72114 -4.73993 -4.75807 -4.77543 -4.79183 -4.8071 -4.82107 -4.83359 -4.84447 -4.85359 -4.86081 -4.86603 -4.86916 -4.87017 -4.86904 -4.8658 -4.86049 -4.8532 -4.84403 -4.83312 -4.82061 -4.80666 -4.79142 -4.77507 -4.75777 -4.73968 -4.72095 -4.70174 -4.68217 -4.66237 -4.64248 -4.62258 -4.60279 -4.58319 -4.56386 -4.54488 -4.52632 -4.50822 -4.49066 -4.47366 -4.45728 -4.44155 -4.4265 -4.41217 -4.39858 -4.38575 -4.37369 -4.36244 -4.35199 -4.34236 -4.33355 -4.32556 -4.3184 -4.31206 -4.3065 -4.30172 -4.29768 -4.29433 -4.29174 -4.29075 nan nan nan nan 
nan nan nan -4.30183 -4.29806 -4.29823 -4.29985 -4.30253 -4.3062 -4.31083 -4.31639 -4.32288 -4.33028 -4.33858 -4.34777 -4.35783 -4.36876 -4.38054 -4.39315 -4.40658 -4.42081 -4.43582 -4.45159 -4.46808 -4.48527 -4.50313 -4.5216 -4.54065 -4.56022 -4.58026 -4.6007 -4.62146 -4.64248 -4.66364 -4.68486 -4.70602 -4.72699 -4.74764 -4.76781 -4.78735 -4.80609 -4.82384 -4.84041 -4.85562 -4.86926 -4.88116 -4.89114 -4.89905 -4.90477 -4.90821 -4.90932 -4.90807 -4.9045 -4.89867 -4.89068 -4.88065 -4.86874 -4.8551 -4.83993 -4.82341 -4.80572 -4.78705 -4.76757 -4.74746 -4.72686 -4.70594 -4.68483 -4.66364 -4.6425 -4.6215 -4.60074 -4.5803 -4.56025 -4.54066 -4.52159 -4.50309 -4.4852 -4.46797 -4.45143 -4.43561 -4.42055 -4.40625 -4.39275 -4.38006 -4.3682 -4.35717 -4.34698 -4.33765 -4.32916 -4.32152 -4.31473 -4.30876 -4.30359 -4.29922 -4.29558 -4.29258 -4.28977 -4.28441 nan nan nan 
nan nan nan -4.2947 -4.29644 -4.2981 -4.30047 -4.30372 -4.30788 -4.31298 -4.319 -4.32596 -4.33385 -4.34265 -4.35235 -4.36296 -4.37446 -4.38683 -4.40007 -4.41416 -4.42909 -4.44483 -4.46136 -4.47866 -4.4967 -4.51544 -4.53485 -4.55488 -4.57548 -4.5966 -4.61817 -4.64013 -4.66237 -4.68483 -4.70738 -4.72992 -4.75231 -4.77442 -4.79608 -4.81711 -4.83734 -4.85655 -4.87455 -4.8911 -4.90599 -4.91901 -4.92996 -4.93865 -4.94494 -4.94872 -4.94994 -4.94856 -4.94462 -4.93821 -4.92943 -4.91844 -4.9054 -4.89053 -4.87403 -4.8561 -4.83696 -4.81681 -4.79585 -4.77426 -4.75222 -4.72988 -4.70738 -4.68486 -4.66243 -4.64019 -4.61824 -4.59667 -4.57554 -4.55492 -4.53486 -4.51542 -4.49664 -4.47857 -4.46122 -4.44464 -4.42884 -4.41385 -4.3997 -4.38638 -4.37392 -4.36233 -4.35161 -4.34176 -4.33279 -4.3247 -4.31748 -4.31112 -4.30562 -4.30096 -4.29715 -4.29421 -4.29229 -4.29215 nan nan nan 
nan nan nan -4.29323 -4.29589 -4.29826 -4.30119 -4.30493 -4.30956 -4.31512 -4.3216 -4.32902 -4.33737 -4.34666 -4.35688 -4.36801 -4.38007 -4.39302 -4.40688 -4.42162 -4.43722 -4.45368 -4.47097 -4.48907 -4.50794 -4.52757 -4.54791 -4.56893 -4.59057 -4.61278 -4.6355 -4.65865 -4.68217 -4.70594 -4.72988 -4.75385 -4.77774 -4.80138 -4.8246 -4.84723 -4.86906 -4.88986 -4.90941 -4.92745 -4.94373 -4.958 -4.97002 -4.97959 -4.98653 -4.9907 -4.99203 -4.99051 -4.98616 -4.97908 -4.96942 -4.95734 -4.94307 -4.92683 -4.90886 -4.88939 -4.86868 -4.84695 -4.8244 -4.80125 -4.77768 -4.75385 -4.72992 -4.70602 -4.68226 -4.65876 -4.6356 -4.61288 -4.59065 -4.56899 -4.54795 -4.52758 -4.50791 -4.48899 -4.47085 -4.45351 -4.437 -4.42134 -4.40654 -4.39261 -4.37957 -4.36743 -4.35619 -4.34585 -4.33642 -4.3279 -4.32028 -4.31356 -4.30774 -4.30281 -4.29881 -4.2958 -4.29402 -4.29443 nan nan nan 
nan nan -4.30101 -4.29615 -4.29661 -4.29881 -4.30205 -4.3062 -4.31126 -4.31725 -4.32416 -4.33203 -4.34084 -4.3506 -4.3613 -4.37296 -4.38555 -4.39908 -4.41353 -4.4289 -4.44517 -4.46233 -4.48036 -4.49924 -4.51895 -4.53945 -4.56072 -4.58271 -4.60539 -4.62869 -4.65256 -4.67694 -4.70174 -4.72686 -4.75222 -4.77768 -4.80311 -4.82836 -4.85325 -4.87758 -4.90112 -4.92365 -4.94489 -4.96457 -4.98239 -4.99806 -5.0113 -5.02187 -5.02953 -5.03415 -5.03562 -5.03392 -5.0291 -5.02127 -5.01061 -4.99732 -4.98167 -4.96391 -4.94432 -4.92318 -4.90077 -4.87732 -4.85309 -4.82829 -4.80311 -4.77774 -4.75231 -4.72699 -4.70187 -4.67708 -4.6527 -4.62882 -4.6055 -4.5828 -4.56078 -4.53948 -4.51894 -4.49919 -4.48027 -4.46219 -4.44498 -4.42865 -4.41322 -4.3987 -4.38511 -4.37243 -4.36069 -4.34989 -4.34002 -4.33108 -4.32308 -4.31601 -4.30988 -4.30469 -4.30044 -4.29711 -4.29457 -4.29204 -4.28568 nan nan 
nan nan -4.29337 -4.29469 -4.29654 -4.29931 -4.30296 -4.30751 -4.31297 -4.31935 -4.32668 -4.33496 -4.34421 -4.35442 -4.3656 -4.37775 -4.39087 -4.40494 -4.41997 -4.43595 -4.45287 -4.47071 -4.48947 -4.50911 -4.52963 -4.55099 -4.57317 -4.59613 -4.61983 -4.64423 -4.66926 -4.69486 -4.72095 -4.74746 -4.77426 -4.80125 -4.82829 -4.85522 -4.88185 -4.90798 -4.93337 -4.95776 -4.98086 -5.00234 -5.02187 -5.03912 -5.05374 -5.06543 -5.07393 -5.07905 -5.08068 -5.07879 -5.07343 -5.06475 -5.05295 -5.0383 -5.02109 -5.00164 -4.98028 -4.95732 -4.93306 -4.90779 -4.88176 -4.85522 -4.82836 -4.80138 -4.77442 -4.74764 -4.72114 -4.69505 -4.66944 -4.64439 -4.61998 -4.59625 -4.57326 -4.55104 -4.52964 -4.50909 -4.4894 -4.4706 -4.45271 -4.43574 -4.41971 -4.40462 -4.39048 -4.3773 -4.36508 -4.35383 -4.34354 -4.33421 -4.32585 -4.31845 -4.31202 -4.30657 -4.3021 -4.29861 -4.29608 -4.29445 -4.294 nan nan 
nan nan -4.29063 -4.2937 -4.29655 -4.29987 -4.30394 -4.30885 -4.31467 -4.32143 -4.32914 -4.33781 -4.34747 -4.35812 -4.36975 -4.38237 -4.39598 -4.41058 -4.42617 -4.44273 -4.46027 -4.47877 -4.49822 -4.51861 -4.53992 -4.56212 -4.58519 -4.6091 -4.63381 -4.65928 -4.68546 -4.71228 -4.73968 -4.76757 -4.79585 -4.8244 -4.85309 -4.88176 -4.91022 -4.93826 -4.96562 -4.99201 -5.01712 -5.04059 -5.06204 -5.08105 -5.09724 -5.11022 -5.11968 -5.12539 -5.1272 -5.12508 -5.11911 -5.10944 -5.09636 -5.08016 -5.06121 -5.03989 -5.01657 -4.99162 -4.96537 -4.93815 -4.91022 -4.88185 -4.85325 -4.8246 -4.79608 -4.76781 -4.73993 -4.71252 -4.68568 -4.65948 -4.63399 -4.60924 -4.5853 -4.56219 -4.53996 -4.51861 -4.49818 -4.47869 -4.46014 -4.44256 -4.42594 -4.41031 -4.39566 -4.38199 -4.36932 -4.35764 -4.34694 -4.33725 -4.32854 -4.32083 -4.31411 -4.30841 -4.30373 -4.30012 -4.29768 -4.29667 -4.29778 nan nan 
nan nan -4.29065 -4.29391 -4.29705 -4.30066 -4.30501 -4.31022 -4.31636 -4.32345 -4.33151 -4.34055 -4.3506 -4.36165 -4.3737 -4.38677 -4.40086 -4.41596 -4.43207 -4.44919 -4.46732 -4.48645 -4.50658 -4.52767 -4.54974 -4.57275 -4.59668 -4.62152 -4.64721 -4.67374 -4.70105 -4.72908 -4.75777 -4.78705 -4.81681 -4.84695 -4.87732 -4.90779 -4.93815 -4.96818 -4.99762 -5.02617 -5.05348 -5.07914 -5.1027 -5.12371 -5.14167 -5.15613 -5.1667 -5.17309 -5.17511 -5.17274 -5.16605 -5.15527 -5.14071 -5.12276 -5.10186 -5.07845 -5.05298 -5.02586 -4.99748 -4.96818 -4.93826 -4.90798 -4.87758 -4.84723 -4.81711 -4.78735 -4.75807 -4.72936 -4.70131 -4.67398 -4.64742 -4.62169 -4.59682 -4.57285 -4.5498 -4.5277 -4.50656 -4.48639 -4.46722 -4.44905 -4.43188 -4.41573 -4.40059 -4.38647 -4.37336 -4.36128 -4.35021 -4.34016 -4.33112 -4.32311 -4.31612 -4.31015 -4.30524 -4.30143 -4.29884 -4.29777 -4.29887 nan nan 
nan nan -4.29281 -4.29523 -4.29804 -4.30165 -4.30615 -4.3116 -4.31801 -4.32539 -4.33378 -4.34316 -4.35356 -4.36498 -4.37744 -4.39093 -4.40545 -4.42102 -4.43763 -4.45528 -4.47397 -4.4937 -4.51445 -4.53623 -4.55902 -4.5828 -4.60757 -4.63329 -4.65994 -4.68749 -4.71589 -4.74511 -4.77507 -4.80572 -4.83696 -4.86868 -4.90077 -4.93306 -4.96537 -4.99748 -5.02912 -5.05996 -5.08964 -5.11769 -5.14362 -5.16687 -5.18685 -5.20301 -5.21485 -5.22202 -5.22431 -5.22166 -5.21416 -5.20209 -5.18584 -5.1659 -5.1428 -5.11707 -5.08925 -5.05978 -5.02912 -4.99762 -4.96562 -4.93337 -4.90112 -4.86906 -4.83734 -4.80609 -4.77543 -4.74544 -4.71619 -4.68775 -4.66017 -4.63348 -4.60772 -4.58292 -4.5591 -4.53627 -4.51446 -4.49366 -4.4739 -4.45517 -4.43749 -4.42084 -4.40524 -4.39069 -4.37718 -4.36472 -4.3533 -4.34292 -4.33358 -4.32527 -4.31801 -4.31178 -4.3066 -4.30248 -4.29946 -4.29766 -4.29761 nan nan 
nan -4.30468 -4.29754 -4.29711 -4.29919 -4.30269 -4.3073 -4.31294 -4.31959 -4.32724 -4.33591 -4.34561 -4.35634 -4.3681 -4.38092 -4.3948 -4.40973 -4.42574 -4.44281 -4.46095 -4.48017 -4.50045 -4.5218 -4.54421 -4.56768 -4.5922 -4.61775 -4.64431 -4.67187 -4.7004 -4.72986 -4.76022 -4.79142 -4.82341 -4.8561 -4.88939 -4.92318 -4.95732 -4.99162 -5.02586 -5.05978 -5.09305 -5.12526 -5.15592 -5.18446 -5.21022 -5.2325 -5.25059 -5.26389 -5.27197 -5.27459 -5.27166 -5.26325 -5.24969 -5.23149 -5.20929 -5.18372 -5.15544 -5.12503 -5.09305 -5.05996 -5.02617 -4.99201 -4.95776 -4.92365 -4.88986 -4.85655 -4.82384 -4.79183 -4.76059 -4.73019 -4.70069 -4.67212 -4.64452 -4.61792 -4.59233 -4.56778 -4.54427 -4.52182 -4.50044 -4.48012 -4.46087 -4.4427 -4.4256 -4.40958 -4.39463 -4.38075 -4.36793 -4.35618 -4.3455 -4.33587 -4.32729 -4.31977 -4.31329 -4.30784 -4.30337 -4.2998 -4.29678 -4.29315 -4.2843 nan 
nan -4.2968 -4.29649 -4.29744 -4.29987 -4.30355 -4.30835 -4.31419 -4.32107 -4.32897 -4.3379 -4.34787 -4.3589 -4.37098 -4.38413 -4.39836 -4.41367 -4.43007 -4.44757 -4.46616 -4.48586 -4.50665 -4.52856 -4.55156 -4.57566 -4.60086 -4.62714 -4.65449 -4.68291 -4.71236 -4.74283 -4.77427 -4.80666 -4.83993 -4.87403 -4.90886 -4.94432 -4.98028 -5.01657 -5.05298 -5.08925 -5.12503 -5.15992 -5.19339 -5.22478 -5.25335 -5.27821 -5.29848 -5.3134 -5.32252 -5.32561 -5.32246 -5.31304 -5.29777 -5.27734 -5.25255 -5.22422 -5.19311 -5.15992 -5.12526 -5.08964 -5.05348 -5.01712 -4.98086 -4.94489 -4.90941 -4.87455 -4.84041 -4.8071 -4.77467 -4.74318 -4.71267 -4.68317 -4.65472 -4.62732 -4.601 -4.57577 -4.55163 -4.52859 -4.50666 -4.48583 -4.46611 -4.44749 -4.42998 -4.41356 -4.39825 -4.38402 -4.37089 -4.35884 -4.34787 -4.33798 -4.32916 -4.3214 -4.31469 -4.30902 -4.30434 -4.30055 -4.29747 -4.29481 -4.29265 nan 
nan -4.29346 -4.29518 -4.29727 -4.30025 -4.30425 -4.30928 -4.31534 -4.32242 -4.33055 -4.33971 -4.34993 -4.36122 -4.37358 -4.38703 -4.40158 -4.41723 -4.43399 -4.45186 -4.47087 -4.491 -4.51226 -4.53467 -4.55821 -4.58289 -4.60871 -4.63566 -4.66374 -4.69294 -4.72325 -4.75465 -4.78711 -4.82061 -4.8551 -4.89053 -4.92683 -4.96391 -5.00164 -5.03989 -5.07845 -5.11707 -5.15544 -5.19311 -5.22954 -5.26403 -5.29568 -5.3234 -5.34606 -5.36269 -5.3729 -5.37673 -5.37363 -5.36314 -5.34588 -5.32285 -5.29513 -5.26372 -5.22954 -5.19339 -5.15592 -5.11769 -5.07914 -5.04059 -5.00234 -4.96457 -4.92745 -4.8911 -4.85562 -4.82107 -4.78752 -4.75501 -4.72356 -4.69321 -4.66397 -4.63584 -4.60885 -4.583 -4.55829 -4.53471 -4.51228 -4.49099 -4.47084 -4.45182 -4.43392 -4.41716 -4.40151 -4.38698 -4.37356 -4.36124 -4.35002 -4.33989 -4.33085 -4.32288 -4.31599 -4.31015 -4.30535 -4.30154 -4.29872 -4.29695 -4.29673 nan 
nan -4.29221 -4.29451 -4.29718 -4.30057 -4.30486 -4.31011 -4.31637 -4.32365 -4.33196 -4.34133 -4.35177 -4.36329 -4.3759 -4.38961 -4.40443 -4.42037 -4.43745 -4.45567 -4.47503 -4.49555 -4.51723 -4.54008 -4.5641 -4.58929 -4.61567 -4.64323 -4.67197 -4.70188 -4.73297 -4.76521 -4.7986 -4.83312 -4.86874 -4.9054 -4.94307 -4.98167 -5.02109 -5.06121 -5.10186 -5.1428 -5.18372 -5.22422 -5.26372 -5.30148 -5.33645 -5.36729 -5.39242 -5.41052 -5.42155 -5.42683 -5.42464 -5.41302 -5.39333 -5.36726 -5.33624 -5.30148 -5.26403 -5.22478 -5.18446 -5.14362 -5.1027 -5.06204 -5.02187 -4.98239 -4.94373 -4.90599 -4.86926 -4.83359 -4.79901 -4.76556 -4.73327 -4.70214 -4.67218 -4.64341 -4.61582 -4.58941 -4.56418 -4.54013 -4.51726 -4.49555 -4.47502 -4.45564 -4.43741 -4.42034 -4.4044 -4.38959 -4.37592 -4.36336 -4.35191 -4.34158 -4.33234 -4.3242 -4.31715 -4.31119 -4.30631 -4.30253 -4.29989 -4.29854 -4.29882 nan 
nan -4.29207 -4.29444 -4.29733 -4.30096 -4.30544 -4.31087 -4.31729 -4.32472 -4.3332 -4.34275 -4.35337 -4.36508 -4.3779 -4.39183 -4.40689 -4.42309 -4.44043 -4.45894 -4.47862 -4.49947 -4.52151 -4.54474 -4.56918 -4.59483 -4.62169 -4.64977 -4.67908 -4.70962 -4.74139 -4.77439 -4.80861 -4.84403 -4.88065 -4.91844 -4.95734 -4.99732 -5.0383 -5.08016 -5.12276 -5.1659 -5.20929 -5.25255 -5.29513 -5.33624 -5.37472 -5.40885 -5.43629 -5.45474 -5.46499 -5.47381 -5.47519 -5.46192 -5.43897 -5.40933 -5.37472 -5.33645 -5.29568 -5.25335 -5.21022 -5.16687 -5.12371 -5.08105 -5.03912 -4.99806 -4.958 -4.91901 -4.88116 -4.84447 -4.80899 -4.77472 -4.74168 -4.70986 -4.67929 -4.64994 -4.62182 -4.59493 -4.56926 -4.5448 -4.52154 -4.49948 -4.47862 -4.45893 -4.44042 -4.42307 -4.40688 -4.39184 -4.37794 -4.36518 -4.35354 -4.34303 -4.33362 -4.32533 -4.31815 -4.31207 -4.30712 -4.30332 -4.30074 -4.29949 -4.29978 nan 
nan -4.29257 -4.2948 -4.29772 -4.30143 -4.30603 -4.31156 -4.31809 -4.32565 -4.33426 -4.34394 -4.35471 -4.36658 -4.37956 -4.39368 -4.40893 -4.42534 -4.44291 -4.46166 -4.4816 -4.50273 -4.52507 -4.54862 -4.57341 -4.59943 -4.6267 -4.65523 -4.68502 -4.71609 -4.74844 -4.78207 -4.81699 -4.8532 -4.89068 -4.92943 -4.96942 -5.01061 -5.05295 -5.09636 -5.14071 -5.18584 -5.23149 -5.27734 -5.32285 -5.36726 -5.40933 -5.44691 -5.47622 -5.49187 -5.49433 -5.5137 -5.52717 -5.50844 -5.4804 -5.44691 -5.40885 -5.36729 -5.3234 -5.27821 -5.2325 -5.18685 -5.14167 -5.09724 -5.05374 -5.0113 -4.97002 -4.92996 -4.89114 -4.85359 -4.81733 -4.78236 -4.74869 -4.7163 -4.6852 -4.65537 -4.62682 -4.59952 -4.57348 -4.54867 -4.5251 -4.50275 -4.4816 -4.46166 -4.44291 -4.42534 -4.40894 -4.39371 -4.37963 -4.36669 -4.35489 -4.34422 -4.33467 -4.32625 -4.31895 -4.31277 -4.30773 -4.30386 -4.30122 -4.2999 -4.3 nan 
nan -4.29343 -4.29545 -4.29828 -4.30198 -4.3066 -4.31219 -4.31879 -4.32642 -4.33512 -4.3449 -4.35577 -4.36776 -4.38088 -4.39514 -4.41055 -4.42712 -4.44487 -4.46381 -4.48394 -4.50529 -4.52787 -4.55168 -4.57674 -4.60306 -4.63066 -4.65954 -4.68972 -4.72121 -4.75402 -4.78817 -4.82366 -4.86049 -4.89867 -4.93821 -4.97908 -5.02127 -5.06475 -5.10944 -5.15527 -5.20209 -5.24969 -5.29777 -5.34588 -5.39333 -5.43897 -5.4804 -5.51176 -5.51816 -5.48328 -5.53921 -5.5933 -5.54685 -5.51176 -5.47622 -5.43629 -5.39242 -5.34606 -5.29848 -5.25059 -5.20301 -5.15613 -5.11022 -5.06543 -5.02187 -4.97959 -4.93865 -4.89905 -4.86081 -4.82393 -4.7884 -4.75422 -4.72138 -4.68986 -4.65966 -4.63075 -4.60314 -4.5768 -4.55172 -4.5279 -4.50531 -4.48395 -4.46381 -4.44487 -4.42712 -4.41056 -4.39517 -4.38094 -4.36787 -4.35594 -4.34514 -4.33548 -4.32694 -4.31953 -4.31325 -4.30811 -4.30413 -4.30136 -4.29985 -4.29968 nan 
nan -4.29446 -4.29623 -4.29892 -4.30254 -4.30713 -4.31272 -4.31934 -4.32702 -4.33577 -4.34561 -4.35656 -4.36863 -4.38184 -4.39619 -4.41171 -4.4284 -4.44628 -4.46535 -4.48564 -4.50715 -4.52989 -4.55389 -4.57915 -4.60569 -4.63352 -4.66266 -4.69312 -4.72492 -4.75808 -4.7926 -4.8285 -4.8658 -4.9045 -4.94462 -4.98616 -5.0291 -5.07343 -5.11911 -5.16605 -5.21416 -5.26325 -5.31304 -5.36314 -5.41302 -5.46192 -5.50844 -5.54685 -5.54108 nan nan nan -5.54108 -5.51816 -5.49187 -5.45474 -5.41052 -5.36269 -5.3134 -5.26389 -5.21485 -5.1667 -5.11968 -5.07393 -5.02953 -4.98653 -4.94494 -4.90477 -4.86603 -4.82869 -4.79276 -4.75821 -4.72504 -4.69322 -4.66274 -4.63359 -4.60574 -4.57919 -4.55392 -4.52991 -4.50716 -4.48564 -4.46536 -4.44628 -4.42841 -4.41173 -4.39622 -4.38189 -4.36871 -4.35668 -4.34579 -4.33604 -4.3274 -4.3199 -4.31351 -4.30825 -4.30414 -4.30119 -4.29943 -4.29893 nan 
nan -4.2955 -4.29705 -4.29958 -4.30309 -4.3076 -4.31315 -4.31975 -4.32743 -4.33619 -4.34606 -4.35705 -4.36916 -4.38242 -4.39684 -4.41242 -4.42918 -4.44713 -4.46628 -4.48666 -4.50826 -4.53112 -4.55523 -4.58061 -4.60728 -4.63526 -4.66455 -4.69519 -4.72718 -4.76054 -4.7953 -4.83146 -4.86904 -4.90807 -4.94856 -4.99051 -5.03392 -5.07879 -5.12508 -5.17274 -5.22166 -5.27166 -5.32246 -5.37363 -5.42464 -5.47519 -5.52717 -5.5933 nan nan nan nan nan -5.48328 -5.49433 -5.46499 -5.42155 -5.3729 -5.32252 -5.27197 -5.22202 -5.17309 -5.12539 -5.07905 -5.03415 -4.9907 -4.94872 -4.90821 -4.86916 -4.83156 -4.79538 -4.76061 -4.72724 -4.69524 -4.6646 -4.63529 -4.60731 -4.58063 -4.55524 -4.53113 -4.50827 -4.48666 -4.46629 -4.44713 -4.42918 -4.41243 -4.39685 -4.38245 -4.36921 -4.35711 -4.34616 -4.33634 -4.32763 -4.32005 -4.31357 -4.3082 -4.30393 -4.30078 -4.29873 -4.29782 nan 
-4.29521 -4.29635 -4.29785 -4.3002 -4.30356 -4.30797 -4.31344 -4.31999 -4.32764 -4.33639 -4.34625 -4.35724 -4.36936 -4.38263 -4.39706 -4.41266 -4.42944 -4.44741 -4.4666 -4.487 -4.50864 -4.53153 -4.55568 -4.5811 -4.60782 -4.63585 -4.6652 -4.6959 -4.72796 -4.76139 -4.79623 -4.83248 -4.87017 -4.90932 -4.94994 -4.99203 -5.03562 -5.08068 -5.1272 -5.17511 -5.22431 -5.27459 -5.32561 -5.37673 -5.42683 -5.47381 -5.5137 -5.53921 nan nan nan nan nan -5.53921 -5.5137 -5.47381 -5.42683 -5.37673 -5.32561 -5.27459 -5.22431 -5.17511 -5.1272 -5.08068 -5.03562 -4.99203 -4.94994 -4.90932 -4.87017 -4.83248 -4.79623 -4.76139 -4.72796 -4.6959 -4.6652 -4.63585 -4.60782 -4.5811 -4.55568 -4.53153 -4.50864 -4.487 -4.4666 -4.44741 -4.42944 -4.41266 -4.39706 -4.38263 -4.36936 -4.35724 -4.34625 -4.33639 -4.32764 -4.31999 -4.31344 -4.30797 -4.30356 -4.3002 -4.29785 -4.29635 -4.29521 
nan -4.29782 -4.29873 -4.30078 -4.30393 -4.3082 -4.31357 -4.32005 -4.32763 -4.33634 -4.34616 -4.35711 -4.36921 -4.38245 -4.39685 -4.41243 -4.42918 -4.44713 -4.46629 -4.48666 -4.50827 -4.53113 -4.55524 -4.58063 -4.60731 -4.63529 -4.6646 -4.69524 -4.72724 -4.76061 -4.79538 -4.83156 -4.86916 -4.90821 -4.94872 -4.9907 -5.03415 -5.07905 -5.12539 -5.17309 -5.22202 -5.27197 -5.32252 -5.3729 -5.42155 -5.46499 -5.49433 -5.48328 nan nan nan nan nan -5.5933 -5.52717 -5.47519 -5.42464 -5.37363 -5.32246 -5.27166 -5.22166 -5.17274 -5.12508 -5.07879 -5.03392 -4.99051 -4.94856 -4.90807 -4.86904 -4.83146 -4.7953 -4.76054 -4.72718 -4.69519 -4.66455 -4.63526 -4.60728 -4.58061 -4.55523 -4.53112 -4.50826 -4.48666 -4.46628 -4.44713 -4.42918 -4.41242 -4.39684 -4.38242 -4.36916 -4.35705 -4.34606 -4.33619 -4.32743 -4.31975 -4.31315 -4.3076 -4.30309 -4.29958 -4.29705 -4.2955 nan 
nan -4.29893 -4.29943 -4.30119 -4.30414 -4.30825 -4.31351 -4.3199 -4.3274 -4.33604 -4.34579 -4.35668 -4.36871 -4.38189 -4.39622 -4.41173 -4.42841 -4.44628 -4.46536 -4.48564 -4.50716 -4.52991 -4.55392 -4.57919 -4.60574 -4.63359 -4.66274 -4.69322 -4.72504 -4.75821 -4.79276 -4.82869 -4.86603 -4.90477 -4.94494 -4.98653 -5.02953 -5.07393 -5.11968 -5.1667 -5.21485 -5.26389 -5.3134 -5.36269 -5.41052 -5.45474 -5.49187 -5.51816 -5.54108 nan nan nan -5.54108 -5.54685 -5.50844 -5.46192 -5.41302 -5.36314 -5.31304 -5.26325 -5.21416 -5.16605 -5.11911 -5.07343 -5.0291 -4.98616 -4.94462 -4.9045 -4.8658 -4.8285 -4.7926 -4.75808 -4.72492 -4.69312 -4.66266 -4.63352 -4.60569 -4.57915 -4.55389 -4.52989 -4.50715 -4.48564 -4.46535 -4.44628 -4.4284 -4.41171 -4.39619 -4.38184 -4.36863 -4.35656 -4.34561 -4.33577 -4.32702 -4.31934 -4.31272 -4.30713 -4.30254 -4.29892 -4.29623 -4.29446 nan 
nan -4.29968 -4.29985 -4.30136 -4.30413 -4.30811 -4.31325 -4.31953 -4.32694 -4.33548 -4.34514 -4.35594 -4.36787 -4.38094 -4.39517 -4.41056 -4.42712 -4.44487 -4.46381 -4.48395 -4.50531 -4.5279 -4.55172 -4.5768 -4.60314 -4.63075 -4.65966 -4.68986 -4.72138 -4.75422 -4.7884 -4.82393 -4.86081 -4.89905 -4.93865 -4.97959 -5.02187 -5.06543 -5.11022 -5.15613 -5.20301 -5.25059 -5.29848 -5.34606 -5.39242 -5.43629 -5.47622 -5.51176 -5.54685 -5.5933 -5.53921 -5.48328 -5.51816 -5.51176 -5.4804 -5.43897 -5.39333 -5.34588 -5.29777 -5.24969 -5.20209 -5.15527 -5.10944 -5.06475 -5.02127 -4.97908 -4.93821 -4.89867 -4.86049 -4.82366 -4.78817 -4.75402 -4.72121 -4.68972 -4.65954 -4.63066 -4.60306 -4.57674 -4.55168 -4.52787 -4.50529 -4.48394 -4.46381 -4.44487 -4.42712 -4.41055 -4.39514 -4.38088 -4.36776 -4.35577 -4.3449 -4.33512 -4.32642 -4.31879 -4.31219 -4.3066 -4.30198 -4.29828 -4.29545 -4.29343 nan 
nan -4.3 -4.2999 -4.30122 -4.30386 -4.30773 -4.31277 -4.31895 -4.32625 -4.33467 -4.34422 -4.35489 -4.36669 -4.37963 -4.39371 -4.40894 -4.42534 -4.44291 -4.46166 -4.4816 -4.50275 -4.5251 -4.54867 -4.57348 -4.59952 -4.62682 -4.65537 -4.6852 -4.7163 -4.74869 -4.78236 -4.81733 -4.85359 -4.89114 -4.92996 -4.97002 -5.0113 -5.05374 -5.09724 -5.14167 -5.18685 -5.2325 -5.27821 -5.3234 -5.36729 -5.40885 -5.44691 -5.4804 -5.50844 -5.52717 -5.5137 -5.49433 -5.49187 -5.47622 -5.44691 -5.40933 -5.36726 -5.32285 -5.27734 -5.23149 -5.18584 -5.14071 -5.09636 -5.05295 -5.01061 -4.96942 -4.92943 -4.89068 -4.8532 -4.81699 -4.78207 -4.74844 -4.71609 -4.68502 -4.65523 -4.6267 -4.59943 -4.57341 -4.54862 -4.52507 -4.50273 -4.4816 -4.46166 -4.44291 -4.42534 -4.40893 -4.39368 -4.37956 -4.36658 -4.35471 -4.34394 -4.33426 -4.32565 -4.31809 -4.31156 -4.30603 -4.30143 -4.29772 -4.2948 -4.29257 nan 
nan -4.29978 -4.29949 -4.30074 -4.30332 -4.30712 -4.31207 -4.31815 -4.32533 -4.33362 -4.34303 -4.35354 -4.36518 -4.37794 -4.39184 -4.40688 -4.42307 -4.44042 -4.45893 -4.47862 -4.49948 -4.52154 -4.5448 -4.56926 -4.59493 -4.62182 -4.64994 -4.67929 -4.70986 -4.74168 -4.77472 -4.80899 -4.84447 -4.88116 -4.91901 -4.958 -4.99806 -5.03912 -5.08105 -5.12371 -5.16687 -5.21022 -5.25335 -5.29568 -5.33645 -5.37472 -5.40933 -5.43897 -5.46192 -5.47519 -5.47381 -5.46499 -5.45474 -5.43629 -5.40885 -5.37472 -5.33624 -5.29513 -5.25255 -5.20929 -5.1659 -5.12276 -5.08016 -5.0383 -4.99732 -4.95734 -4.91844 -4.88065 -4.84403 -4.80861 -4.77439 -4.74139 -4.70962 -4.67908 -4.64977 -4.62169 -4.59483 -4.56918 -4.54474 -4.52151 -4.49947 -4.47862 -4.45894 -4.44043 -4.42309 -4.40689 -4.39183 -4.3779 -4.36508 -4.35337 -4.34275 -4.3332 -4.32472 -4.31729 -4.31087 -4.30544 -4.30096 -4.29733 -4.29444 -4.29207 nan 
nan -4.29882 -4.29854 -4.29989 -4.30253 -4.30631 -4.31119 -4.31715 -4.3242 -4.33234 -4.34158 -4.35191 -4.36336 -4.37592 -4.38959 -4.4044 -4.42034 -4.43741 -4.45564 -4.47502 -4.49555 -4.51726 -4.54013 -4.56418 -4.58941 -4.61582 -4.64341 -4.67218 -4.70214 -4.73327 -4.76556 -4.79901 -4.83359 -4.86926 -4.90599 -4.94373 -4.98239 -5.02187 -5.06204 -5.1027 -5.14362 -5.18446 -5.22478 -5.26403 -5.30148 -5.33624 -5.36726 -5.39333 -5.41302 -5.42464 -5.42683 -5.42155 -5.41052 -5.39242 -5.36729 -5.33645 -5.30148 -5.26372 -5.22422 -5.18372 -5.1428 -5.10186 -5.06121 -5.02109 -4.98167 -4.94307 -4.9054 -4.86874 -4.83312 -4.7986 -4.76521 -4.73297 -4.70188 -4.67197 -4.64323 -4.61567 -4.58929 -4.5641 -4.54008 -4.51723 -4.49555 -4.47503 -4.45567 -4.43745 -4.42037 -4.40443 -4.38961 -4.3759 -4.36329 -4.35177 -4.34133 -4.33196 -4.32365 -4.31637 -4.31011 -4.30486 -4.30057 -4.29718 -4.29451 -4.29221 nan 
nan -4.29673 -4.29695 -4.29872 -4.30154 -4.30535 -4.31015 -4.31599 -4.32288 -4.33085 -4.33989 -4.35002 -4.36124 -4.37356 -4.38698 -4.40151 -4.41716 -4.43392 -4.45182 -4.47084 -4.49099 -4.51228 -4.53471 -4.55829 -4.583 -4.60885 -4.63584 -4.66397 -4.69321 -4.72356 -4.75501 -4.78752 -4.82107 -4.85562 -4.8911 -4.92745 -4.96457 -5.00234 -5.04059 -5.07914 -5.11769 -5.15592 -5.19339 -5.22954 -5.26372 -5.29513 -5.32285 -5.34588 -5.36314 -5.37363 -5.37673 -5.3729 -5.36269 -5.34606 -5.3234 -5.29568 -5.26403 -5.22954 -5.19311 -5.15544 -5.11707 -5.07845 -5.03989 -5.00164 -4.96391 -4.92683 -4.89053 -4.8551 -4.82061 -4.78711 -4.75465 -4.72325 -4.69294 -4.66374 -4.63566 -4.60871 -4.58289 -4.55821 -4.53467 -4.51226 -4.491 -4.47087 -4.45186 -4.43399 -4.41723 -4.40158 -4.38703 -4.37358 -4.36122 -4.34993 -4.33971 -4.33055 -4.32242 -4.31534 -4.30928 -4.30425 -4.30025 -4.29727 -4.29518 -4.29346 nan 
nan -4.29265 -4.29481 -4.29747 -4.30055 -4.30434 -4.30902 -4.31469 -4.3214 -4.32916 -4.33798 -4.34787 -4.35884 -4.37089 -4.38402 -4.39825 -4.41356 -4.42998 -4.44749 -4.46611 -4.48583 -4.50666 -4.52859 -4.55163 -4.57577 -4.601 -4.62732 -4.65472 -4.68317 -4.71267 -4.74318 -4.77467 -4.8071 -4.84041 -4.87455 -4.90941 -4.94489 -4.98086 -5.01712 -5.05348 -5.08964 -5.12526 -5.15992 -5.19311 -5.22422 -5.25255 -5.27734 -5.29777 -5.31304 -5.32246 -5.32561 -5.32252 -5.3134 -5.29848 -5.27821 -5.25335 -5.22478 -5.19339 -5.15992 -5.12503 -5.08925 -5.05298 -5.01657 -4.98028 -4.94432 -4.90886 -4.87403 -4.83993 -4.80666 -4.77427 -4.74283 -4.71236 -4.68291 -4.65449 -4.62714 -4.60086 -4.57566 -4.55156 -4.52856 -4.50665 -4.48586 -4.46616 -4.44757 -4.43007 -4.41367 -4.39836 -4.38413 -4.37098 -4.3589 -4.34787 -4.3379 -4.32897 -4.32107 -4.31419 -4.30835 -4.30355 -4.29987 -4.29744 -4.29649 -4.2968 nan 
nan -4.2843 -4.29315 -4.29678 -4.2998 -4.30337 -4.30784 -4.31329 -4.31977 -4.32729 -4.33587 -4.3455 -4.35618 -4.36793 -4.38075 -4.39463 -4.40958 -4.4256 -4.4427 -4.46087 -4.48012 -4.50044 -4.52182 -4.54427 -4.56778 -4.59233 -4.61792 -4.64452 -4.67212 -4.70069 -4.73019 -4.76059 -4.79183 -4.82384 -4.85655 -4.88986 -4.92365 -4.95776 -4.99201 -5.02617 -5.05996 -5.09305 -5.12503 -5.15544 -5.18372 -5.20929 -5.23149 -5.24969 -5.26325 -5.27166 -5.27459 -5.27197 -5.26389 -5.25059 -5.2325 -5.21022 -5.18446 -5.15592 -5.12526 -5.09305 -5.05978 -5.02586 -4.99162 -4.95732 -4.92318 -4.88939 -4.8561 -4.82341 -4.79142 -4.76022 -4.72986 -4.7004 -4.67187 -4.64431 -4.61775 -4.5922 -4.56768 -4.54421 -4.5218 -4.50045 -4.48017 -4.46095 -4.44281 -4.42574 -4.40973 -4.3948 -4.38092 -4.3681 -4.35634 -4.34561 -4.33591 -4.32724 -4.31959 -4.31294 -4.3073 -4.30269 -4.29919 -4.29711 -4.29754 -4.30468 nan 
nan nan -4.29761 -4.29766 -4.29946 -4.30248 -4.3066 -4.31178 -4.31801 -4.32527 -4.33358 -4.34292 -4.3533 -4.36472 -4.37718 -4.39069 -4.40524 -4.42084 -4.43749 -4.45517 -4.4739 -4.49366 -4.51446 -4.53627 -4.5591 -4.58292 -4.60772 -4.63348 -4.66017 -4.68775 -4.71619 -4.74544 -4.77543 -4.80609 -4.83734 -4.86906 -4.90112 -4.93337 -4.96562 -4.99762 -5.02912 -5.05978 -5.08925 -5.11707 -5.1428 -5.1659 -5.18584 -5.20209 -5.21416 -5.22166 -5.22431 -5.22202 -5.21485 -5.20301 -5.18685 -5.16687 -5.14362 -5.11769 -5.08964 -5.05996 -5.02912 -4.99748 -4.96537 -4.93306 -4.90077 -4.86868 -4.83696 -4.80572 -4.77507 -4.74511 -4.71589 -4.68749 -4.65994 -4.63329 -4.60757 -4.5828 -4.55902 -4.53623 -4.51445 -4.4937 -4.47397 -4.45528 -4.43763 -4.42102 -4.40545 -4.39093 -4.37744 -4.36498 -4.35356 -4.34316 -4.33378 -4.32539 -4.31801 -4.3116 -4.30615 -4.30165 -4.29804 -4.29523 -4.29281 nan nan 
nan nan -4.29887 -4.29777 -4.29884 -4.30143 -4.30524 -4.31015 -4.31612 -4.32311 -4.33112 -4.34016 -4.35021 -4.36128 -4.37336 -4.38647 -4.40059 -4.41573 -4.43188 -4.44905 -4.46722 -4.48639 -4.50656 -4.5277 -4.5498 -4.57285 -4.59682 -4.62169 -4.64742 -4.67398 -4.70131 -4.72936 -4.75807 -4.78735 -4.81711 -4.84723 -4.87758 -4.90798 -4.93826 -4.96818 -4.99748 -5.02586 -5.05298 -5.07845 -5.10186 -5.12276 -5.14071 -5.15527 -5.16605 -5.17274 -5.17511 -5.17309 -5.1667 -5.15613 -5.14167 -5.12371 -5.1027 -5.07914 -5.05348 -5.02617 -4.99762 -4.96818 -4.93815 -4.90779 -4.87732 -4.84695 -4.81681 -4.78705 -4.75777 -4.72908 -4.70105 -4.67374 -4.64721 -4.62152 -4.59668 -4.57275 -4.54974 -4.52767 -4.50658 -4.48645 -4.46732 -4.44919 -4.43207 -4.41596 -4.40086 -4.38677 -4.3737 -4.36165 -4.3506 -4.34055 -4.33151 -4.32345 -4.31636 -4.31022 -4.30501 -4.30066 -4.29705 -4.29391 -4.29065 nan nan 
nan nan -4.29778 -4.29667 -4.29768 -4.30012 -4.30373 -4.30841 -4.31411 -4.32083 -4.32854 -4.33725 -4.34694 -4.35764 -4.36932 -4.38199 -4.39566 -4.41031 -4.42594 -4.44256 -4.46014 -4.47869 -4.49818 -4.51861 -4.53996 -4.56219 -4.5853 -4.60924 -4.63399 -4.65948 -4.68568 -4.71252 -4.73993 -4.76781 -4.79608 -4.8246 -4.85325 -4.88185 -4.91022 -4.93815 -4.96537 -4.99162 -5.01657 -5.03989 -5.06121 -5.08016 -5.09636 -5.10944 -5.11911 -5.12508 -5.1272 -5.12539 -5.11968 -5.11022 -5.09724 -5.08105 -5.06204 -5.04059 -5.01712 -4.99201 -4.96562 -4.93826 -4.91022 -4.88176 -4.85309 -4.8244 -4.79585 -4.76757 -4.73968 -4.71228 -4.68546 -4.65928 -4.63381 -4.6091 -4.58519 -4.56212 -4.53992 -4.51861 -4.49822 -4.47877 -4.46027 -4.44273 -4.42617 -4.41058 -4.39598 -4.38237 -4.36975 -4.35812 -4.34747 -4.33781 -4.32914 -4.32143 -4.31467 -4.30885 -4.30394 -4.29987 -4.29655 -4.2937 -4.29063 nan nan 
nan nan -4.294 -4.29445 -4.29608 -4.29861 -4.3021 -4.30657 -4.31202 -4.31845 -4.32585 -4.33421 -4.34354 -4.35383 -4.36508 -4.3773 -4.39048 -4.40462 -4.41971 -4.43574 -4.45271 -4.4706 -4.4894 -4.50909 -4.52964 -4.55104 -4.57326 -4.59625 -4.61998 -4.64439 -4.66944 -4.69505 -4.72114 -4.74764 -4.77442 -4.80138 -4.82836 -4.85522 -4.88176 -4.90779 -4.93306 -4.95732 -4.98028 -5.00164 -5.02109 -5.0383 -5.05295 -5.06475 -5.07343 -5.07879 -5.08068 -5.07905 -5.07393 -5.06543 -5.05374 -5.03912 -5.02187 -5.00234 -4.98086 -4.95776 -4.93337 -4.90798 -4.88185 -4.85522 -4.82829 -4.80125 -4.77426 -4.74746 -4.72095 -4.69486 -4.66926 -4.64423 -4.61983 -4.59613 -4.57317 -4.55099 -4.52963 -4.50911 -4.48947 -4.47071 -4.45287 -4.43595 -4.41997 -4.40494 -4.39087 -4.37775 -4.3656 -4.35442 -4.34421 -4.33496 -4.32668 -4.31935 -4.31297 -4.30751 -4.30296 -4.29931 -4.29654 -4.29469 -4.29337 nan nan 
nan nan -4.28568 -4.29204 -4.29457 -4.29711 -4.30044 -4.30469 -4.30988 -4.31601 -4.32308 -4.33108 -4.34002 -4.34989 -4.36069 -4.37243 -4.38511 -4.3987 -4.41322 -4.42865 -4.44498 -4.46219 -4.48027 -4.49919 -4.51894 -4.53948 -4.56078 -4.5828 -4.6055 -4.62882 -4.6527 -4.67708 -4.70187 -4.72699 -4.75231 -4.77774 -4.80311 -4.82829 -4.85309 -4.87732 -4.90077 -4.92318 -4.94432 -4.96391 -4.98167 -4.99732 -5.01061 -5.02127 -5.0291 -5.03392 -5.03562 -5.03415 -5.02953 -5.02187 -5.0113 -4.99806 -4.98239 -4.96457 -4.94489 -4.92365 -4.90112 -4.87758 -4.85325 -4.82836 -4.80311 -4.77768 -4.75222 -4.72686 -4.70174 -4.67694 -4.65256 -4.62869 -4.60539 -4.58271 -4.56072 -4.53945 -4.51895 -4.49924 -4.48036 -4.46233 -4.44517 -4.4289 -4.41353 -4.39908 -4.38555 -4.37296 -4.3613 -4.3506 -4.34084 -4.33203 -4.32416 -4.31725 -4.31126 -4.3062 -4.30205 -4.29881 -4.29661 -4.29615 -4.30101 nan nan 
nan nan nan -4.29443 -4.29402 -4.2958 -4.29881 -4.30281 -4.30774 -4.31356 -4.32028 -4.3279 -4.33642 -4.34585 -4.35619 -4.36743 -4.37957 -4.39261 -4.40654 -4.42134 -4.437 -4.45351 -4.47085 -4.48899 -4.50791 -4.52758 -4.54795 -4.56899 -4.59065 -4.61288 -4.6356 -4.65876 -4.68226 -4.70602 -4.72992 -4.75385 -4.77768 -4.80125 -4.8244 -4.84695 -4.86868 -4.88939 -4.90886 -4.92683 -4.94307 -4.95734 -4.96942 -4.97908 -4.98616 -4.99051 -4.99203 -4.9907 -4.98653 -4.97959 -4.97002 -4.958 -4.94373 -4.92745 -4.90941 -4.88986 -4.86906 -4.84723 -4.8246 -4.80138 -4.77774 -4.75385 -4.72988 -4.70594 -4.68217 -4.65865 -4.6355 -4.61278 -4.59057 -4.56893 -4.54791 -4.52757 -4.50794 -4.48907 -4.47097 -4.45368 -4.43722 -4.42162 -4.40688 -4.39302 -4.38007 -4.36801 -4.35688 -4.34666 -4.33737 -4.32902 -4.3216 -4.31512 -4.30956 -4.30493 -4.30119 -4.29826 -4.29589 -4.29323 nan nan nan 
nan nan nan -4.29215 -4.29229 -4.29421 -4.29715 -4.30096 -4.30562 -4.31112 -4.31748 -4.3247 -4.33279 -4.34176 -4.35161 -4.36233 -4.37392 -4.38638 -4.3997 -4.41385 -4.42884 -4.44464 -4.46122 -4.47857 -4.49664 -4.51542 -4.53486 -4.55492 -4.57554 -4.59667 -4.61824 -4.64019 -4.66243 -4.68486 -4.70738 -4.72988 -4.75222 -4.77426 -4.79585 -4.81681 -4.83696 -4.8561 -4.87403 -4.89053 -4.9054 -4.91844 -4.92943 -4.93821 -4.94462 -4.94856 -4.94994 -4.94872 -4.94494 -4.93865 -4.92996 -4.91901 -4.90599 -4.8911 -4.87455 -4.85655 -4.83734 -4.81711 -4.79608 -4.77442 -4.75231 -4.72992 -4.70738 -4.68483 -4.66237 -4.64013 -4.61817 -4.5966 -4.57548 -4.55488 -4.53485 -4.51544 -4.4967 -4.47866 -4.46136 -4.44483 -4.42909 -4.41416 -4.40007 -4.38683 -4.37446 -4.36296 -4.35235 -4.34265 -4.33385 -4.32596 -4.319 -4.31298 -4.30788 -4.30372 -4.30047 -4.2981 -4.29644 -4.2947 nan nan nan 
nan nan nan -4.28441 -4.28977 -4.29258 -4.29558 -4.29922 -4.30359 -4.30876 -4.31473 -4.32152 -4.32916 -4.33765 -4.34698 -4.35717 -4.3682 -4.38006 -4.39275 -4.40625 -4.42055 -4.43561 -4.45143 -4.46797 -4.4852 -4.50309 -4.52159 -4.54066 -4.56025 -4.5803 -4.60074 -4.6215 -4.6425 -4.66364 -4.68483 -4.70594 -4.72686 -4.74746 -4.76757 -4.78705 -4.80572 -4.82341 -4.83993 -4.8551 -4.86874 -4.88065 -4.89068 -4.89867 -4.9045 -4.90807 -4.90932 -4.90821 -4.90477 -4.89905 -4.89114 -4.88116 -4.86926 -4.85562 -4.84041 -4.82384 -4.80609 -4.78735 -4.76781 -4.74764 -4.72699 -4.70602 -4.68486 -4.66364 -4.64248 -4.62146 -4.6007 -4.58026 -4.56022 -4.54065 -4.5216 -4.50313 -4.48527 -4.46808 -4.45159 -4.43582 -4.42081 -4.40658 -4.39315 -4.38054 -4.36876 -4.35783 -4.34777 -4.33858 -4.33028 -4.32288 -4.31639 -4.31083 -4.3062 -4.30253 -4.29985 -4.29823 -4.29806 -4.30183 nan nan nan 
nan nan nan nan -4.29075 -4.29174 -4.29433 -4.29768 -4.30172 -4.3065 -4.31206 -4.3184 -4.32556 -4.33355 -4.34236 -4.35199 -4.36244 -4.37369 -4.38575 -4.39858 -4.41217 -4.4265 -4.44155 -4.45728 -4.47366 -4.49066 -4.50822 -4.52632 -4.54488 -4.56386 -4.58319 -4.60279 -4.62258 -4.64248 -4.66237 -4.68217 -4.70174 -4.72095 -4.73968 -4.75777 -4.77507 -4.79142 -4.80666 -4.82061 -4.83312 -4.84403 -4.8532 -4.86049 -4.8658 -4.86904 -4.87017 -4.86916 -4.86603 -4.86081 -4.85359 -4.84447 -4.83359 -4.82107 -4.8071 -4.79183 -4.77543 -4.75807 -4.73993 -4.72114 -4.70187 -4.68226 -4.66243 -4.6425 -4.62258 -4.60277 -4.58317 -4.56384 -4.54487 -4.52632 -4.50825 -4.49071 -4.47375 -4.45741 -4.44172 -4.42673 -4.41245 -4.39892 -4.38616 -4.37419 -4.36302 -4.35267 -4.34315 -4.33449 -4.3267 -4.31978 -4.31376 -4.30866 -4.30451 -4.30132 -4.29913 -4.29787 -4.29671 nan nan nan nan 
nan nan nan nan -4.28453 -4.29028 -4.29329 -4.29639 -4.30006 -4.30441 -4.30951 -4.31538 -4.32203 -4.3295 -4.33776 -4.34682 -4.35668 -4.36732 -4.37873 -4.39088 -4.40377 -4.41736 -4.43163 -4.44655 -4.46208 -4.47819 -4.49483 -4.51196 -4.52951 -4.54744 -4.56568 -4.58415 -4.60277 -4.62146 -4.64013 -4.65865 -4.67694 -4.69486 -4.71228 -4.72908 -4.74511 -4.76022 -4.77427 -4.78711 -4.7986 -4.80861 -4.81699 -4.82366 -4.8285 -4.83146 -4.83248 -4.83156 -4.82869 -4.82393 -4.81733 -4.80899 -4.79901 -4.78752 -4.77467 -4.76059 -4.74544 -4.72936 -4.71252 -4.69505 -4.67708 -4.65876 -4.64019 -4.6215 -4.60279 -4.58415 -4.56567 -4.54744 -4.52951 -4.51197 -4.49487 -4.47825 -4.46218 -4.44669 -4.43181 -4.4176 -4.40406 -4.39124 -4.37915 -4.36782 -4.35726 -4.3475 -4.33854 -4.33041 -4.32312 -4.31669 -4.31114 -4.30649 -4.30279 -4.30007 -4.29846 -4.29839 -4.30245 nan nan nan nan 
nan nan nan nan nan -4.29247 -4.29312 -4.2955 -4.29865 -4.30252 -4.30711 -4.31247 -4.3186 -4.32552 -4.33323 -4.34171 -4.35097 -4.36098 -4.37174 -4.38321 -4.39539 -4.40824 -4.42173 -4.43584 -4.45053 -4.46576 -4.48148 -4.49766 -4.51422 -4.53113 -4.5483 -4.56567 -4.58317 -4.6007 -4.61817 -4.6355 -4.65256 -4.66926 -4.68546 -4.70105 -4.71589 -4.72986 -4.74283 -4.75465 -4.76521 -4.77439 -4.78207 -4.78817 -4.7926 -4.7953 -4.79623 -4.79538 -4.79276 -4.7884 -4.78236 -4.77472 -4.76556 -4.75501 -4.74318 -4.73019 -4.71619 -4.70131 -4.68568 -4.66944 -4.6527 -4.6356 -4.61824 -4.60074 -4.58319 -4.56568 -4.5483 -4.53113 -4.51423 -4.49768 -4.48153 -4.46583 -4.45063 -4.43599 -4.42192 -4.40848 -4.39569 -4.38358 -4.37217 -4.36149 -4.35155 -4.34237 -4.33397 -4.32637 -4.31959 -4.31363 -4.30853 -4.30431 -4.30102 -4.29867 -4.2972 -4.29571 nan nan nan nan nan 
nan nan nan nan nan -4.28693 -4.29219 -4.29477 -4.29749 -4.30082 -4.30488 -4.3097 -4.31528 -4.32165 -4.32879 -4.33669 -4.34534 -4.35472 -4.36482 -4.37562 -4.38708 -4.39919 -4.41191 -4.42522 -4.43907 -4.45343 -4.46825 -4.48349 -4.49909 -4.51499 -4.53113 -4.54744 -4.56384 -4.58026 -4.5966 -4.61278 -4.62869 -4.64423 -4.65928 -4.67374 -4.68749 -4.7004 -4.71236 -4.72325 -4.73297 -4.74139 -4.74844 -4.75402 -4.75808 -4.76054 -4.76139 -4.76061 -4.75821 -4.75422 -4.74869 -4.74168 -4.73327 -4.72356 -4.71267 -4.70069 -4.68775 -4.67398 -4.65948 -4.64439 -4.62882 -4.61288 -4.59667 -4.5803 -4.56386 -4.54744 -4.53113 -4.51499 -4.49909 -4.48351 -4.46829 -4.4535 -4.43918 -4.42536 -4.41211 -4.39944 -4.38739 -4.37598 -4.36526 -4.35522 -4.3459 -4.33732 -4.32948 -4.32241 -4.31613 -4.31064 -4.30597 -4.30216 -4.29925 -4.29736 -4.29693 -4.30065 nan nan nan nan nan 
nan nan nan nan nan nan -4.29488 -4.29485 -4.29666 -4.29935 -4.30283 -4.30708 -4.3121 -4.31791 -4.32447 -4.33178 -4.33982 -4.34858 -4.35802 -4.36814 -4.37889 -4.39027 -4.40222 -4.41474 -4.42776 -4.44126 -4.4552 -4.46952 -4.48417 -4.49909 -4.51423 -4.52951 -4.54487 -4.56022 -4.57548 -4.59057 -4.60539 -4.61983 -4.63381 -4.64721 -4.65994 -4.67187 -4.68291 -4.69294 -4.70188 -4.70962 -4.71609 -4.72121 -4.72492 -4.72718 -4.72796 -4.72724 -4.72504 -4.72138 -4.7163 -4.70986 -4.70214 -4.69321 -4.68317 -4.67212 -4.66017 -4.64742 -4.63399 -4.61998 -4.6055 -4.59065 -4.57554 -4.56025 -4.54488 -4.52951 -4.51422 -4.49909 -4.48417 -4.46953 -4.45523 -4.44133 -4.42786 -4.41487 -4.40241 -4.39051 -4.3792 -4.3685 -4.35846 -4.34907 -4.34038 -4.33238 -4.32511 -4.31857 -4.31277 -4.30774 -4.30349 -4.30004 -4.29741 -4.29552 -4.29346 nan nan nan nan nan nan 
nan nan nan nan nan nan -4.28967 -4.29406 -4.29591 -4.29806 -4.30093 -4.30461 -4.30907 -4.31431 -4.32029 -4.32702 -4.33445 -4.34258 -4.35137 -4.36081 -4.37087 -4.38151 -4.39271 -4.40444 -4.41665 -4.42931 -4.44238 -4.4558 -4.46953 -4.48351 -4.49768 -4.51197 -4.52632 -4.54065 -4.55488 -4.56893 -4.58271 -4.59613 -4.6091 -4.62152 -4.63329 -4.64431 -4.65449 -4.66374 -4.67197 -4.67908 -4.68502 -4.68972 -4.69312 -4.69519 -4.6959 -4.69524 -4.69322 -4.68986 -4.6852 -4.67929 -4.67218 -4.66397 -4.65472 -4.64452 -4.63348 -4.62169 -4.60924 -4.59625 -4.5828 -4.56899 -4.55492 -4.54066 -4.52632 -4.51196 -4.49766 -4.48349 -4.46952 -4.4558 -4.4424 -4.42936 -4.41674 -4.40457 -4.39289 -4.38175 -4.37117 -4.36118 -4.35181 -4.34308 -4.335 -4.3276 -4.32089 -4.31488 -4.30958 -4.305 -4.30115 -4.29805 -4.29579 -4.29482 -4.29786 nan nan nan nan nan nan 
nan nan nan nan nan nan nan -4.29672 -4.29584 -4.29698 -4.2992 -4.30229 -4.3062 -4.31087 -4.31629 -4.32243 -4.32926 -4.33677 -4.34492 -4.35369 -4.36305 -4.37298 -4.38343 -4.39438 -4.4058 -4.41763 -4.42985 -4.4424 -4.45523 -4.46829 -4.48153 -4.49487 -4.50825 -4.5216 -4.53485 -4.54791 -4.56072 -4.57317 -4.58519 -4.59668 -4.60757 -4.61775 -4.62714 -4.63566 -4.64323 -4.64977 -4.65523 -4.65954 -4.66266 -4.66455 -4.6652 -4.6646 -4.66274 -4.65966 -4.65537 -4.64994 -4.64341 -4.63584 -4.62732 -4.61792 -4.60772 -4.59682 -4.5853 -4.57326 -4.56078 -4.54795 -4.53486 -4.52159 -4.50822 -4.49483 -4.48148 -4.46825 -4.4552 -4.44238 -4.42985 -4.41766 -4.40586 -4.39449 -4.3836 -4.3732 -4.36335 -4.35406 -4.34537 -4.33728 -4.32983 -4.32302 -4.31687 -4.31139 -4.30659 -4.30247 -4.29901 -4.29618 -4.29382 -4.29105 nan nan nan nan nan nan nan 
nan nan nan nan nan nan nan -4.29155 -4.29473 -4.2958 -4.29753 -4.30011 -4.30349 -4.30762 -4.31248 -4.31804 -4.32428 -4.33118 -4.33869 -4.34681 -4.35548 -4.3647 -4.37442 -4.38461 -4.39524 -4.40627 -4.41766 -4.42936 -4.44133 -4.4535 -4.46583 -4.47825 -4.49071 -4.50313 -4.51544 -4.52757 -4.53945 -4.55099 -4.56212 -4.57275 -4.5828 -4.5922 -4.60086 -4.60871 -4.61567 -4.62169 -4.6267 -4.63066 -4.63352 -4.63526 -4.63585 -4.63529 -4.63359 -4.63075 -4.62682 -4.62182 -4.61582 -4.60885 -4.601 -4.59233 -4.58292 -4.57285 -4.56219 -4.55104 -4.53948 -4.52758 -4.51542 -4.50309 -4.49066 -4.47819 -4.46576 -4.45343 -4.44126 -4.42931 -4.41763 -4.40627 -4.39528 -4.3847 -4.37456 -4.36491 -4.35577 -4.34718 -4.33916 -4.33172 -4.32489 -4.31868 -4.3131 -4.30815 -4.30385 -4.30021 -4.2972 -4.2948 -4.29324 -4.29524 nan nan nan nan nan nan nan 
nan nan nan nan nan nan nan nan -4.29667 -4.29493 -4.29598 -4.2981 -4.30097 -4.30457 -4.30888 -4.31388 -4.31955 -4.32584 -4.33274 -4.3402 -4.34821 -4.35673 -4.36573 -4.37517 -4.38504 -4.39528 -4.40586 -4.41674 -4.42786 -4.43918 -4.45063 -4.46218 -4.47375 -4.48527 -4.4967 -4.50794 -4.51895 -4.52963 -4.53992 -4.54974 -4.55902 -4.56768 -4.57566 -4.58289 -4.58929 -4.59483 -4.59943 -4.60306 -4.60569 -4.60728 -4.60782 -4.60731 -4.60574 -4.60314 -4.59952 -4.59493 -4.58941 -4.583 -4.57577 -4.56778 -4.5591 -4.5498 -4.53996 -4.52964 -4.51894 -4.50791 -4.49664 -4.4852 -4.47366 -4.46208 -4.45053 -4.43907 -4.42776 -4.41665 -4.4058 -4.39524 -4.38504 -4.37522 -4.36584 -4.35691 -4.34848 -4.34058 -4.33322 -4.32644 -4.32023 -4.31462 -4.30961 -4.3052 -4.30141 -4.29826 -4.29574 -4.29355 -4.29003 nan nan nan nan nan nan nan nan 
nan nan nan nan nan nan nan nan -4.29091 -4.29226 -4.29433 -4.2963 -4.29868 -4.30174 -4.30552 -4.30998 -4.31508 -4.3208 -4.32708 -4.33391 -4.34126 -4.34909 -4.35739 -4.36611 -4.37522 -4.3847 -4.39449 -4.40457 -4.41487 -4.42536 -4.43599 -4.44669 -4.45741 -4.46808 -4.47866 -4.48907 -4.49924 -4.50911 -4.51861 -4.52767 -4.53623 -4.54421 -4.55156 -4.55821 -4.5641 -4.56918 -4.57341 -4.57674 -4.57915 -4.58061 -4.5811 -4.58063 -4.57919 -4.5768 -4.57348 -4.56926 -4.56418 -4.55829 -4.55163 -4.54427 -4.53627 -4.5277 -4.51861 -4.50909 -4.49919 -4.48899 -4.47857 -4.46797 -4.45728 -4.44655 -4.43584 -4.42522 -4.41474 -4.40444 -4.39438 -4.38461 -4.37517 -4.36611 -4.35745 -4.34924 -4.34151 -4.33429 -4.3276 -4.32146 -4.31588 -4.31088 -4.30644 -4.30257 -4.29928 -4.29664 -4.29492 -4.29463 -4.29479 nan nan nan nan nan nan nan nan 
nan nan nan nan nan nan nan nan nan -4.28985 -4.29377 -4.29503 -4.29668 -4.29916 -4.3024 -4.30635 -4.31092 -4.31608 -4.32177 -4.32798 -4.33468 -4.34185 -4.34944 -4.35745 -4.36584 -4.37456 -4.3836 -4.39289 -4.40241 -4.41211 -4.42192 -4.43181 -4.44172 -4.45159 -4.46136 -4.47097 -4.48036 -4.48947 -4.49822 -4.50658 -4.51445 -4.5218 -4.52856 -4.53467 -4.54008 -4.54474 -4.54862 -4.55168 -4.55389 -4.55523 -4.55568 -4.55524 -4.55392 -4.55172 -4.54867 -4.5448 -4.54013 -4.53471 -4.52859 -4.52182 -4.51446 -4.50656 -4.49818 -4.4894 -4.48027 -4.47085 -4.46122 -4.45143 -4.44155 -4.43163 -4.42173 -4.41191 -4.40222 -4.39271 -4.38343 -4.37442 -4.36573 -4.35739 -4.34944 -4.34193 -4.33489 -4.32833 -4.3223 -4.31681 -4.31188 -4.30749 -4.30365 -4.30031 -4.29745 -4.29507 -4.29364 -4.29624 nan nan nan nan nan nan nan nan nan 
nan nan nan nan nan nan nan nan nan nan -4.29681 -4.29432 -4.29484 -4.29675 -4.29954 -4.30303 -4.3071 -4.31172 -4.31685 -4.32245 -4.32851 -4.33501 -4.34193 -4.34924 -4.35691 -4.36491 -4.3732 -4.38175 -4.39051 -4.39944 -4.40848 -4.4176 -4.42673 -4.43582 -4.44483 -4.45368 -4.46233 -4.47071 -4.47877 -4.48645 -4.4937 -4.50045 -4.50665 -4.51226 -4.51723 -4.52151 -4.52507 -4.52787 -4.52989 -4.53112 -4.53153 -4.53113 -4.52991 -4.5279 -4.5251 -4.52154 -4.51726 -4.51228 -4.50666 -4.50044 -4.49366 -4.48639 -4.47869 -4.4706 -4.46219 -4.45351 -4.44464 -4.43561 -4.4265 -4.41736 -4.40824 -4.39919 -4.39027 -4.38151 -4.37298 -4.3647 -4.35673 -4.34909 -4.34185 -4.33501 -4.32864 -4.32275 -4.31737 -4.31253 -4.30824 -4.3045 -4.30129 -4.29854 -4.2961 -4.2935 -4.28927 nan nan nan nan nan nan nan nan nan nan 
nan nan nan nan nan nan nan nan nan nan -4.29166 -4.29161 -4.29258 -4.29442 -4.29695 -4.30005 -4.30368 -4.30778 -4.31234 -4.31735 -4.32279 -4.32864 -4.33489 -4.34151 -4.34848 -4.35577 -4.36335 -4.37117 -4.3792 -4.38739 -4.39569 -4.40406 -4.41245 -4.42081 -4.42909 -4.43722 -4.44517 -4.45287 -4.46027 -4.46732 -4.47397 -4.48017 -4.48586 -4.491 -4.49555 -4.49947 -4.50273 -4.50529 -4.50715 -4.50826 -4.50864 -4.50827 -4.50716 -4.50531 -4.50275 -4.49948 -4.49555 -4.49099 -4.48583 -4.48012 -4.4739 -4.46722 -4.46014 -4.45271 -4.44498 -4.437 -4.42884 -4.42055 -4.41217 -4.40377 -4.39539 -4.38708 -4.37889 -4.37087 -4.36305 -4.35548 -4.34821 -4.34126 -4.33468 -4.32851 -4.32279 -4.31754 -4.31281 -4.30862 -4.30499 -4.30193 -4.29942 -4.29744 -4.29588 -4.29458 -4.29338 nan nan nan nan nan nan nan nan nan nan 
nan nan nan nan nan nan nan nan nan nan nan -4.28888 -4.29044 -4.29237 -4.29473 -4.29751 -4.3007 -4.30431 -4.30832 -4.31273 -4.31754 -4.32275 -4.32833 -4.33429 -4.34058 -4.34718 -4.35406 -4.36118 -4.3685 -4.37598 -4.38358 -4.39124 -4.39892 -4.40658 -4.41416 -4.42162 -4.4289 -4.43595 -4.44273 -4.44919 -4.45528 -4.46095 -4.46616 -4.47087 -4.47503 -4.47862 -4.4816 -4.48394 -4.48564 -4.48666 -4.487 -4.48666 -4.48564 -4.48395 -4.4816 -4.47862 -4.47502 -4.47084 -4.46611 -4.46087 -4.45517 -4.44905 -4.44256 -4.43574 -4.42865 -4.42134 -4.41385 -4.40625 -4.39858 -4.39088 -4.38321 -4.37562 -4.36814 -4.36081 -4.35369 -4.34681 -4.3402 -4.33391 -4.32798 -4.32245 -4.31735 -4.31273 -4.30862 -4.30507 -4.3021 -4.29974 -4.298 -4.29688 -4.29638 -4.29656 nan nan nan nan nan nan nan nan nan nan nan 
nan nan nan nan nan nan nan nan nan nan nan nan -4.28891 -4.29087 -4.29305 -4.2955 -4.29827 -4.30136 -4.30481 -4.30862 -4.31281 -4.31737 -4.3223 -4.3276 -4.33322 -4.33916 -4.34537 -4.35181 -4.35846 -4.36526 -4.37217 -4.37915 -4.38616 -4.39315 -4.40007 -4.40688 -4.41353 -4.41997 -4.42617 -4.43207 -4.43763 -4.44281 -4.44757 -4.45186 -4.45567 -4.45894 -4.46166 -4.46381 -4.46535 -4.46628 -4.4666 -4.46629 -4.46536 -4.46381 -4.46166 -4.45893 -4.45564 -4.45182 -4.44749 -4.4427 -4.43749 -4.43188 -4.42594 -4.41971 -4.41322 -4.40654 -4.3997 -4.39275 -4.38575 -4.37873 -4.37174 -4.36482 -4.35802 -4.35137 -4.34492 -4.33869 -4.33274 -4.32708 -4.32177 -4.31685 -4.31234 -4.30832 -4.30481 -4.30188 -4.29956 -4.2979 -4.29692 -4.29668 -4.29721 nan nan nan nan nan nan nan nan nan nan nan nan 
nan nan nan nan nan nan nan nan nan nan nan nan nan -4.29012 -4.29205 -4.29414 -4.29644 -4.29901 -4.30188 -4.30507 -4.30862 -4.31253 -4.31681 -4.32146 -4.32644 -4.33172 -4.33728 -4.34308 -4.34907 -4.35522 -4.36149 -4.36782 -4.37419 -4.38054 -4.38683 -4.39302 -4.39908 -4.40494 -4.41058 -4.41596 -4.42102 -4.42574 -4.43007 -4.43399 -4.43745 -4.44043 -4.44291 -4.44487 -4.44628 -4.44713 -4.44741 -4.44713 -4.44628 -4.44487 -4.44291 -4.44042 -4.43741 -4.43392 -4.42998 -4.4256 -4.42084 -4.41573 -4.41031 -4.40462 -4.3987 -4.39261 -4.38638 -4.38006 -4.37369 -4.36732 -4.36098 -4.35472 -4.34858 -4.34258 -4.33677 -4.33118 -4.32584 -4.3208 -4.31608 -4.31172 -4.30778 -4.30431 -4.30136 -4.29901 -4.29731 -4.29632 -4.29608 -4.29667 nan nan nan nan nan nan nan nan nan nan nan nan nan 
nan nan nan nan nan nan nan nan nan nan nan nan nan nan -4.29184 -4.29351 -4.29531 -4.29731 -4.29956 -4.3021 -4.30499 -4.30824 -4.31188 -4.31588 -4.32023 -4.32489 -4.32983 -4.335 -4.34038 -4.3459 -4.35155 -4.35726 -4.36302 -4.36876 -4.37446 -4.38007 -4.38555 -4.39087 -4.39598 -4.40086 -4.40545 -4.40973 -4.41367 -4.41723 -4.42037 -4.42309 -4.42534 -4.42712 -4.4284 -4.42918 -4.42944 -4.42918 -4.42841 -4.42712 -4.42534 -4.42307 -4.42034 -4.41716 -4.41356 -4.40958 -4.40524 -4.40059 -4.39566 -4.39048 -4.38511 -4.37957 -4.37392 -4.3682 -4.36244 -4.35668 -4.35097 -4.34534 -4.33982 -4.33445 -4.32926 -4.32428 -4.31955 -4.31508 -4.31092 -4.3071 -4.30368 -4.3007 -4.29827 -4.29644 -4.29531 -4.29494 -4.29539 nan nan nan nan nan nan nan nan nan nan nan nan nan nan 
nan nan nan nan nan nan nan nan nan nan nan nan nan nan nan -4.2937 -4.29494 -4.29632 -4.2979 -4.29974 -4.30193 -4.3045 -4.30749 -4.31088 -4.31462 -4.31868 -4.32302 -4.3276 -4.33238 -4.33732 -4.34237 -4.3475 -4.35267 -4.35783 -4.36296 -4.36801 -4.37296 -4.37775 -4.38237 -4.38677 -4.39093 -4.3948 -4.39836 -4.40158 -4.40443 -4.40689 -4.40893 -4.41055 -4.41171 -4.41242 -4.41266 -4.41243 -4.41173 -4.41056 -4.40894 -4.40688 -4.4044 -4.40151 -4.39825 -4.39463 -4.39069 -4.38647 -4.38199 -4.3773 -4.37243 -4.36743 -4.36233 -4.35717 -4.35199 -4.34682 -4.34171 -4.33669 -4.33178 -4.32702 -4.32243 -4.31804 -4.31388 -4.30998 -4.30635 -4.30303 -4.30005 -4.29751 -4.2955 -4.29414 -4.29351 -4.2937 nan nan nan nan nan nan nan nan nan nan nan nan nan nan nan 
nan nan nan nan nan nan nan nan nan nan nan nan nan nan nan nan -4.29539 -4.29608 -4.29692 -4.298 -4.29942 -4.30129 -4.30365 -4.30644 -4.30961 -4.3131 -4.31687 -4.32089 -4.32511 -4.32948 -4.33397 -4.33854 -4.34315 -4.34777 -4.35235 -4.35688 -4.3613 -4.3656 -4.36975 -4.3737 -4.37744 -4.38092 -4.38413 -4.38703 -4.38961 -4.39183 -4.39368 -4.39514 -4.39619 -4.39684 -4.39706 -4.39685 -4.39622 -4.39517 -4.39371 -4.39184 -4.38959 -4.38698 -4.38402 -4.38075 -4.37718 -4.37336 -4.36932 -4.36508 -4.36069 -4.35619 -4.35161 -4.34698 -4.34236 -4.33776 -4.33323 -4.32879 -4.32447 -4.32029 -4.31629 -4.31248 -4.30888 -4.30552 -4.3024 -4.29954 -4.29695 -4.29473 -4.29305 -4.29205 -4.29184 nan nan nan nan nan nan nan nan nan nan nan nan nan nan nan nan 
nan nan nan nan nan nan nan nan nan nan nan nan nan nan nan nan nan -4.29667 -4.29668 -4.29688 -4.29744 -4.29854 -4.30031 -4.30257 -4.3052 -4.30815 -4.31139 -4.31488 -4.31857 -4.32241 -4.32637 -4.33041 -4.33449 -4.33858 -4.34265 -4.34666 -4.3506 -4.35442 -4.35812 -4.36165 -4.36498 -4.3681 -4.37098 -4.37358 -4.3759 -4.3779 -4.37956 -4.38088 -4.38184 -4.38242 -4.38263 -4.38245 -4.38189 -4.38094 -4.37963 -4.37794 -4.37592 -4.37356 -4.37089 -4.36793 -4.36472 -4.36128 -4.35764 -4.35383 -4.34989 -4.34585 -4.34176 -4.33765 -4.33355 -4.3295 -4.32552 -4.32165 -4.31791 -4.31431 -4.31087 -4.30762 -4.30457 -4.30174 -4.29916 -4.29675 -4.29442 -4.29237 -4.29087 -4.29012 nan nan nan nan nan nan nan nan nan nan nan nan nan nan nan nan nan 
nan nan nan nan nan nan nan nan nan nan nan nan nan nan nan nan nan nan -4.29721 -4.29638 -4.29588 -4.2961 -4.29745 -4.29928 -4.30141 -4.30385 -4.30659 -4.30958 -4.31277 -4.31613 -4.31959 -4.32312 -4.3267 -4.33028 -4.33385 -4.33737 -4.34084 -4.34421 -4.34747 -4.3506 -4.35356 -4.35634 -4.3589 -4.36122 -4.36329 -4.36508 -4.36658 -4.36776 -4.36863 -4.36916 -4.36936 -4.36921 -4.36871 -4.36787 -4.36669 -4.36518 -4.36336 -4.36124 -4.35884 -4.35618 -4.3533 -4.35021 -4.34694 -4.34354 -4.34002 -4.33642 -4.33279 -4.32916 -4.32556 -4.32203 -4.3186 -4.31528 -4.3121 -4.30907 -4.3062 -4.30349 -4.30097 -4.29868 -4.29668 -4.29484 -4.29258 -4.29044 -4.28891 nan nan nan nan nan nan nan nan nan nan nan nan nan nan nan nan nan nan 
nan nan nan nan nan nan nan nan nan nan nan nan nan nan nan nan nan nan nan -4.29656 -4.29458 -4.2935 -4.29507 -4.29664 -4.29826 -4.30021 -4.30247 -4.305 -4.30774 -4.31064 -4.31363 -4.31669 -4.31978 -4.32288 -4.32596 -4.32902 -4.33203 -4.33496 -4.33781 -4.34055 -4.34316 -4.34561 -4.34787 -4.34993 -4.35177 -4.35337 -4.35471 -4.35577 -4.35656 -4.35705 -4.35724 -4.35711 -4.35668 -4.35594 -4.35489 -4.35354 -4.35191 -4.35002 -4.34787 -4.3455 -4.34292 -4.34016 -4.33725 -4.33421 -4.33108 -4.3279 -4.3247 -4.32152 -4.3184 -4.31538 -4.31247 -4.3097 -4.30708 -4.30461 -4.30229 -4.30011 -4.2981 -4.2963 -4.29503 -4.29432 -4.29161 -4.28888 nan nan nan nan nan nan nan nan nan nan nan nan nan nan nan nan nan nan nan 
nan nan nan nan nan nan nan nan nan nan nan nan nan nan nan nan nan nan nan nan -4.29338 -4.28927 -4.29364 -4.29492 -4.29574 -4.2972 -4.29901 -4.30115 -4.30349 -4.30597 -4.30853 -4.31114 -4.31376 -4.31639 -4.319 -4.3216 -4.32416 -4.32668 -4.32914 -4.33151 -4.33378 -4.33591 -4.3379 -4.33971 -4.34133 -4.34275 -4.34394 -4.3449 -4.34561 -4.34606 -4.34625 -4.34616 -4.34579 -4.34514 -4.34422 -4.34303 -4.34158 -4.33989 -4.33798 -4.33587 -4.33358 -4.33112 -4.32854 -4.32585 -4.32308 -4.32028 -4.31748 -4.31473 -4.31206 -4.30951 -4.30711 -4.30488 -4.30283 -4.30093 -4.2992 -4.29753 -4.29598 -4.29433 -4.29377 -4.29681 -4.29166 nan nan nan nan nan nan nan nan nan nan nan nan nan nan nan nan nan nan nan nan 
nan nan nan nan nan nan nan nan nan nan nan nan nan nan nan nan nan nan nan nan nan nan -4.29624 -4.29463 -4.29355 -4.2948 -4.29618 -4.29805 -4.30004 -4.30216 -4.30431 -4.30649 -4.30866 -4.31083 -4.31298 -4.31512 -4.31725 -4.31935 -4.32143 -4.32345 -4.32539 -4.32724 -4.32897 -4.33055 -4.33196 -4.3332 -4.33426 -4.33512 -4.33577 -4.33619 -4.33639 -4.33634 -4.33604 -4.33548 -4.33467 -4.33362 -4.33234 -4.33085 -4.32916 -4.32729 -4.32527 -4.32311 -4.32083 -4.31845 -4.31601 -4.31356 -4.31112 -4.30876 -4.3065 -4.30441 -4.30252 -4.30082 -4.29935 -4.29806 -4.29698 -4.2958 -4.29493 -4.29226 -4.28985 nan nan nan nan nan nan nan nan nan nan nan nan nan nan nan nan nan nan nan nan nan nan 
nan nan nan nan nan nan nan nan nan nan nan nan nan nan nan nan nan nan nan nan nan nan nan -4.29479 -4.29003 -4.29324 -4.29382 -4.29579 -4.29741 -4.29925 -4.30102 -4.30279 -4.30451 -4.3062 -4.30788 -4.30956 -4.31126 -4.31297 -4.31467 -4.31636 -4.31801 -4.31959 -4.32107 -4.32242 -4.32365 -4.32472 -4.32565 -4.32642 -4.32702 -4.32743 -4.32764 -4.32763 -4.3274 -4.32694 -4.32625 -4.32533 -4.3242 -4.32288 -4.3214 -4.31977 -4.31801 -4.31612 -4.31411 -4.31202 -4.30988 -4.30774 -4.30562 -4.30359 -4.30172 -4.30006 -4.29865 -4.29749 -4.29666 -4.29591 -4.29584 -4.29473 -4.29667 -4.29091 nan nan nan nan nan nan nan nan nan nan nan nan nan nan nan nan nan nan nan nan nan nan nan 
nan nan nan nan nan nan nan nan nan nan nan nan nan nan nan nan nan nan nan nan nan nan nan nan nan -4.29524 -4.29105 -4.29482 -4.29552 -4.29736 -4.29867 -4.30007 -4.30132 -4.30253 -4.30372 -4.30493 -4.3062 -4.30751 -4.30885 -4.31022 -4.3116 -4.31294 -4.31419 -4.31534 -4.31637 -4.31729 -4.31809 -4.31879 -4.31934 -4.31975 -4.31999 -4.32005 -4.3199 -4.31953 -4.31895 -4.31815 -4.31715 -4.31599 -4.31469 -4.31329 -4.31178 -4.31015 -4.30841 -4.30657 -4.30469 -4.30281 -4.30096 -4.29922 -4.29768 -4.29639 -4.2955 -4.29477 -4.29485 -4.29406 -4.29672 -4.29155 nan nan nan nan nan nan nan nan nan nan nan nan nan nan nan nan nan nan nan nan nan nan nan nan nan 
nan nan nan nan nan nan nan nan nan nan nan nan nan nan nan nan nan nan nan nan nan nan nan nan nan nan nan -4.29786 -4.29346 -4.29693 -4.2972 -4.29846 -4.29913 -4.29985 -4.30047 -4.30119 -4.30205 -4.30296 -4.30394 -4.30501 -4.30615 -4.3073 -4.30835 -4.30928 -4.31011 -4.31087 -4.31156 -4.31219 -4.31272 -4.31315 -4.31344 -4.31357 -4.31351 -4.31325 -4.31277 -4.31207 -4.31119 -4.31015 -4.30902 -4.30784 -4.3066 -4.30524 -4.30373 -4.3021 -4.30044 -4.29881 -4.29715 -4.29558 -4.29433 -4.29329 -4.29312 -4.29219 -4.29488 -4.28967 nan nan nan nan nan nan nan nan nan nan nan nan nan nan nan nan nan nan nan nan nan nan nan nan nan nan nan 
nan nan nan nan nan nan nan nan nan nan nan nan nan nan nan nan nan nan nan nan nan nan nan nan nan nan nan nan nan -4.30065 -4.29571 -4.29839 -4.29787 -4.29823 -4.2981 -4.29826 -4.29881 -4.29931 -4.29987 -4.30066 -4.30165 -4.30269 -4.30355 -4.30425 -4.30486 -4.30544 -4.30603 -4.3066 -4.30713 -4.3076 -4.30797 -4.3082 -4.30825 -4.30811 -4.30773 -4.30712 -4.30631 -4.30535 -4.30434 -4.30337 -4.30248 -4.30143 -4.30012 -4.29861 -4.29711 -4.2958 -4.29421 -4.29258 -4.29174 -4.29028 -4.29247 -4.28693 nan nan nan nan nan nan nan nan nan nan nan nan nan nan nan nan nan nan nan nan nan nan nan nan nan nan nan nan nan 
nan nan nan nan nan nan nan nan nan nan nan nan nan nan nan nan nan nan nan nan nan nan nan nan nan nan nan nan nan nan nan -4.30245 -4.29671 -4.29806 -4.29644 -4.29589 -4.29661 -4.29654 -4.29655 -4.29705 -4.29804 -4.29919 -4.29987 -4.30025 -4.30057 -4.30096 -4.30143 -4.30198 -4.30254 -4.30309 -4.30356 -4.30393 -4.30414 -4.30413 -4.30386 -4.30332 -4.30253 -4.30154 -4.30055 -4.2998 -4.29946 -4.29884 -4.29768 -4.29608 -4.29457 -4.29402 -4.29229 -4.28977 -4.29075 -4.28453 nan nan nan nan nan nan nan nan nan nan nan nan nan nan nan nan nan nan nan nan nan nan nan nan nan nan nan nan nan nan nan 
nan nan nan nan nan nan nan nan nan nan nan nan nan nan nan nan nan nan nan nan nan nan nan nan nan nan nan nan nan nan nan nan nan -4.30183 -4.2947 -4.29323 -4.29615 -4.29469 -4.2937 -4.29391 -4.29523 -4.29711 -4.29744 -4.29727 -4.29718 -4.29733 -4.29772 -4.29828 -4.29892 -4.29958 -4.3002 -4.30078 -4.30119 -4.30136 -4.30122 -4.30074 -4.29989 -4.29872 -4.29747 -4.29678 -4.29766 -4.29777 -4.29667 -4.29445 -4.29204 -4.29443 -4.29215 -4.28441 nan nan nan nan nan nan nan nan nan nan nan nan nan nan nan nan nan nan nan nan nan nan nan nan nan nan nan nan nan nan nan nan nan 
nan nan nan nan nan nan nan nan nan nan nan nan nan nan nan nan nan nan nan nan nan nan nan nan nan nan nan nan nan nan nan nan nan nan nan nan -4.30101 -4.29337 -4.29063 -4.29065 -4.29281 -4.29754 -4.29649 -4.29518 -4.29451 -4.29444 -4.2948 -4.29545 -4.29623 -4.29705 -4.29785 -4.29873 -4.29943 -4.29985 -4.2999 -4.29949 -4.29854 -4.29695 -4.29481 -4.29315 -4.29761 -4.29887 -4.29778 -4.294 -4.28568 nan nan nan nan nan nan nan nan nan nan nan nan nan nan nan nan nan nan nan nan nan nan nan nan nan nan nan nan nan nan nan nan nan nan nan nan 
nan nan nan nan nan nan nan nan nan nan nan nan nan nan nan nan nan nan nan nan nan nan nan nan nan nan nan nan nan nan nan nan nan nan nan nan nan nan nan nan nan -4.30468 -4.2968 -4.29346 -4.29221 -4.29207 -4.29257 -4.29343 -4.29446 -4.2955 -4.29635 -4.29782 -4.29893 -4.29968 -4.3 -4.29978 -4.29882 -4.29673 -4.29265 -4.2843 nan nan nan nan nan nan nan nan nan nan nan nan nan nan nan nan nan nan nan nan nan nan nan nan nan nan nan nan nan nan nan nan nan nan nan nan nan nan nan nan nan 
nan nan nan nan nan nan nan nan nan nan nan nan nan nan nan nan nan nan nan nan nan nan nan nan nan nan nan nan nan nan nan nan nan nan nan nan nan nan nan nan nan nan nan nan nan nan nan nan nan nan -4.29521 nan nan nan nan nan nan nan nan nan nan nan nan nan nan nan nan nan nan nan nan nan nan nan nan nan nan nan nan nan nan nan nan nan nan nan nan nan nan nan nan nan nan nan nan nan nan nan nan nan nan 
