nan nan nan nan nan nan nan nan nan nan nan nan nan nan nan nan nan nan nan nan nan nan nan nan nan nan nan nan nan nan nan nan nan nan nan nan nan nan nan nan nan nan nan nan nan nan nan nan nan nan -4.09558 nan nan nan nan nan nan nan nan nan nan nan nan nan nan nan nan nan nan nan nan nan nan nan nan nan nan nan nan nan nan nan nan nan nan nan nan nan nan nan nan nan nan nan nan nan nan nan nan nan nan 
nan nan nan nan nan nan nan nan nan nan nan nan nan nan nan nan nan nan nan nan nan nan nan nan nan nan nan nan nan nan nan nan nan nan nan nan nan nan nan nan nan -4.08471 -4.09305 -4.09711 -4.09918 -4.10012 -4.10032 -4.09998 -4.09923 -4.09812 -4.09667 -4.0958 -4.09476 -4.09373 -4.09289 -4.0924 -4.09256 -4.09383 -4.09719 -4.10508 nan nan nan nan nan nan nan nan nan nan nan nan nan nan nan nan nan nan nan nan nan nan nan nan nan nan nan nan nan nan nan nan nan nan nan nan nan nan nan nan nan 
nan nan nan nan nan nan nan nan nan nan nan nan nan nan nan nan nan nan nan nan nan nan nan nan nan nan nan nan nan nan nan nan nan nan nan nan -4.08614 -4.09445 -4.0982 -4.09927 -4.09798 -4.09351 -4.09515 -4.09727 -4.09884 -4.09977 -4.10016 -4.1001 -4.09967 -4.09896 -4.09808 -4.09728 -4.09646 -4.09569 -4.09506 -4.09471 -4.0948 -4.0955 -4.09683 -4.0979 -4.09317 -4.09103 -4.09105 -4.09382 -4.10147 nan nan nan nan nan nan nan nan nan nan nan nan nan nan nan nan nan nan nan nan nan nan nan nan nan nan nan nan nan nan nan nan nan nan nan nan 
nan nan nan nan nan nan nan nan nan nan nan nan nan nan nan nan nan nan nan nan nan nan nan nan nan nan nan nan nan nan nan nan nan -4.08489 -4.09261 -4.09487 -4.09247 -4.09485 -4.09704 -4.0981 -4.09797 -4.09706 -4.09772 -4.09894 -4.10008 -4.1009 -4.10136 -4.10148 -4.1013 -4.10088 -4.1003 -4.09968 -4.09903 -4.0984 -4.09786 -4.09749 -4.09736 -4.09748 -4.09769 -4.09738 -4.09553 -4.09424 -4.09406 -4.09509 -4.09657 -4.09367 -4.09515 -4.10231 nan nan nan nan nan nan nan nan nan nan nan nan nan nan nan nan nan nan nan nan nan nan nan nan nan nan nan nan nan nan nan nan nan 
nan nan nan nan nan nan nan nan nan nan nan nan nan nan nan nan nan nan nan nan nan nan nan nan nan nan nan nan nan nan nan -4.08499 -4.0912 -4.09021 -4.0927 -4.0944 -4.09492 -4.09639 -4.09795 -4.09906 -4.09963 -4.09993 -4.10064 -4.1016 -4.10255 -4.10331 -4.10382 -4.10407 -4.10406 -4.10385 -4.10347 -4.103 -4.10246 -4.10191 -4.10139 -4.10094 -4.10059 -4.1003 -4.09996 -4.09932 -4.09821 -4.09726 -4.0968 -4.09684 -4.09695 -4.09626 -4.09684 -4.09849 -4.09715 -4.10291 nan nan nan nan nan nan nan nan nan nan nan nan nan nan nan nan nan nan nan nan nan nan nan nan nan nan nan nan nan nan nan 
nan nan nan nan nan nan nan nan nan nan nan nan nan nan nan nan nan nan nan nan nan nan nan nan nan nan nan nan nan -4.08738 -4.0929 -4.09069 -4.09213 -4.09294 -4.09452 -4.09606 -4.09733 -4.09877 -4.10022 -4.10147 -4.10246 -4.10331 -4.10422 -4.10518 -4.1061 -4.10688 -4.10745 -4.1078 -4.10793 -4.10786 -4.10763 -4.10726 -4.10681 -4.10629 -4.10574 -4.10519 -4.10465 -4.10408 -4.10343 -4.10261 -4.10163 -4.10069 -4.09997 -4.09946 -4.09902 -4.09852 -4.09841 -4.09858 -4.09825 -4.0988 -4.09614 -4.10109 nan nan nan nan nan nan nan nan nan nan nan nan nan nan nan nan nan nan nan nan nan nan nan nan nan nan nan nan nan 
nan nan nan nan nan nan nan nan nan nan nan nan nan nan nan nan nan nan nan nan nan nan nan nan nan nan nan -4.09012 -4.09531 -4.0926 -4.09349 -4.09362 -4.09462 -4.09581 -4.09732 -4.09891 -4.10047 -4.10206 -4.10361 -4.10505 -4.10634 -4.10751 -4.10864 -4.10971 -4.11069 -4.11153 -4.11219 -4.11264 -4.11288 -4.11292 -4.11279 -4.1125 -4.11209 -4.11157 -4.11098 -4.11032 -4.10961 -4.10883 -4.10796 -4.10697 -4.10589 -4.10481 -4.10382 -4.10292 -4.10208 -4.10128 -4.10064 -4.10008 -4.09941 -4.09879 -4.09757 -4.09734 -4.09389 -4.09831 nan nan nan nan nan nan nan nan nan nan nan nan nan nan nan nan nan nan nan nan nan nan nan nan nan nan nan 
nan nan nan nan nan nan nan nan nan nan nan nan nan nan nan nan nan nan nan nan nan nan nan nan nan -4.09202 -4.09716 -4.09447 -4.09522 -4.09509 -4.09576 -4.0966 -4.09781 -4.09927 -4.10093 -4.10269 -4.10448 -4.10627 -4.10802 -4.10968 -4.11122 -4.11265 -4.11398 -4.11521 -4.11631 -4.11725 -4.118 -4.11855 -4.11889 -4.11903 -4.11897 -4.11873 -4.11834 -4.1178 -4.11715 -4.11638 -4.11552 -4.11455 -4.11347 -4.1123 -4.11104 -4.10974 -4.10846 -4.10721 -4.10599 -4.10481 -4.10368 -4.10258 -4.10145 -4.10027 -4.09894 -4.09768 -4.09589 -4.09523 -4.09149 -4.09571 nan nan nan nan nan nan nan nan nan nan nan nan nan nan nan nan nan nan nan nan nan nan nan nan nan 
nan nan nan nan nan nan nan nan nan nan nan nan nan nan nan nan nan nan nan nan nan nan nan -4.09141 -4.09714 -4.09516 -4.09623 -4.09625 -4.09693 -4.09768 -4.09877 -4.10008 -4.10165 -4.10342 -4.10534 -4.10735 -4.10939 -4.11142 -4.1134 -4.1153 -4.11709 -4.11876 -4.1203 -4.1217 -4.12295 -4.12402 -4.12488 -4.12553 -4.12597 -4.12618 -4.12617 -4.12597 -4.12558 -4.12501 -4.12428 -4.1234 -4.12239 -4.12124 -4.11996 -4.11857 -4.11709 -4.11554 -4.11395 -4.11236 -4.11076 -4.10917 -4.1076 -4.10603 -4.10443 -4.10281 -4.10113 -4.09944 -4.09768 -4.09612 -4.09421 -4.09367 -4.09049 -4.09528 nan nan nan nan nan nan nan nan nan nan nan nan nan nan nan nan nan nan nan nan nan nan nan 
nan nan nan nan nan nan nan nan nan nan nan nan nan nan nan nan nan nan nan nan nan nan -4.09034 -4.09272 -4.09535 -4.09616 -4.09728 -4.09827 -4.09948 -4.10084 -4.10243 -4.10421 -4.10618 -4.1083 -4.11054 -4.11285 -4.11517 -4.11748 -4.11973 -4.12189 -4.12394 -4.12585 -4.12761 -4.12921 -4.13062 -4.13183 -4.13282 -4.13358 -4.1341 -4.13438 -4.13442 -4.13423 -4.13383 -4.13321 -4.1324 -4.13141 -4.13024 -4.1289 -4.12742 -4.12579 -4.12406 -4.12222 -4.12033 -4.11838 -4.1164 -4.1144 -4.11239 -4.11037 -4.10834 -4.10629 -4.10423 -4.10218 -4.10016 -4.09826 -4.09647 -4.09516 -4.09397 -4.09509 -4.09673 nan nan nan nan nan nan nan nan nan nan nan nan nan nan nan nan nan nan nan nan nan nan 
nan nan nan nan nan nan nan nan nan nan nan nan nan nan nan nan nan nan nan nan -4.09217 -4.09729 -4.09422 -4.09473 -4.09631 -4.09778 -4.09935 -4.10098 -4.10275 -4.10468 -4.10677 -4.10903 -4.11143 -4.11395 -4.11655 -4.11919 -4.12184 -4.12446 -4.127 -4.12945 -4.13176 -4.13393 -4.13592 -4.13772 -4.13932 -4.14069 -4.14181 -4.14268 -4.14329 -4.14364 -4.14372 -4.14354 -4.14311 -4.14243 -4.14153 -4.1404 -4.13907 -4.13755 -4.13584 -4.13397 -4.13196 -4.12983 -4.1276 -4.12529 -4.12292 -4.12051 -4.11807 -4.11561 -4.11314 -4.11066 -4.10819 -4.10577 -4.10342 -4.1012 -4.09916 -4.09745 -4.09607 -4.09532 -4.09409 -4.08976 -4.09389 nan nan nan nan nan nan nan nan nan nan nan nan nan nan nan nan nan nan nan nan 
nan nan nan nan nan nan nan nan nan nan nan nan nan nan nan nan nan nan nan -4.08938 -4.09209 -4.09476 -4.0954 -4.09659 -4.0983 -4.10021 -4.10226 -4.10444 -4.10676 -4.10922 -4.11183 -4.11457 -4.11742 -4.12037 -4.12337 -4.12638 -4.12939 -4.13234 -4.13521 -4.13796 -4.14057 -4.143 -4.14524 -4.14727 -4.14906 -4.15059 -4.15186 -4.15285 -4.15355 -4.15396 -4.15407 -4.15389 -4.15343 -4.15269 -4.15168 -4.15042 -4.14891 -4.14718 -4.14524 -4.14311 -4.14081 -4.13836 -4.13578 -4.1331 -4.13033 -4.1275 -4.12463 -4.12172 -4.1188 -4.11589 -4.113 -4.11017 -4.10743 -4.10483 -4.10243 -4.1003 -4.09846 -4.09694 -4.09544 -4.09394 -4.09506 -4.09706 nan nan nan nan nan nan nan nan nan nan nan nan nan nan nan nan nan nan nan 
nan nan nan nan nan nan nan nan nan nan nan nan nan nan nan nan nan nan -4.0894 -4.09091 -4.093 -4.09519 -4.09695 -4.09884 -4.10101 -4.10339 -4.10594 -4.10865 -4.11151 -4.1145 -4.11762 -4.12086 -4.12418 -4.12758 -4.131 -4.13443 -4.13782 -4.14114 -4.14435 -4.14743 -4.15035 -4.15307 -4.15558 -4.15784 -4.15984 -4.16156 -4.16298 -4.16409 -4.16488 -4.16535 -4.16549 -4.16531 -4.1648 -4.16399 -4.16287 -4.16146 -4.15977 -4.15782 -4.15563 -4.15322 -4.15061 -4.14782 -4.14488 -4.14181 -4.13864 -4.13538 -4.13205 -4.12869 -4.12532 -4.12195 -4.11861 -4.11534 -4.11217 -4.10916 -4.10633 -4.10375 -4.10144 -4.09944 -4.09771 -4.09645 -4.0963 -4.09685 -4.0977 nan nan nan nan nan nan nan nan nan nan nan nan nan nan nan nan nan nan 
nan nan nan nan nan nan nan nan nan nan nan nan nan nan nan nan nan -4.09059 -4.09132 -4.09277 -4.09475 -4.09698 -4.09927 -4.10172 -4.10439 -4.10728 -4.11035 -4.11359 -4.11698 -4.12051 -4.12415 -4.1279 -4.13172 -4.13558 -4.13946 -4.14332 -4.14712 -4.15084 -4.15443 -4.15787 -4.16111 -4.16414 -4.16693 -4.16944 -4.17167 -4.17358 -4.17516 -4.17641 -4.1773 -4.17782 -4.17799 -4.1778 -4.17725 -4.17634 -4.1751 -4.17353 -4.17165 -4.16947 -4.16702 -4.16431 -4.16138 -4.15823 -4.15491 -4.15144 -4.14783 -4.14413 -4.14035 -4.13652 -4.13266 -4.12882 -4.12501 -4.12127 -4.11764 -4.11416 -4.11087 -4.10781 -4.10503 -4.10255 -4.10043 -4.09877 -4.09777 -4.09728 -4.09713 -4.09713 nan nan nan nan nan nan nan nan nan nan nan nan nan nan nan nan nan 
nan nan nan nan nan nan nan nan nan nan nan nan nan nan nan nan -4.0923 -4.09248 -4.09343 -4.09503 -4.09715 -4.09962 -4.10234 -4.10528 -4.10846 -4.11186 -4.11545 -4.11923 -4.12317 -4.12724 -4.13142 -4.13569 -4.14002 -4.14438 -4.14874 -4.15306 -4.15731 -4.16145 -4.16544 -4.16925 -4.17286 -4.17621 -4.1793 -4.18209 -4.18455 -4.18667 -4.18843 -4.18981 -4.1908 -4.19139 -4.19158 -4.19137 -4.19077 -4.18977 -4.1884 -4.18666 -4.18457 -4.18214 -4.17941 -4.17639 -4.17311 -4.16959 -4.16587 -4.16197 -4.15792 -4.15375 -4.14949 -4.14517 -4.14082 -4.13648 -4.13217 -4.12793 -4.12381 -4.11983 -4.11604 -4.11248 -4.10919 -4.10621 -4.10358 -4.10137 -4.09963 -4.09831 -4.09731 -4.09652 -4.09585 nan nan nan nan nan nan nan nan nan nan nan nan nan nan nan nan 
nan nan nan nan nan nan nan nan nan nan nan nan nan nan nan -4.09415 -4.09393 -4.09451 -4.09579 -4.09769 -4.1001 -4.10292 -4.10606 -4.10949 -4.11318 -4.1171 -4.12124 -4.12557 -4.13006 -4.13469 -4.13942 -4.14424 -4.14911 -4.15399 -4.15885 -4.16366 -4.16837 -4.17296 -4.17738 -4.1816 -4.18558 -4.18929 -4.1927 -4.19578 -4.1985 -4.20084 -4.20278 -4.2043 -4.2054 -4.20606 -4.20627 -4.20605 -4.20538 -4.20429 -4.20277 -4.20085 -4.19853 -4.19585 -4.19282 -4.18946 -4.18582 -4.18191 -4.17776 -4.17342 -4.1689 -4.16424 -4.15949 -4.15465 -4.14979 -4.14492 -4.14008 -4.13532 -4.13066 -4.12616 -4.12184 -4.11775 -4.11392 -4.11039 -4.1072 -4.10439 -4.10197 -4.09992 -4.09819 -4.09669 -4.09537 -4.09415 nan nan nan nan nan nan nan nan nan nan nan nan nan nan nan 
nan nan nan nan nan nan nan nan nan nan nan nan nan nan -4.09585 -4.09537 -4.09568 -4.09672 -4.09843 -4.10073 -4.10354 -4.10678 -4.11038 -4.11431 -4.11852 -4.12299 -4.12769 -4.13258 -4.13764 -4.14284 -4.14815 -4.15353 -4.15896 -4.16438 -4.16978 -4.1751 -4.18032 -4.18538 -4.19026 -4.1949 -4.19929 -4.20337 -4.20712 -4.21051 -4.21351 -4.21608 -4.21822 -4.2199 -4.22111 -4.22184 -4.22208 -4.22183 -4.2211 -4.2199 -4.21822 -4.2161 -4.21355 -4.21059 -4.20724 -4.20353 -4.1995 -4.19518 -4.19059 -4.18577 -4.18076 -4.1756 -4.17032 -4.16495 -4.15954 -4.15412 -4.14873 -4.14341 -4.1382 -4.13314 -4.12826 -4.1236 -4.11921 -4.11511 -4.11134 -4.10791 -4.10485 -4.10213 -4.09973 -4.09759 -4.09568 -4.09393 -4.0923 nan nan nan nan nan nan nan nan nan nan nan nan nan nan 
nan nan nan nan nan nan nan nan nan nan nan nan nan -4.09713 -4.09652 -4.09669 -4.09759 -4.09917 -4.10138 -4.10415 -4.10742 -4.11114 -4.11525 -4.1197 -4.12446 -4.1295 -4.13477 -4.14024 -4.1459 -4.15169 -4.15759 -4.16356 -4.16957 -4.17556 -4.18152 -4.18739 -4.19313 -4.1987 -4.20406 -4.20916 -4.21398 -4.21846 -4.22258 -4.2263 -4.22959 -4.23242 -4.23476 -4.23661 -4.23794 -4.23874 -4.239 -4.23874 -4.23793 -4.23661 -4.23477 -4.23244 -4.22963 -4.22637 -4.22268 -4.21861 -4.21417 -4.2094 -4.20434 -4.19903 -4.19351 -4.18781 -4.18197 -4.17604 -4.17006 -4.16407 -4.1581 -4.15219 -4.1464 -4.14075 -4.13528 -4.13004 -4.12506 -4.12037 -4.11599 -4.11195 -4.10826 -4.10491 -4.10189 -4.09917 -4.09672 -4.09451 -4.09248 -4.09059 nan nan nan nan nan nan nan nan nan nan nan nan nan 
nan nan nan nan nan nan nan nan nan nan nan nan -4.0977 -4.09713 -4.09731 -4.09819 -4.09973 -4.10189 -4.10465 -4.10795 -4.11174 -4.11598 -4.12063 -4.12564 -4.13097 -4.13659 -4.14245 -4.14854 -4.1548 -4.16121 -4.16773 -4.17431 -4.18092 -4.18752 -4.19406 -4.20051 -4.2068 -4.21291 -4.21878 -4.22438 -4.22965 -4.23456 -4.23907 -4.24315 -4.24675 -4.24985 -4.25242 -4.25444 -4.2559 -4.25677 -4.25707 -4.25677 -4.25589 -4.25444 -4.25242 -4.24986 -4.24678 -4.2432 -4.23916 -4.23468 -4.22981 -4.22457 -4.21902 -4.21319 -4.20712 -4.20086 -4.19445 -4.18793 -4.18134 -4.17474 -4.16816 -4.16165 -4.15524 -4.14898 -4.1429 -4.13705 -4.13146 -4.12615 -4.12116 -4.11651 -4.1122 -4.10825 -4.10465 -4.10138 -4.09843 -4.09579 -4.09343 -4.09132 -4.0894 nan nan nan nan nan nan nan nan nan nan nan nan 
nan nan nan nan nan nan nan nan nan nan nan -4.09706 -4.09685 -4.09728 -4.09831 -4.09992 -4.10213 -4.10491 -4.10825 -4.11212 -4.11647 -4.12128 -4.12649 -4.13208 -4.13801 -4.14423 -4.15072 -4.15744 -4.16434 -4.17138 -4.17854 -4.18577 -4.19301 -4.20024 -4.2074 -4.21445 -4.22133 -4.22801 -4.23443 -4.24054 -4.24631 -4.25167 -4.2566 -4.26105 -4.26499 -4.26838 -4.27119 -4.2734 -4.27499 -4.27595 -4.27627 -4.27595 -4.27499 -4.2734 -4.27119 -4.26839 -4.26501 -4.26109 -4.25667 -4.25177 -4.24643 -4.2407 -4.23462 -4.22824 -4.22159 -4.21474 -4.20772 -4.20058 -4.19337 -4.18613 -4.17891 -4.17176 -4.16471 -4.15781 -4.1511 -4.14461 -4.13839 -4.13246 -4.12684 -4.12157 -4.11666 -4.11212 -4.10795 -4.10415 -4.10073 -4.09769 -4.09503 -4.09277 -4.09091 -4.08938 nan nan nan nan nan nan nan nan nan nan nan 
nan nan nan nan nan nan nan nan nan nan -4.09389 -4.09506 -4.0963 -4.09777 -4.09963 -4.10197 -4.10485 -4.10826 -4.1122 -4.11666 -4.1216 -4.127 -4.13281 -4.13901 -4.14556 -4.15242 -4.15955 -4.16691 -4.17447 -4.18219 -4.19001 -4.19791 -4.20582 -4.21371 -4.22152 -4.2292 -4.23671 -4.24399 -4.25099 -4.25765 -4.26394 -4.26979 -4.27517 -4.28003 -4.28432 -4.28802 -4.29109 -4.2935 -4.29524 -4.29629 -4.29664 -4.29629 -4.29523 -4.29349 -4.29108 -4.28802 -4.28433 -4.28005 -4.27521 -4.26986 -4.26403 -4.25777 -4.25113 -4.24417 -4.23692 -4.22943 -4.22177 -4.21398 -4.20611 -4.19821 -4.19032 -4.1825 -4.17478 -4.16722 -4.15985 -4.15271 -4.14584 -4.13926 -4.13302 -4.12712 -4.1216 -4.11647 -4.11174 -4.10742 -4.10354 -4.1001 -4.09715 -4.09475 -4.093 -4.09209 -4.09217 nan nan nan nan nan nan nan nan nan nan 
nan nan nan nan nan nan nan nan nan nan -4.08976 -4.09394 -4.09645 -4.09877 -4.10137 -4.10439 -4.10791 -4.11195 -4.11651 -4.12157 -4.12712 -4.13313 -4.13957 -4.1464 -4.15359 -4.1611 -4.1689 -4.17694 -4.18519 -4.1936 -4.20212 -4.21071 -4.21932 -4.2279 -4.2364 -4.24475 -4.25292 -4.26084 -4.26845 -4.2757 -4.28254 -4.28892 -4.29477 -4.30006 -4.30475 -4.30878 -4.31212 -4.31476 -4.31665 -4.3178 -4.31818 -4.31779 -4.31664 -4.31474 -4.3121 -4.30876 -4.30473 -4.30006 -4.29479 -4.28895 -4.2826 -4.27578 -4.26855 -4.26097 -4.25307 -4.24493 -4.2366 -4.22812 -4.21955 -4.21095 -4.20237 -4.19385 -4.18544 -4.17719 -4.16913 -4.16132 -4.15378 -4.14655 -4.13966 -4.13313 -4.127 -4.12128 -4.11598 -4.11114 -4.10678 -4.10292 -4.09962 -4.09698 -4.09519 -4.09476 -4.09729 nan nan nan nan nan nan nan nan nan nan 
nan nan nan nan nan nan nan nan nan -4.09673 -4.09409 -4.09544 -4.09771 -4.10043 -4.10358 -4.1072 -4.11134 -4.11599 -4.12116 -4.12684 -4.13302 -4.13966 -4.14673 -4.15422 -4.16207 -4.17027 -4.17876 -4.1875 -4.19646 -4.20559 -4.21483 -4.22415 -4.23349 -4.2428 -4.25201 -4.26108 -4.26994 -4.27853 -4.2868 -4.29468 -4.30212 -4.30905 -4.31542 -4.32117 -4.32627 -4.33066 -4.3343 -4.33717 -4.33924 -4.34048 -4.3409 -4.34047 -4.33922 -4.33714 -4.33427 -4.33062 -4.32624 -4.32115 -4.3154 -4.30905 -4.30214 -4.29472 -4.28686 -4.27862 -4.27005 -4.26121 -4.25216 -4.24297 -4.23367 -4.22434 -4.21503 -4.20578 -4.19665 -4.18768 -4.17892 -4.17041 -4.16219 -4.15428 -4.14673 -4.13957 -4.13281 -4.12649 -4.12063 -4.11525 -4.11038 -4.10606 -4.10234 -4.09927 -4.09695 -4.0954 -4.09422 -4.09034 nan nan nan nan nan nan nan nan nan 
nan nan nan nan nan nan nan nan -4.09528 -4.09509 -4.09532 -4.09694 -4.09944 -4.10255 -4.10621 -4.11039 -4.11511 -4.12037 -4.12615 -4.13246 -4.13926 -4.14655 -4.15428 -4.16244 -4.17098 -4.17987 -4.18908 -4.19855 -4.20825 -4.21812 -4.22812 -4.2382 -4.24831 -4.25837 -4.26834 -4.27816 -4.28776 -4.29707 -4.30603 -4.31458 -4.32265 -4.33017 -4.33709 -4.34335 -4.34889 -4.35367 -4.35764 -4.36076 -4.36301 -4.36437 -4.36482 -4.36435 -4.36298 -4.36072 -4.35759 -4.35362 -4.34884 -4.3433 -4.33705 -4.33014 -4.32263 -4.31458 -4.30606 -4.29711 -4.28782 -4.27825 -4.26845 -4.2585 -4.24844 -4.23835 -4.22827 -4.21827 -4.20839 -4.19868 -4.18919 -4.17996 -4.17103 -4.16244 -4.15422 -4.1464 -4.13901 -4.13208 -4.12564 -4.1197 -4.11431 -4.10949 -4.10528 -4.10172 -4.09884 -4.09659 -4.09473 -4.09272 -4.09141 nan nan nan nan nan nan nan nan 
nan nan nan nan nan nan nan nan -4.09049 -4.09397 -4.09607 -4.09846 -4.10144 -4.10503 -4.10919 -4.11392 -4.11921 -4.12506 -4.13146 -4.13839 -4.14584 -4.15378 -4.16219 -4.17103 -4.18028 -4.18989 -4.19983 -4.21005 -4.22052 -4.23117 -4.24196 -4.25283 -4.26373 -4.2746 -4.28536 -4.29597 -4.30634 -4.31642 -4.32612 -4.33538 -4.34412 -4.35229 -4.3598 -4.3666 -4.37262 -4.37782 -4.38213 -4.38553 -4.38798 -4.38946 -4.38994 -4.38944 -4.38794 -4.38548 -4.38207 -4.37774 -4.37254 -4.36652 -4.35973 -4.35223 -4.34408 -4.33535 -4.32611 -4.31643 -4.30637 -4.29602 -4.28543 -4.27468 -4.26383 -4.25294 -4.24207 -4.23128 -4.22062 -4.21014 -4.1999 -4.18993 -4.18028 -4.17098 -4.16207 -4.15359 -4.14556 -4.13801 -4.13097 -4.12446 -4.11852 -4.11318 -4.10846 -4.10439 -4.10101 -4.0983 -4.09631 -4.09535 -4.09714 nan nan nan nan nan nan nan nan 
nan nan nan nan nan nan nan -4.09571 -4.09367 -4.09516 -4.09745 -4.1003 -4.10375 -4.10781 -4.11248 -4.11775 -4.1236 -4.13004 -4.13705 -4.14461 -4.15271 -4.16132 -4.17041 -4.17996 -4.18993 -4.20028 -4.21098 -4.22198 -4.23323 -4.24469 -4.2563 -4.268 -4.27973 -4.29144 -4.30304 -4.31448 -4.32567 -4.33656 -4.34704 -4.35706 -4.36653 -4.37538 -4.38353 -4.39091 -4.39746 -4.4031 -4.4078 -4.4115 -4.41416 -4.41577 -4.4163 -4.41574 -4.41412 -4.41143 -4.40771 -4.40301 -4.39735 -4.39081 -4.38343 -4.37529 -4.36646 -4.357 -4.347 -4.33653 -4.32567 -4.3145 -4.30308 -4.29149 -4.2798 -4.26807 -4.25637 -4.24476 -4.2333 -4.22203 -4.21101 -4.20028 -4.18989 -4.17987 -4.17027 -4.1611 -4.15242 -4.14423 -4.13659 -4.1295 -4.12299 -4.1171 -4.11186 -4.10728 -4.10339 -4.10021 -4.09778 -4.09616 -4.09516 -4.09202 nan nan nan nan nan nan nan 
nan nan nan nan nan nan nan -4.09149 -4.09421 -4.09647 -4.09916 -4.10243 -4.10633 -4.11087 -4.11604 -4.12184 -4.12826 -4.13528 -4.1429 -4.1511 -4.15985 -4.16913 -4.17892 -4.18919 -4.1999 -4.21101 -4.22249 -4.23429 -4.24636 -4.25865 -4.2711 -4.28367 -4.29627 -4.30885 -4.32134 -4.33365 -4.34572 -4.35746 -4.36878 -4.37961 -4.38986 -4.39945 -4.40828 -4.41629 -4.4234 -4.42954 -4.43464 -4.43867 -4.44157 -4.44331 -4.44389 -4.44328 -4.44151 -4.43858 -4.43454 -4.42942 -4.42327 -4.41616 -4.40815 -4.39932 -4.38975 -4.37952 -4.36871 -4.3574 -4.34569 -4.33364 -4.32135 -4.30888 -4.29631 -4.28371 -4.27115 -4.25869 -4.24639 -4.23431 -4.22249 -4.21098 -4.19983 -4.18908 -4.17876 -4.1689 -4.15955 -4.15072 -4.14245 -4.13477 -4.12769 -4.12124 -4.11545 -4.11035 -4.10594 -4.10226 -4.09935 -4.09728 -4.09623 -4.09716 nan nan nan nan nan nan nan 
nan nan nan nan nan nan -4.09831 -4.09523 -4.09612 -4.09826 -4.1012 -4.10483 -4.10916 -4.11416 -4.11983 -4.12616 -4.13314 -4.14075 -4.14898 -4.15781 -4.16722 -4.17719 -4.18768 -4.19868 -4.21014 -4.22203 -4.23431 -4.24693 -4.25984 -4.27299 -4.28633 -4.29979 -4.3133 -4.3268 -4.34021 -4.35345 -4.36644 -4.37909 -4.39131 -4.403 -4.41409 -4.42446 -4.43404 -4.44273 -4.45045 -4.45712 -4.46267 -4.46705 -4.47021 -4.47211 -4.47273 -4.47207 -4.47014 -4.46695 -4.46255 -4.45697 -4.45029 -4.44256 -4.43388 -4.42431 -4.41395 -4.40288 -4.3912 -4.37901 -4.36638 -4.35342 -4.3402 -4.3268 -4.31332 -4.29981 -4.28636 -4.27302 -4.25986 -4.24693 -4.23429 -4.22198 -4.21005 -4.19855 -4.1875 -4.17694 -4.16691 -4.15744 -4.14854 -4.14024 -4.13258 -4.12557 -4.11923 -4.11359 -4.10865 -4.10444 -4.10098 -4.09827 -4.09625 -4.09447 -4.09012 nan nan nan nan nan nan 
nan nan nan nan nan nan -4.09389 -4.09589 -4.09768 -4.10016 -4.10342 -4.10743 -4.11217 -4.11764 -4.12381 -4.13066 -4.1382 -4.1464 -4.15524 -4.16471 -4.17478 -4.18544 -4.19665 -4.20839 -4.22062 -4.2333 -4.24639 -4.25986 -4.27364 -4.28768 -4.30193 -4.31632 -4.33078 -4.34524 -4.35962 -4.37383 -4.38779 -4.40141 -4.41458 -4.4272 -4.43918 -4.4504 -4.46078 -4.47021 -4.47859 -4.48585 -4.49189 -4.49666 -4.5001 -4.50217 -4.50285 -4.50213 -4.50002 -4.49654 -4.49174 -4.48567 -4.47841 -4.47002 -4.46059 -4.45022 -4.43901 -4.42705 -4.41445 -4.40131 -4.38772 -4.37378 -4.35959 -4.34522 -4.33078 -4.31632 -4.30194 -4.28769 -4.27364 -4.25984 -4.24636 -4.23323 -4.22052 -4.20825 -4.19646 -4.18519 -4.17447 -4.16434 -4.1548 -4.1459 -4.13764 -4.13006 -4.12317 -4.11698 -4.11151 -4.10676 -4.10275 -4.09948 -4.09693 -4.09522 -4.09531 nan nan nan nan nan nan 
nan nan nan nan nan -4.10109 -4.09734 -4.09768 -4.09944 -4.10218 -4.10577 -4.11017 -4.11534 -4.12127 -4.12793 -4.13532 -4.14341 -4.15219 -4.16165 -4.17176 -4.1825 -4.19385 -4.20578 -4.21827 -4.23128 -4.24476 -4.25869 -4.27302 -4.28769 -4.30265 -4.31784 -4.33319 -4.34864 -4.3641 -4.3795 -4.39474 -4.40973 -4.42437 -4.43855 -4.45217 -4.4651 -4.47725 -4.4885 -4.49872 -4.50783 -4.51572 -4.5223 -4.5275 -4.53125 -4.5335 -4.53424 -4.53345 -4.53115 -4.52736 -4.52213 -4.51552 -4.50762 -4.49851 -4.48828 -4.47704 -4.46491 -4.452 -4.4384 -4.42425 -4.40964 -4.39467 -4.37946 -4.36408 -4.34863 -4.33319 -4.31784 -4.30265 -4.28768 -4.27299 -4.25865 -4.24469 -4.23117 -4.21812 -4.20559 -4.1936 -4.18219 -4.17138 -4.16121 -4.15169 -4.14284 -4.13469 -4.12724 -4.12051 -4.1145 -4.10922 -4.10468 -4.10084 -4.09768 -4.09509 -4.0926 -4.08738 nan nan nan nan nan 
nan nan nan nan nan -4.09614 -4.09757 -4.09894 -4.10113 -4.10423 -4.10819 -4.113 -4.11861 -4.12501 -4.13217 -4.14008 -4.14873 -4.1581 -4.16816 -4.17891 -4.19032 -4.20237 -4.21503 -4.22827 -4.24207 -4.25637 -4.27115 -4.28636 -4.30194 -4.31784 -4.334 -4.35035 -4.36683 -4.38334 -4.3998 -4.41612 -4.43219 -4.44792 -4.46318 -4.47786 -4.49183 -4.50497 -4.51715 -4.52825 -4.53815 -4.54674 -4.55391 -4.55957 -4.56366 -4.56613 -4.56694 -4.56607 -4.56356 -4.55942 -4.55372 -4.54652 -4.53791 -4.52801 -4.51691 -4.50474 -4.49162 -4.47767 -4.46302 -4.44779 -4.43209 -4.41604 -4.39975 -4.38331 -4.36681 -4.35035 -4.334 -4.31784 -4.30193 -4.28633 -4.2711 -4.2563 -4.24196 -4.22812 -4.21483 -4.20212 -4.19001 -4.17854 -4.16773 -4.15759 -4.14815 -4.13942 -4.13142 -4.12415 -4.11762 -4.11183 -4.10677 -4.10243 -4.09877 -4.09576 -4.09349 -4.0929 nan nan nan nan nan 
nan nan nan nan -4.10291 -4.0988 -4.09879 -4.10027 -4.10281 -4.10629 -4.11066 -4.11589 -4.12195 -4.12882 -4.13648 -4.14492 -4.15412 -4.16407 -4.17474 -4.18613 -4.19821 -4.21095 -4.22434 -4.23835 -4.25294 -4.26807 -4.28371 -4.29981 -4.31632 -4.33319 -4.35035 -4.36773 -4.38527 -4.40287 -4.42044 -4.43789 -4.45512 -4.47199 -4.4884 -4.50422 -4.5193 -4.53352 -4.54672 -4.55877 -4.56954 -4.57889 -4.58671 -4.59289 -4.59736 -4.60006 -4.60094 -4.6 -4.59724 -4.59272 -4.5865 -4.57865 -4.56928 -4.5585 -4.54646 -4.53327 -4.51908 -4.50402 -4.48824 -4.47186 -4.45501 -4.43782 -4.42039 -4.40284 -4.38526 -4.36773 -4.35035 -4.33319 -4.31632 -4.29979 -4.28367 -4.268 -4.25283 -4.2382 -4.22415 -4.21071 -4.19791 -4.18577 -4.17431 -4.16356 -4.15353 -4.14424 -4.13569 -4.1279 -4.12086 -4.11457 -4.10903 -4.10421 -4.10008 -4.0966 -4.09362 -4.09069 -4.08499 nan nan nan nan 
nan nan nan nan -4.09715 -4.09825 -4.09941 -4.10145 -4.10443 -4.10834 -4.11314 -4.1188 -4.12532 -4.13266 -4.14082 -4.14979 -4.15954 -4.17006 -4.18134 -4.19337 -4.20611 -4.21955 -4.23367 -4.24844 -4.26383 -4.2798 -4.29631 -4.31332 -4.33078 -4.34863 -4.36681 -4.38526 -4.40389 -4.42262 -4.44135 -4.45999 -4.47842 -4.49652 -4.51416 -4.53119 -4.54747 -4.56284 -4.57716 -4.59025 -4.60196 -4.61216 -4.62069 -4.62746 -4.63235 -4.6353 -4.63627 -4.63523 -4.63222 -4.62727 -4.62047 -4.6119 -4.60168 -4.58996 -4.57688 -4.56258 -4.54723 -4.53098 -4.51399 -4.49639 -4.47832 -4.45993 -4.44132 -4.4226 -4.40389 -4.38527 -4.36683 -4.34864 -4.33078 -4.3133 -4.29627 -4.27973 -4.26373 -4.24831 -4.23349 -4.21932 -4.20582 -4.19301 -4.18092 -4.16957 -4.15896 -4.14911 -4.14002 -4.13172 -4.12418 -4.11742 -4.11143 -4.10618 -4.10165 -4.09781 -4.09462 -4.09213 -4.0912 nan nan nan nan 
nan nan nan -4.10231 -4.09849 -4.09858 -4.10008 -4.10258 -4.10603 -4.11037 -4.11561 -4.12172 -4.12869 -4.13652 -4.14517 -4.15465 -4.16495 -4.17604 -4.18793 -4.20058 -4.21398 -4.22812 -4.24297 -4.2585 -4.27468 -4.29149 -4.30888 -4.3268 -4.34522 -4.36408 -4.38331 -4.40284 -4.4226 -4.4425 -4.46245 -4.48233 -4.50203 -4.52142 -4.54035 -4.55869 -4.57626 -4.59289 -4.60841 -4.62264 -4.6354 -4.64652 -4.65586 -4.66326 -4.66863 -4.67186 -4.67293 -4.6718 -4.66849 -4.66307 -4.65562 -4.64625 -4.6351 -4.62234 -4.60812 -4.59262 -4.57602 -4.55848 -4.54019 -4.52129 -4.50194 -4.48228 -4.46242 -4.4425 -4.42262 -4.40287 -4.38334 -4.3641 -4.34524 -4.3268 -4.30885 -4.29144 -4.2746 -4.25837 -4.2428 -4.2279 -4.21371 -4.20024 -4.18752 -4.17556 -4.16438 -4.15399 -4.14438 -4.13558 -4.12758 -4.12037 -4.11395 -4.1083 -4.10342 -4.09927 -4.09581 -4.09294 -4.09021 -4.08489 nan nan nan 
nan nan nan -4.09515 -4.09684 -4.09841 -4.10064 -4.10368 -4.1076 -4.11239 -4.11807 -4.12463 -4.13205 -4.14035 -4.14949 -4.15949 -4.17032 -4.18197 -4.19445 -4.20772 -4.22177 -4.2366 -4.25216 -4.26845 -4.28543 -4.30308 -4.32135 -4.3402 -4.35959 -4.37946 -4.39975 -4.42039 -4.44132 -4.46242 -4.48362 -4.5048 -4.52583 -4.54658 -4.5669 -4.58663 -4.60558 -4.62357 -4.64041 -4.65588 -4.6698 -4.68196 -4.69218 -4.7003 -4.70619 -4.70975 -4.71092 -4.70968 -4.70606 -4.70011 -4.69194 -4.68168 -4.6695 -4.65558 -4.64011 -4.6233 -4.60535 -4.58643 -4.56675 -4.54647 -4.52576 -4.50477 -4.48362 -4.46245 -4.44135 -4.42044 -4.3998 -4.3795 -4.35962 -4.34021 -4.32134 -4.30304 -4.28536 -4.26834 -4.25201 -4.2364 -4.22152 -4.2074 -4.19406 -4.18152 -4.16978 -4.15885 -4.14874 -4.13946 -4.131 -4.12337 -4.11655 -4.11054 -4.10534 -4.10093 -4.09732 -4.09452 -4.0927 -4.09261 nan nan nan 
nan nan nan -4.09367 -4.09626 -4.09852 -4.10128 -4.10481 -4.10917 -4.1144 -4.12051 -4.1275 -4.13538 -4.14413 -4.15375 -4.16424 -4.1756 -4.18781 -4.20086 -4.21474 -4.22943 -4.24493 -4.26121 -4.27825 -4.29602 -4.3145 -4.33364 -4.35342 -4.37378 -4.39467 -4.41604 -4.43782 -4.45993 -4.48228 -4.50477 -4.52729 -4.54971 -4.5719 -4.59368 -4.61489 -4.63534 -4.6548 -4.67307 -4.68992 -4.7051 -4.71841 -4.72962 -4.73854 -4.74503 -4.74896 -4.75026 -4.7489 -4.74491 -4.73837 -4.72939 -4.71814 -4.70482 -4.68962 -4.67279 -4.65455 -4.63512 -4.61472 -4.59356 -4.57182 -4.54968 -4.52729 -4.5048 -4.48233 -4.45999 -4.43789 -4.41612 -4.39474 -4.37383 -4.35345 -4.33365 -4.31448 -4.29597 -4.27816 -4.26108 -4.24475 -4.2292 -4.21445 -4.20051 -4.18739 -4.1751 -4.16366 -4.15306 -4.14332 -4.13443 -4.12638 -4.11919 -4.11285 -4.10735 -4.10269 -4.09891 -4.09606 -4.0944 -4.09487 nan nan nan 
nan nan -4.10147 -4.09657 -4.09695 -4.09902 -4.10208 -4.10599 -4.11076 -4.1164 -4.12292 -4.13033 -4.13864 -4.14783 -4.15792 -4.1689 -4.18076 -4.19351 -4.20712 -4.22159 -4.23692 -4.25307 -4.27005 -4.28782 -4.30637 -4.32567 -4.34569 -4.36638 -4.38772 -4.40964 -4.43209 -4.45501 -4.47832 -4.50194 -4.52576 -4.54968 -4.57355 -4.59724 -4.62057 -4.64336 -4.6654 -4.68646 -4.7063 -4.72464 -4.74124 -4.75582 -4.76813 -4.77796 -4.78512 -4.78947 -4.79092 -4.78944 -4.78505 -4.77784 -4.76796 -4.75559 -4.74098 -4.72438 -4.70604 -4.68623 -4.66521 -4.64322 -4.62048 -4.5972 -4.57355 -4.54971 -4.52583 -4.50203 -4.47842 -4.45512 -4.43219 -4.40973 -4.38779 -4.36644 -4.34572 -4.32567 -4.30634 -4.28776 -4.26994 -4.25292 -4.23671 -4.22133 -4.2068 -4.19313 -4.18032 -4.16837 -4.15731 -4.14712 -4.13782 -4.12939 -4.12184 -4.11517 -4.10939 -4.10448 -4.10047 -4.09733 -4.09492 -4.09247 -4.08614 nan nan 
nan nan -4.09382 -4.09509 -4.09684 -4.09946 -4.10292 -4.10721 -4.11236 -4.11838 -4.12529 -4.1331 -4.14181 -4.15144 -4.16197 -4.17342 -4.18577 -4.19903 -4.21319 -4.22824 -4.24417 -4.26097 -4.27862 -4.29711 -4.31643 -4.33653 -4.3574 -4.37901 -4.40131 -4.42425 -4.44779 -4.47186 -4.49639 -4.52129 -4.54647 -4.57182 -4.5972 -4.62245 -4.64741 -4.67188 -4.69563 -4.71841 -4.73995 -4.75995 -4.7781 -4.79409 -4.80765 -4.81849 -4.82642 -4.83125 -4.83288 -4.83126 -4.82643 -4.81847 -4.80757 -4.79395 -4.77791 -4.75973 -4.73974 -4.71822 -4.69548 -4.67178 -4.64737 -4.62245 -4.59724 -4.5719 -4.54658 -4.52142 -4.49652 -4.47199 -4.44792 -4.42437 -4.40141 -4.37909 -4.35746 -4.33656 -4.31642 -4.29707 -4.27853 -4.26084 -4.24399 -4.22801 -4.21291 -4.1987 -4.18538 -4.17296 -4.16145 -4.15084 -4.14114 -4.13234 -4.12446 -4.11748 -4.11142 -4.10627 -4.10206 -4.09877 -4.09639 -4.09485 -4.09445 nan nan 
nan nan -4.09105 -4.09406 -4.0968 -4.09997 -4.10382 -4.10846 -4.11395 -4.12033 -4.1276 -4.13578 -4.14488 -4.15491 -4.16587 -4.17776 -4.19059 -4.20434 -4.21902 -4.23462 -4.25113 -4.26855 -4.28686 -4.30606 -4.32611 -4.347 -4.36871 -4.3912 -4.41445 -4.4384 -4.46302 -4.48824 -4.51399 -4.54019 -4.56675 -4.59356 -4.62048 -4.64737 -4.67403 -4.70027 -4.72584 -4.75048 -4.77387 -4.79567 -4.81554 -4.83312 -4.84806 -4.86005 -4.86883 -4.87422 -4.87608 -4.87434 -4.86901 -4.86021 -4.84815 -4.83312 -4.81546 -4.79554 -4.77371 -4.75034 -4.72574 -4.70022 -4.67403 -4.64741 -4.62057 -4.59368 -4.5669 -4.54035 -4.51416 -4.4884 -4.46318 -4.43855 -4.41458 -4.39131 -4.36878 -4.34704 -4.32612 -4.30603 -4.2868 -4.26845 -4.25099 -4.23443 -4.21878 -4.20406 -4.19026 -4.17738 -4.16544 -4.15443 -4.14435 -4.13521 -4.127 -4.11973 -4.1134 -4.10802 -4.10361 -4.10022 -4.09795 -4.09704 -4.0982 nan nan 
nan nan -4.09103 -4.09424 -4.09726 -4.10069 -4.10481 -4.10974 -4.11554 -4.12222 -4.12983 -4.13836 -4.14782 -4.15823 -4.16959 -4.18191 -4.19518 -4.2094 -4.22457 -4.2407 -4.25777 -4.27578 -4.29472 -4.31458 -4.33535 -4.357 -4.37952 -4.40288 -4.42705 -4.452 -4.47767 -4.50402 -4.53098 -4.55848 -4.58643 -4.61472 -4.64322 -4.67178 -4.70022 -4.72832 -4.75583 -4.78245 -4.80784 -4.83163 -4.8534 -4.87273 -4.88921 -4.90247 -4.91224 -4.91828 -4.92043 -4.91859 -4.91274 -4.90299 -4.88961 -4.87296 -4.85348 -4.8316 -4.80777 -4.78237 -4.75578 -4.72832 -4.70027 -4.67188 -4.64336 -4.61489 -4.58663 -4.55869 -4.53119 -4.50422 -4.47786 -4.45217 -4.4272 -4.403 -4.37961 -4.35706 -4.33538 -4.31458 -4.29468 -4.2757 -4.25765 -4.24054 -4.22438 -4.20916 -4.1949 -4.1816 -4.16925 -4.15787 -4.14743 -4.13796 -4.12945 -4.12189 -4.1153 -4.10968 -4.10505 -4.10147 -4.09906 -4.0981 -4.09927 nan nan 
nan nan -4.09317 -4.09553 -4.09821 -4.10163 -4.10589 -4.11104 -4.11709 -4.12406 -4.13196 -4.14081 -4.15061 -4.16138 -4.17311 -4.18582 -4.1995 -4.21417 -4.22981 -4.24643 -4.26403 -4.2826 -4.30214 -4.32263 -4.34408 -4.36646 -4.38975 -4.41395 -4.43901 -4.46491 -4.49162 -4.51908 -4.54723 -4.57602 -4.60535 -4.63512 -4.66521 -4.69548 -4.72574 -4.75578 -4.78532 -4.81407 -4.84163 -4.86758 -4.89144 -4.91271 -4.93088 -4.94555 -4.9564 -4.96321 -4.96577 -4.9639 -4.95751 -4.94669 -4.93179 -4.91329 -4.89174 -4.86768 -4.84163 -4.81404 -4.78532 -4.75583 -4.72584 -4.69563 -4.6654 -4.63534 -4.60558 -4.57626 -4.54747 -4.5193 -4.49183 -4.4651 -4.43918 -4.41409 -4.38986 -4.36653 -4.34412 -4.32265 -4.30212 -4.28254 -4.26394 -4.24631 -4.22965 -4.21398 -4.19929 -4.18558 -4.17286 -4.16111 -4.15035 -4.14057 -4.13176 -4.12394 -4.11709 -4.11122 -4.10634 -4.10246 -4.09963 -4.09797 -4.09798 nan nan 
nan -4.10508 -4.0979 -4.09738 -4.09932 -4.10261 -4.10697 -4.1123 -4.11857 -4.12579 -4.13397 -4.14311 -4.15322 -4.16431 -4.17639 -4.18946 -4.20353 -4.21861 -4.23468 -4.25177 -4.26986 -4.28895 -4.30905 -4.33014 -4.35223 -4.37529 -4.39932 -4.42431 -4.45022 -4.47704 -4.50474 -4.53327 -4.56258 -4.59262 -4.6233 -4.65455 -4.68623 -4.71822 -4.75034 -4.78237 -4.81404 -4.84502 -4.87491 -4.90322 -4.92938 -4.95277 -4.97278 -4.98894 -5.00095 -5.00866 -5.01184 -5.01012 -5.00322 -4.99119 -4.9745 -4.95383 -4.92992 -4.90342 -4.87496 -4.84502 -4.81407 -4.78245 -4.75048 -4.71841 -4.68646 -4.6548 -4.62357 -4.59289 -4.56284 -4.53352 -4.50497 -4.47725 -4.4504 -4.42446 -4.39945 -4.37538 -4.35229 -4.33017 -4.30905 -4.28892 -4.26979 -4.25167 -4.23456 -4.21846 -4.20337 -4.18929 -4.17621 -4.16414 -4.15307 -4.143 -4.13393 -4.12585 -4.11876 -4.11265 -4.10751 -4.10331 -4.09993 -4.09706 -4.09351 -4.08471 nan 
nan -4.09719 -4.09683 -4.09769 -4.09996 -4.10343 -4.10796 -4.11347 -4.11996 -4.12742 -4.13584 -4.14524 -4.15563 -4.16702 -4.17941 -4.19282 -4.20724 -4.22268 -4.23916 -4.25667 -4.27521 -4.29479 -4.3154 -4.33705 -4.35973 -4.38343 -4.40815 -4.43388 -4.46059 -4.48828 -4.51691 -4.54646 -4.57688 -4.60812 -4.64011 -4.67279 -4.70604 -4.73974 -4.77371 -4.80777 -4.84163 -4.87496 -4.90732 -4.93817 -4.96684 -4.99254 -5.0145 -5.03212 -5.04522 -5.05398 -5.05817 -5.05702 -5.04976 -5.03631 -5.01744 -4.9942 -4.96758 -4.93839 -4.90732 -4.87491 -4.84163 -4.80784 -4.77387 -4.73995 -4.7063 -4.67307 -4.64041 -4.60841 -4.57716 -4.54672 -4.51715 -4.4885 -4.46078 -4.43404 -4.40828 -4.38353 -4.3598 -4.33709 -4.31542 -4.29477 -4.27517 -4.2566 -4.23907 -4.22258 -4.20712 -4.1927 -4.1793 -4.16693 -4.15558 -4.14524 -4.13592 -4.12761 -4.1203 -4.11398 -4.10864 -4.10422 -4.10064 -4.09772 -4.09515 -4.09305 nan 
nan -4.09383 -4.0955 -4.09748 -4.1003 -4.10408 -4.10883 -4.11455 -4.12124 -4.1289 -4.13755 -4.14718 -4.15782 -4.16947 -4.18214 -4.19585 -4.21059 -4.22637 -4.2432 -4.26109 -4.28005 -4.30006 -4.32115 -4.3433 -4.36652 -4.39081 -4.41616 -4.44256 -4.47002 -4.49851 -4.52801 -4.5585 -4.58996 -4.62234 -4.65558 -4.68962 -4.72438 -4.75973 -4.79554 -4.8316 -4.86768 -4.90342 -4.93839 -4.97198 -5.00339 -5.03161 -5.05552 -5.07429 -5.08802 -5.09796 -5.10402 -5.1044 -5.09714 -5.08185 -5.06015 -5.03379 -5.00409 -4.97198 -4.93817 -4.90322 -4.86758 -4.83163 -4.79567 -4.75995 -4.72464 -4.68992 -4.65588 -4.62264 -4.59025 -4.55877 -4.52825 -4.49872 -4.47021 -4.44273 -4.41629 -4.39091 -4.3666 -4.34335 -4.32117 -4.30006 -4.28003 -4.26105 -4.24315 -4.2263 -4.21051 -4.19578 -4.18209 -4.16944 -4.15784 -4.14727 -4.13772 -4.12921 -4.1217 -4.11521 -4.10971 -4.10518 -4.1016 -4.09894 -4.09727 -4.09711 nan 
nan -4.09256 -4.0948 -4.09736 -4.10059 -4.10465 -4.10961 -4.11552 -4.12239 -4.13024 -4.13907 -4.14891 -4.15977 -4.17165 -4.18457 -4.19853 -4.21355 -4.22963 -4.24678 -4.26501 -4.28433 -4.30473 -4.32624 -4.34884 -4.37254 -4.39735 -4.42327 -4.45029 -4.47841 -4.50762 -4.53791 -4.56928 -4.60168 -4.6351 -4.6695 -4.70482 -4.74098 -4.77791 -4.81546 -4.85348 -4.89174 -4.92992 -4.96758 -5.00409 -5.03852 -5.06951 -5.09533 -5.11435 -5.12703 -5.13818 -5.14807 -5.15228 -5.14579 -5.12749 -5.10176 -5.0716 -5.03852 -5.00339 -4.96684 -4.92938 -4.89144 -4.8534 -4.81554 -4.7781 -4.74124 -4.7051 -4.6698 -4.6354 -4.60196 -4.56954 -4.53815 -4.50783 -4.47859 -4.45045 -4.4234 -4.39746 -4.37262 -4.34889 -4.32627 -4.30475 -4.28432 -4.26499 -4.24675 -4.22959 -4.21351 -4.1985 -4.18455 -4.17167 -4.15984 -4.14906 -4.13932 -4.13062 -4.12295 -4.11631 -4.11069 -4.1061 -4.10255 -4.10008 -4.09884 -4.09918 nan 
nan -4.0924 -4.09471 -4.09749 -4.10094 -4.10519 -4.11032 -4.11638 -4.1234 -4.13141 -4.1404 -4.15042 -4.16146 -4.17353 -4.18666 -4.20085 -4.2161 -4.23244 -4.24986 -4.26839 -4.28802 -4.30876 -4.33062 -4.35362 -4.37774 -4.40301 -4.42942 -4.45697 -4.48567 -4.51552 -4.54652 -4.57865 -4.6119 -4.64625 -4.68168 -4.71814 -4.75559 -4.79395 -4.83312 -4.87296 -4.91329 -4.95383 -4.9942 -5.03379 -5.0716 -5.10588 -5.13374 -5.15122 -5.15744 -5.16955 -5.18813 -5.20173 -5.19752 -5.17239 -5.14043 -5.10588 -5.06951 -5.03161 -4.99254 -4.95277 -4.91271 -4.87273 -4.83312 -4.79409 -4.75582 -4.71841 -4.68196 -4.64652 -4.61216 -4.57889 -4.54674 -4.51572 -4.48585 -4.45712 -4.42954 -4.4031 -4.37782 -4.35367 -4.33066 -4.30878 -4.28802 -4.26838 -4.24985 -4.23242 -4.21608 -4.20084 -4.18667 -4.17358 -4.16156 -4.15059 -4.14069 -4.13183 -4.12402 -4.11725 -4.11153 -4.10688 -4.10331 -4.1009 -4.09977 -4.10012 nan 
nan -4.09289 -4.09506 -4.09786 -4.10139 -4.10574 -4.11098 -4.11715 -4.12428 -4.1324 -4.14153 -4.15168 -4.16287 -4.1751 -4.1884 -4.20277 -4.21822 -4.23477 -4.25242 -4.27119 -4.29108 -4.3121 -4.33427 -4.35759 -4.38207 -4.40771 -4.43454 -4.46255 -4.49174 -4.52213 -4.55372 -4.5865 -4.62047 -4.65562 -4.69194 -4.72939 -4.76796 -4.80757 -4.84815 -4.88961 -4.93179 -4.9745 -5.01744 -5.06015 -5.10176 -5.14043 -5.17177 -5.18577 -5.16775 -5.18066 -5.22051 -5.25725 -5.25857 -5.21283 -5.17177 -5.13374 -5.09533 -5.05552 -5.0145 -4.97278 -4.93088 -4.88921 -4.84806 -4.80765 -4.76813 -4.72962 -4.69218 -4.65586 -4.62069 -4.58671 -4.55391 -4.5223 -4.49189 -4.46267 -4.43464 -4.4078 -4.38213 -4.35764 -4.3343 -4.31212 -4.29109 -4.27119 -4.25242 -4.23476 -4.21822 -4.20278 -4.18843 -4.17516 -4.16298 -4.15186 -4.14181 -4.13282 -4.12488 -4.118 -4.11219 -4.10745 -4.10382 -4.10136 -4.10016 -4.10032 nan 
nan -4.09373 -4.09569 -4.0984 -4.10191 -4.10629 -4.11157 -4.1178 -4.12501 -4.13321 -4.14243 -4.15269 -4.16399 -4.17634 -4.18977 -4.20429 -4.2199 -4.23661 -4.25444 -4.2734 -4.29349 -4.31474 -4.33714 -4.36072 -4.38548 -4.41143 -4.43858 -4.46695 -4.49654 -4.52736 -4.55942 -4.59272 -4.62727 -4.66307 -4.70011 -4.73837 -4.77784 -4.81847 -4.86021 -4.90299 -4.94669 -4.99119 -5.03631 -5.08185 -5.12749 -5.17239 -5.21283 -5.23048 -5.12625 -5.14517 -5.23972 -5.33388 -5.35011 -5.23048 -5.18577 -5.15122 -5.11435 -5.07429 -5.03212 -4.98894 -4.94555 -4.90247 -4.86005 -4.81849 -4.77796 -4.73854 -4.7003 -4.66326 -4.62746 -4.59289 -4.55957 -4.5275 -4.49666 -4.46705 -4.43867 -4.4115 -4.38553 -4.36076 -4.33717 -4.31476 -4.2935 -4.2734 -4.25444 -4.23661 -4.2199 -4.2043 -4.18981 -4.17641 -4.16409 -4.15285 -4.14268 -4.13358 -4.12553 -4.11855 -4.11264 -4.1078 -4.10407 -4.10148 -4.1001 -4.09998 nan 
nan -4.09476 -4.09646 -4.09903 -4.10246 -4.10681 -4.11209 -4.11834 -4.12558 -4.13383 -4.14311 -4.15343 -4.1648 -4.17725 -4.19077 -4.20538 -4.2211 -4.23793 -4.25589 -4.27499 -4.29523 -4.31664 -4.33922 -4.36298 -4.38794 -4.41412 -4.44151 -4.47014 -4.50002 -4.53115 -4.56356 -4.59724 -4.63222 -4.66849 -4.70606 -4.74491 -4.78505 -4.82643 -4.86901 -4.91274 -4.95751 -5.00322 -5.04976 -5.09714 -5.14579 -5.19752 -5.25857 -5.35011 nan nan nan nan nan -5.12625 -5.16775 -5.15744 -5.12703 -5.08802 -5.04522 -5.00095 -4.9564 -4.91224 -4.86883 -4.82642 -4.78512 -4.74503 -4.70619 -4.66863 -4.63235 -4.59736 -4.56366 -4.53125 -4.5001 -4.47021 -4.44157 -4.41416 -4.38798 -4.36301 -4.33924 -4.31665 -4.29524 -4.27499 -4.2559 -4.23794 -4.22111 -4.2054 -4.1908 -4.1773 -4.16488 -4.15355 -4.14329 -4.1341 -4.12597 -4.11889 -4.11288 -4.10793 -4.10406 -4.1013 -4.09967 -4.09923 nan 
nan -4.0958 -4.09728 -4.09968 -4.103 -4.10726 -4.1125 -4.11873 -4.12597 -4.13423 -4.14354 -4.15389 -4.16531 -4.1778 -4.19137 -4.20605 -4.22183 -4.23874 -4.25677 -4.27595 -4.29629 -4.31779 -4.34047 -4.36435 -4.38944 -4.41574 -4.44328 -4.47207 -4.50213 -4.53345 -4.56607 -4.6 -4.63523 -4.6718 -4.70968 -4.7489 -4.78944 -4.83126 -4.87434 -4.91859 -4.9639 -5.01012 -5.05702 -5.1044 -5.15228 -5.20173 -5.25725 -5.33388 nan nan nan nan nan -5.14517 -5.18066 -5.16955 -5.13818 -5.09796 -5.05398 -5.00866 -4.96321 -4.91828 -4.87422 -4.83125 -4.78947 -4.74896 -4.70975 -4.67186 -4.6353 -4.60006 -4.56613 -4.5335 -4.50217 -4.47211 -4.44331 -4.41577 -4.38946 -4.36437 -4.34048 -4.3178 -4.29629 -4.27595 -4.25677 -4.23874 -4.22184 -4.20606 -4.19139 -4.17782 -4.16535 -4.15396 -4.14364 -4.13438 -4.12618 -4.11903 -4.11292 -4.10786 -4.10385 -4.10088 -4.09896 -4.09812 nan 
-4.09558 -4.09667 -4.09808 -4.1003 -4.10347 -4.10763 -4.11279 -4.11897 -4.12617 -4.13442 -4.14372 -4.15407 -4.16549 -4.17799 -4.19158 -4.20627 -4.22208 -4.239 -4.25707 -4.27627 -4.29664 -4.31818 -4.3409 -4.36482 -4.38994 -4.4163 -4.44389 -4.47273 -4.50285 -4.53424 -4.56694 -4.60094 -4.63627 -4.67293 -4.71092 -4.75026 -4.79092 -4.83288 -4.87608 -4.92043 -4.96577 -5.01184 -5.05817 -5.10402 -5.14807 -5.18813 -5.22051 -5.23972 nan nan nan nan nan -5.23972 -5.22051 -5.18813 -5.14807 -5.10402 -5.05817 -5.01184 -4.96577 -4.92043 -4.87608 -4.83288 -4.79092 -4.75026 -4.71092 -4.67293 -4.63627 -4.60094 -4.56694 -4.53424 -4.50285 -4.47273 -4.44389 -4.4163 -4.38994 -4.36482 -4.3409 -4.31818 -4.29664 -4.27627 -4.25707 -4.239 -4.22208 -4.20627 -4.19158 -4.17799 -4.16549 -4.15407 -4.14372 -4.13442 -4.12617 -4.11897 -4.11279 -4.10763 -4.10347 -4.1003 -4.09808 -4.09667 -4.09558 
nan -4.09812 -4.09896 -4.10088 -4.10385 -4.10786 -4.11292 -4.11903 -4.12618 -4.13438 -4.14364 -4.15396 -4.16535 -4.17782 -4.19139 -4.20606 -4.22184 -4.23874 -4.25677 -4.27595 -4.29629 -4.3178 -4.34048 -4.36437 -4.38946 -4.41577 -4.44331 -4.47211 -4.50217 -4.5335 -4.56613 -4.60006 -4.6353 -4.67186 -4.70975 -4.74896 -4.78947 -4.83125 -4.87422 -4.91828 -4.96321 -5.00866 -5.05398 -5.09796 -5.13818 -5.16955 -5.18066 -5.14517 nan nan nan nan nan -5.33388 -5.25725 -5.20173 -5.15228 -5.1044 -5.05702 -5.01012 -4.9639 -4.91859 -4.87434 -4.83126 -4.78944 -4.7489 -4.70968 -4.6718 -4.63523 -4.6 -4.56607 -4.53345 -4.50213 -4.47207 -4.44328 -4.41574 -4.38944 -4.36435 -4.34047 -4.31779 -4.29629 -4.27595 -4.25677 -4.23874 -4.22183 -4.20605 -4.19137 -4.1778 -4.16531 -4.15389 -4.14354 -4.13423 -4.12597 -4.11873 -4.1125 -4.10726 -4.103 -4.09968 -4.09728 -4.0958 nan 
nan -4.09923 -4.09967 -4.1013 -4.10406 -4.10793 -4.11288 -4.11889 -4.12597 -4.1341 -4.14329 -4.15355 -4.16488 -4.1773 -4.1908 -4.2054 -4.22111 -4.23794 -4.2559 -4.27499 -4.29524 -4.31665 -4.33924 -4.36301 -4.38798 -4.41416 -4.44157 -4.47021 -4.5001 -4.53125 -4.56366 -4.59736 -4.63235 -4.66863 -4.70619 -4.74503 -4.78512 -4.82642 -4.86883 -4.91224 -4.9564 -5.00095 -5.04522 -5.08802 -5.12703 -5.15744 -5.16775 -5.12625 nan nan nan nan nan -5.35011 -5.25857 -5.19752 -5.14579 -5.09714 -5.04976 -5.00322 -4.95751 -4.91274 -4.86901 -4.82643 -4.78505 -4.74491 -4.70606 -4.66849 -4.63222 -4.59724 -4.56356 -4.53115 -4.50002 -4.47014 -4.44151 -4.41412 -4.38794 -4.36298 -4.33922 -4.31664 -4.29523 -4.27499 -4.25589 -4.23793 -4.2211 -4.20538 -4.19077 -4.17725 -4.1648 -4.15343 -4.14311 -4.13383 -4.12558 -4.11834 -4.11209 -4.10681 -4.10246 -4.09903 -4.09646 -4.09476 nan 
nan -4.09998 -4.1001 -4.10148 -4.10407 -4.1078 -4.11264 -4.11855 -4.12553 -4.13358 -4.14268 -4.15285 -4.16409 -4.17641 -4.18981 -4.2043 -4.2199 -4.23661 -4.25444 -4.2734 -4.2935 -4.31476 -4.33717 -4.36076 -4.38553 -4.4115 -4.43867 -4.46705 -4.49666 -4.5275 -4.55957 -4.59289 -4.62746 -4.66326 -4.7003 -4.73854 -4.77796 -4.81849 -4.86005 -4.90247 -4.94555 -4.98894 -5.03212 -5.07429 -5.11435 -5.15122 -5.18577 -5.23048 -5.35011 -5.33388 -5.23972 -5.14517 -5.12625 -5.23048 -5.21283 -5.17239 -5.12749 -5.08185 -5.03631 -4.99119 -4.94669 -4.90299 -4.86021 -4.81847 -4.77784 -4.73837 -4.70011 -4.66307 -4.62727 -4.59272 -4.55942 -4.52736 -4.49654 -4.46695 -4.43858 -4.41143 -4.38548 -4.36072 -4.33714 -4.31474 -4.29349 -4.2734 -4.25444 -4.23661 -4.2199 -4.20429 -4.18977 -4.17634 -4.16399 -4.15269 -4.14243 -4.13321 -4.12501 -4.1178 -4.11157 -4.10629 -4.10191 -4.0984 -4.09569 -4.09373 nan 
nan -4.10032 -4.10016 -4.10136 -4.10382 -4.10745 -4.11219 -4.118 -4.12488 -4.13282 -4.14181 -4.15186 -4.16298 -4.17516 -4.18843 -4.20278 -4.21822 -4.23476 -4.25242 -4.27119 -4.29109 -4.31212 -4.3343 -4.35764 -4.38213 -4.4078 -4.43464 -4.46267 -4.49189 -4.5223 -4.55391 -4.58671 -4.62069 -4.65586 -4.69218 -4.72962 -4.76813 -4.80765 -4.84806 -4.88921 -4.93088 -4.97278 -5.0145 -5.05552 -5.09533 -5.13374 -5.17177 -5.21283 -5.25857 -5.25725 -5.22051 -5.18066 -5.16775 -5.18577 -5.17177 -5.14043 -5.10176 -5.06015 -5.01744 -4.9745 -4.93179 -4.88961 -4.84815 -4.80757 -4.76796 -4.72939 -4.69194 -4.65562 -4.62047 -4.5865 -4.55372 -4.52213 -4.49174 -4.46255 -4.43454 -4.40771 -4.38207 -4.35759 -4.33427 -4.3121 -4.29108 -4.27119 -4.25242 -4.23477 -4.21822 -4.20277 -4.1884 -4.1751 -4.16287 -4.15168 -4.14153 -4.1324 -4.12428 -4.11715 -4.11098 -4.10574 -4.10139 -4.09786 -4.09506 -4.09289 nan 
nan -4.10012 -4.09977 -4.1009 -4.10331 -4.10688 -4.11153 -4.11725 -4.12402 -4.13183 -4.14069 -4.15059 -4.16156 -4.17358 -4.18667 -4.20084 -4.21608 -4.23242 -4.24985 -4.26838 -4.28802 -4.30878 -4.33066 -4.35367 -4.37782 -4.4031 -4.42954 -4.45712 -4.48585 -4.51572 -4.54674 -4.57889 -4.61216 -4.64652 -4.68196 -4.71841 -4.75582 -4.79409 -4.83312 -4.87273 -4.91271 -4.95277 -4.99254 -5.03161 -5.06951 -5.10588 -5.14043 -5.17239 -5.19752 -5.20173 -5.18813 -5.16955 -5.15744 -5.15122 -5.13374 -5.10588 -5.0716 -5.03379 -4.9942 -4.95383 -4.91329 -4.87296 -4.83312 -4.79395 -4.75559 -4.71814 -4.68168 -4.64625 -4.6119 -4.57865 -4.54652 -4.51552 -4.48567 -4.45697 -4.42942 -4.40301 -4.37774 -4.35362 -4.33062 -4.30876 -4.28802 -4.26839 -4.24986 -4.23244 -4.2161 -4.20085 -4.18666 -4.17353 -4.16146 -4.15042 -4.1404 -4.13141 -4.1234 -4.11638 -4.11032 -4.10519 -4.10094 -4.09749 -4.09471 -4.0924 nan 
nan -4.09918 -4.09884 -4.10008 -4.10255 -4.1061 -4.11069 -4.11631 -4.12295 -4.13062 -4.13932 -4.14906 -4.15984 -4.17167 -4.18455 -4.1985 -4.21351 -4.22959 -4.24675 -4.26499 -4.28432 -4.30475 -4.32627 -4.34889 -4.37262 -4.39746 -4.4234 -4.45045 -4.47859 -4.50783 -4.53815 -4.56954 -4.60196 -4.6354 -4.6698 -4.7051 -4.74124 -4.7781 -4.81554 -4.8534 -4.89144 -4.92938 -4.96684 -5.00339 -5.03852 -5.0716 -5.10176 -5.12749 -5.14579 -5.15228 -5.14807 -5.13818 -5.12703 -5.11435 -5.09533 -5.06951 -5.03852 -5.00409 -4.96758 -4.92992 -4.89174 -4.85348 -4.81546 -4.77791 -4.74098 -4.70482 -4.6695 -4.6351 -4.60168 -4.56928 -4.53791 -4.50762 -4.47841 -4.45029 -4.42327 -4.39735 -4.37254 -4.34884 -4.32624 -4.30473 -4.28433 -4.26501 -4.24678 -4.22963 -4.21355 -4.19853 -4.18457 -4.17165 -4.15977 -4.14891 -4.13907 -4.13024 -4.12239 -4.11552 -4.10961 -4.10465 -4.10059 -4.09736 -4.0948 -4.09256 nan 
nan -4.09711 -4.09727 -4.09894 -4.1016 -4.10518 -4.10971 -4.11521 -4.1217 -4.12921 -4.13772 -4.14727 -4.15784 -4.16944 -4.18209 -4.19578 -4.21051 -4.2263 -4.24315 -4.26105 -4.28003 -4.30006 -4.32117 -4.34335 -4.3666 -4.39091 -4.41629 -4.44273 -4.47021 -4.49872 -4.52825 -4.55877 -4.59025 -4.62264 -4.65588 -4.68992 -4.72464 -4.75995 -4.79567 -4.83163 -4.86758 -4.90322 -4.93817 -4.97198 -5.00409 -5.03379 -5.06015 -5.08185 -5.09714 -5.1044 -5.10402 -5.09796 -5.08802 -5.07429 -5.05552 -5.03161 -5.00339 -4.97198 -4.93839 -4.90342 -4.86768 -4.8316 -4.79554 -4.75973 -4.72438 -4.68962 -4.65558 -4.62234 -4.58996 -4.5585 -4.52801 -4.49851 -4.47002 -4.44256 -4.41616 -4.39081 -4.36652 -4.3433 -4.32115 -4.30006 -4.28005 -4.26109 -4.2432 -4.22637 -4.21059 -4.19585 -4.18214 -4.16947 -4.15782 -4.14718 -4.13755 -4.1289 -4.12124 -4.11455 -4.10883 -4.10408 -4.1003 -4.09748 -4.0955 -4.09383 nan 
nan -4.09305 -4.09515 -4.09772 -4.10064 -4.10422 -4.10864 -4.11398 -4.1203 -4.12761 -4.13592 -4.14524 -4.15558 -4.16693 -4.1793 -4.1927 -4.20712 -4.22258 -4.23907 -4.2566 -4.27517 -4.29477 -4.31542 -4.33709 -4.3598 -4.38353 -4.40828 -4.43404 -4.46078 -4.4885 -4.51715 -4.54672 -4.57716 -4.60841 -4.64041 -4.67307 -4.7063 -4.73995 -4.77387 -4.80784 -4.84163 -4.87491 -4.90732 -4.93839 -4.96758 -4.9942 -5.01744 -5.03631 -5.04976 -5.05702 -5.05817 -5.05398 -5.04522 -5.03212 -5.0145 -4.99254 -4.96684 -4.93817 -4.90732 -4.87496 -4.84163 -4.80777 -4.77371 -4.73974 -4.70604 -4.67279 -4.64011 -4.60812 -4.57688 -4.54646 -4.51691 -4.48828 -4.46059 -4.43388 -4.40815 -4.38343 -4.35973 -4.33705 -4.3154 -4.29479 -4.27521 -4.25667 -4.23916 -4.22268 -4.20724 -4.19282 -4.17941 -4.16702 -4.15563 -4.14524 -4.13584 -4.12742 -4.11996 -4.11347 -4.10796 -4.10343 -4.09996 -4.09769 -4.09683 -4.09719 nan 
nan -4.08471 -4.09351 -4.09706 -4.09993 -4.10331 -4.10751 -4.11265 -4.11876 -4.12585 -4.13393 -4.143 -4.15307 -4.16414 -4.17621 -4.18929 -4.20337 -4.21846 -4.23456 -4.25167 -4.26979 -4.28892 -4.30905 -4.33017 -4.35229 -4.37538 -4.39945 -4.42446 -4.4504 -4.47725 -4.50497 -4.53352 -4.56284 -4.59289 -4.62357 -4.6548 -4.68646 -4.71841 -4.75048 -4.78245 -4.81407 -4.84502 -4.87496 -4.90342 -4.92992 -4.95383 -4.9745 -4.99119 -5.00322 -5.01012 -5.01184 -5.00866 -5.00095 -4.98894 -4.97278 -4.95277 -4.92938 -4.90322 -4.87491 -4.84502 -4.81404 -4.78237 -4.75034 -4.71822 -4.68623 -4.65455 -4.6233 -4.59262 -4.56258 -4.53327 -4.50474 -4.47704 -4.45022 -4.42431 -4.39932 -4.37529 -4.35223 -4.33014 -4.30905 -4.28895 -4.26986 -4.25177 -4.23468 -4.21861 -4.20353 -4.18946 -4.17639 -4.16431 -4.15322 -4.14311 -4.13397 -4.12579 -4.11857 -4.1123 -4.10697 -4.10261 -4.09932 -4.09738 -4.0979 -4.10508 nan 
nan nan -4.09798 -4.09797 -4.09963 -4.10246 -4.10634 -4.11122 -4.11709 -4.12394 -4.13176 -4.14057 -4.15035 -4.16111 -4.17286 -4.18558 -4.19929 -4.21398 -4.22965 -4.24631 -4.26394 -4.28254 -4.30212 -4.32265 -4.34412 -4.36653 -4.38986 -4.41409 -4.43918 -4.4651 -4.49183 -4.5193 -4.54747 -4.57626 -4.60558 -4.63534 -4.6654 -4.69563 -4.72584 -4.75583 -4.78532 -4.81404 -4.84163 -4.86768 -4.89174 -4.91329 -4.93179 -4.94669 -4.95751 -4.9639 -4.96577 -4.96321 -4.9564 -4.94555 -4.93088 -4.91271 -4.89144 -4.86758 -4.84163 -4.81407 -4.78532 -4.75578 -4.72574 -4.69548 -4.66521 -4.63512 -4.60535 -4.57602 -4.54723 -4.51908 -4.49162 -4.46491 -4.43901 -4.41395 -4.38975 -4.36646 -4.34408 -4.32263 -4.30214 -4.2826 -4.26403 -4.24643 -4.22981 -4.21417 -4.1995 -4.18582 -4.17311 -4.16138 -4.15061 -4.14081 -4.13196 -4.12406 -4.11709 -4.11104 -4.10589 -4.10163 -4.09821 -4.09553 -4.09317 nan nan 
nan nan -4.09927 -4.0981 -4.09906 -4.10147 -4.10505 -4.10968 -4.1153 -4.12189 -4.12945 -4.13796 -4.14743 -4.15787 -4.16925 -4.1816 -4.1949 -4.20916 -4.22438 -4.24054 -4.25765 -4.2757 -4.29468 -4.31458 -4.33538 -4.35706 -4.37961 -4.403 -4.4272 -4.45217 -4.47786 -4.50422 -4.53119 -4.55869 -4.58663 -4.61489 -4.64336 -4.67188 -4.70027 -4.72832 -4.75578 -4.78237 -4.80777 -4.8316 -4.85348 -4.87296 -4.88961 -4.90299 -4.91274 -4.91859 -4.92043 -4.91828 -4.91224 -4.90247 -4.88921 -4.87273 -4.8534 -4.83163 -4.80784 -4.78245 -4.75583 -4.72832 -4.70022 -4.67178 -4.64322 -4.61472 -4.58643 -4.55848 -4.53098 -4.50402 -4.47767 -4.452 -4.42705 -4.40288 -4.37952 -4.357 -4.33535 -4.31458 -4.29472 -4.27578 -4.25777 -4.2407 -4.22457 -4.2094 -4.19518 -4.18191 -4.16959 -4.15823 -4.14782 -4.13836 -4.12983 -4.12222 -4.11554 -4.10974 -4.10481 -4.10069 -4.09726 -4.09424 -4.09103 nan nan 
nan nan -4.0982 -4.09704 -4.09795 -4.10022 -4.10361 -4.10802 -4.1134 -4.11973 -4.127 -4.13521 -4.14435 -4.15443 -4.16544 -4.17738 -4.19026 -4.20406 -4.21878 -4.23443 -4.25099 -4.26845 -4.2868 -4.30603 -4.32612 -4.34704 -4.36878 -4.39131 -4.41458 -4.43855 -4.46318 -4.4884 -4.51416 -4.54035 -4.5669 -4.59368 -4.62057 -4.64741 -4.67403 -4.70022 -4.72574 -4.75034 -4.77371 -4.79554 -4.81546 -4.83312 -4.84815 -4.86021 -4.86901 -4.87434 -4.87608 -4.87422 -4.86883 -4.86005 -4.84806 -4.83312 -4.81554 -4.79567 -4.77387 -4.75048 -4.72584 -4.70027 -4.67403 -4.64737 -4.62048 -4.59356 -4.56675 -4.54019 -4.51399 -4.48824 -4.46302 -4.4384 -4.41445 -4.3912 -4.36871 -4.347 -4.32611 -4.30606 -4.28686 -4.26855 -4.25113 -4.23462 -4.21902 -4.20434 -4.19059 -4.17776 -4.16587 -4.15491 -4.14488 -4.13578 -4.1276 -4.12033 -4.11395 -4.10846 -4.10382 -4.09997 -4.0968 -4.09406 -4.09105 nan nan 
nan nan -4.09445 -4.09485 -4.09639 -4.09877 -4.10206 -4.10627 -4.11142 -4.11748 -4.12446 -4.13234 -4.14114 -4.15084 -4.16145 -4.17296 -4.18538 -4.1987 -4.21291 -4.22801 -4.24399 -4.26084 -4.27853 -4.29707 -4.31642 -4.33656 -4.35746 -4.37909 -4.40141 -4.42437 -4.44792 -4.47199 -4.49652 -4.52142 -4.54658 -4.5719 -4.59724 -4.62245 -4.64737 -4.67178 -4.69548 -4.71822 -4.73974 -4.75973 -4.77791 -4.79395 -4.80757 -4.81847 -4.82643 -4.83126 -4.83288 -4.83125 -4.82642 -4.81849 -4.80765 -4.79409 -4.7781 -4.75995 -4.73995 -4.71841 -4.69563 -4.67188 -4.64741 -4.62245 -4.5972 -4.57182 -4.54647 -4.52129 -4.49639 -4.47186 -4.44779 -4.42425 -4.40131 -4.37901 -4.3574 -4.33653 -4.31643 -4.29711 -4.27862 -4.26097 -4.24417 -4.22824 -4.21319 -4.19903 -4.18577 -4.17342 -4.16197 -4.15144 -4.14181 -4.1331 -4.12529 -4.11838 -4.11236 -4.10721 -4.10292 -4.09946 -4.09684 -4.09509 -4.09382 nan nan 
nan nan -4.08614 -4.09247 -4.09492 -4.09733 -4.10047 -4.10448 -4.10939 -4.11517 -4.12184 -4.12939 -4.13782 -4.14712 -4.15731 -4.16837 -4.18032 -4.19313 -4.2068 -4.22133 -4.23671 -4.25292 -4.26994 -4.28776 -4.30634 -4.32567 -4.34572 -4.36644 -4.38779 -4.40973 -4.43219 -4.45512 -4.47842 -4.50203 -4.52583 -4.54971 -4.57355 -4.5972 -4.62048 -4.64322 -4.66521 -4.68623 -4.70604 -4.72438 -4.74098 -4.75559 -4.76796 -4.77784 -4.78505 -4.78944 -4.79092 -4.78947 -4.78512 -4.77796 -4.76813 -4.75582 -4.74124 -4.72464 -4.7063 -4.68646 -4.6654 -4.64336 -4.62057 -4.59724 -4.57355 -4.54968 -4.52576 -4.50194 -4.47832 -4.45501 -4.43209 -4.40964 -4.38772 -4.36638 -4.34569 -4.32567 -4.30637 -4.28782 -4.27005 -4.25307 -4.23692 -4.22159 -4.20712 -4.19351 -4.18076 -4.1689 -4.15792 -4.14783 -4.13864 -4.13033 -4.12292 -4.1164 -4.11076 -4.10599 -4.10208 -4.09902 -4.09695 -4.09657 -4.10147 nan nan 
nan nan nan -4.09487 -4.0944 -4.09606 -4.09891 -4.10269 -4.10735 -4.11285 -4.11919 -4.12638 -4.13443 -4.14332 -4.15306 -4.16366 -4.1751 -4.18739 -4.20051 -4.21445 -4.2292 -4.24475 -4.26108 -4.27816 -4.29597 -4.31448 -4.33365 -4.35345 -4.37383 -4.39474 -4.41612 -4.43789 -4.45999 -4.48233 -4.5048 -4.52729 -4.54968 -4.57182 -4.59356 -4.61472 -4.63512 -4.65455 -4.67279 -4.68962 -4.70482 -4.71814 -4.72939 -4.73837 -4.74491 -4.7489 -4.75026 -4.74896 -4.74503 -4.73854 -4.72962 -4.71841 -4.7051 -4.68992 -4.67307 -4.6548 -4.63534 -4.61489 -4.59368 -4.5719 -4.54971 -4.52729 -4.50477 -4.48228 -4.45993 -4.43782 -4.41604 -4.39467 -4.37378 -4.35342 -4.33364 -4.3145 -4.29602 -4.27825 -4.26121 -4.24493 -4.22943 -4.21474 -4.20086 -4.18781 -4.1756 -4.16424 -4.15375 -4.14413 -4.13538 -4.1275 -4.12051 -4.1144 -4.10917 -4.10481 -4.10128 -4.09852 -4.09626 -4.09367 nan nan nan 
nan nan nan -4.09261 -4.0927 -4.09452 -4.09732 -4.10093 -4.10534 -4.11054 -4.11655 -4.12337 -4.131 -4.13946 -4.14874 -4.15885 -4.16978 -4.18152 -4.19406 -4.2074 -4.22152 -4.2364 -4.25201 -4.26834 -4.28536 -4.30304 -4.32134 -4.34021 -4.35962 -4.3795 -4.3998 -4.42044 -4.44135 -4.46245 -4.48362 -4.50477 -4.52576 -4.54647 -4.56675 -4.58643 -4.60535 -4.6233 -4.64011 -4.65558 -4.6695 -4.68168 -4.69194 -4.70011 -4.70606 -4.70968 -4.71092 -4.70975 -4.70619 -4.7003 -4.69218 -4.68196 -4.6698 -4.65588 -4.64041 -4.62357 -4.60558 -4.58663 -4.5669 -4.54658 -4.52583 -4.5048 -4.48362 -4.46242 -4.44132 -4.42039 -4.39975 -4.37946 -4.35959 -4.3402 -4.32135 -4.30308 -4.28543 -4.26845 -4.25216 -4.2366 -4.22177 -4.20772 -4.19445 -4.18197 -4.17032 -4.15949 -4.14949 -4.14035 -4.13205 -4.12463 -4.11807 -4.11239 -4.1076 -4.10368 -4.10064 -4.09841 -4.09684 -4.09515 nan nan nan 
nan nan nan -4.08489 -4.09021 -4.09294 -4.09581 -4.09927 -4.10342 -4.1083 -4.11395 -4.12037 -4.12758 -4.13558 -4.14438 -4.15399 -4.16438 -4.17556 -4.18752 -4.20024 -4.21371 -4.2279 -4.2428 -4.25837 -4.2746 -4.29144 -4.30885 -4.3268 -4.34524 -4.3641 -4.38334 -4.40287 -4.42262 -4.4425 -4.46242 -4.48228 -4.50194 -4.52129 -4.54019 -4.55848 -4.57602 -4.59262 -4.60812 -4.62234 -4.6351 -4.64625 -4.65562 -4.66307 -4.66849 -4.6718 -4.67293 -4.67186 -4.66863 -4.66326 -4.65586 -4.64652 -4.6354 -4.62264 -4.60841 -4.59289 -4.57626 -4.55869 -4.54035 -4.52142 -4.50203 -4.48233 -4.46245 -4.4425 -4.4226 -4.40284 -4.38331 -4.36408 -4.34522 -4.3268 -4.30888 -4.29149 -4.27468 -4.2585 -4.24297 -4.22812 -4.21398 -4.20058 -4.18793 -4.17604 -4.16495 -4.15465 -4.14517 -4.13652 -4.12869 -4.12172 -4.11561 -4.11037 -4.10603 -4.10258 -4.10008 -4.09858 -4.09849 -4.10231 nan nan nan 
nan nan nan nan -4.0912 -4.09213 -4.09462 -4.09781 -4.10165 -4.10618 -4.11143 -4.11742 -4.12418 -4.13172 -4.14002 -4.14911 -4.15896 -4.16957 -4.18092 -4.19301 -4.20582 -4.21932 -4.23349 -4.24831 -4.26373 -4.27973 -4.29627 -4.3133 -4.33078 -4.34864 -4.36683 -4.38527 -4.40389 -4.4226 -4.44132 -4.45993 -4.47832 -4.49639 -4.51399 -4.53098 -4.54723 -4.56258 -4.57688 -4.58996 -4.60168 -4.6119 -4.62047 -4.62727 -4.63222 -4.63523 -4.63627 -4.6353 -4.63235 -4.62746 -4.62069 -4.61216 -4.60196 -4.59025 -4.57716 -4.56284 -4.54747 -4.53119 -4.51416 -4.49652 -4.47842 -4.45999 -4.44135 -4.42262 -4.40389 -4.38526 -4.36681 -4.34863 -4.33078 -4.31332 -4.29631 -4.2798 -4.26383 -4.24844 -4.23367 -4.21955 -4.20611 -4.19337 -4.18134 -4.17006 -4.15954 -4.14979 -4.14082 -4.13266 -4.12532 -4.1188 -4.11314 -4.10834 -4.10443 -4.10145 -4.09941 -4.09825 -4.09715 nan nan nan nan 
nan nan nan nan -4.08499 -4.09069 -4.09362 -4.0966 -4.10008 -4.10421 -4.10903 -4.11457 -4.12086 -4.1279 -4.13569 -4.14424 -4.15353 -4.16356 -4.17431 -4.18577 -4.19791 -4.21071 -4.22415 -4.2382 -4.25283 -4.268 -4.28367 -4.29979 -4.31632 -4.33319 -4.35035 -4.36773 -4.38526 -4.40284 -4.42039 -4.43782 -4.45501 -4.47186 -4.48824 -4.50402 -4.51908 -4.53327 -4.54646 -4.5585 -4.56928 -4.57865 -4.5865 -4.59272 -4.59724 -4.6 -4.60094 -4.60006 -4.59736 -4.59289 -4.58671 -4.57889 -4.56954 -4.55877 -4.54672 -4.53352 -4.5193 -4.50422 -4.4884 -4.47199 -4.45512 -4.43789 -4.42044 -4.40287 -4.38527 -4.36773 -4.35035 -4.33319 -4.31632 -4.29981 -4.28371 -4.26807 -4.25294 -4.23835 -4.22434 -4.21095 -4.19821 -4.18613 -4.17474 -4.16407 -4.15412 -4.14492 -4.13648 -4.12882 -4.12195 -4.11589 -4.11066 -4.10629 -4.10281 -4.10027 -4.09879 -4.0988 -4.10291 nan nan nan nan 
nan nan nan nan nan -4.0929 -4.09349 -4.09576 -4.09877 -4.10243 -4.10677 -4.11183 -4.11762 -4.12415 -4.13142 -4.13942 -4.14815 -4.15759 -4.16773 -4.17854 -4.19001 -4.20212 -4.21483 -4.22812 -4.24196 -4.2563 -4.2711 -4.28633 -4.30193 -4.31784 -4.334 -4.35035 -4.36681 -4.38331 -4.39975 -4.41604 -4.43209 -4.44779 -4.46302 -4.47767 -4.49162 -4.50474 -4.51691 -4.52801 -4.53791 -4.54652 -4.55372 -4.55942 -4.56356 -4.56607 -4.56694 -4.56613 -4.56366 -4.55957 -4.55391 -4.54674 -4.53815 -4.52825 -4.51715 -4.50497 -4.49183 -4.47786 -4.46318 -4.44792 -4.43219 -4.41612 -4.3998 -4.38334 -4.36683 -4.35035 -4.334 -4.31784 -4.30194 -4.28636 -4.27115 -4.25637 -4.24207 -4.22827 -4.21503 -4.20237 -4.19032 -4.17891 -4.16816 -4.1581 -4.14873 -4.14008 -4.13217 -4.12501 -4.11861 -4.113 -4.10819 -4.10423 -4.10113 -4.09894 -4.09757 -4.09614 nan nan nan nan nan 
nan nan nan nan nan -4.08738 -4.0926 -4.09509 -4.09768 -4.10084 -4.10468 -4.10922 -4.1145 -4.12051 -4.12724 -4.13469 -4.14284 -4.15169 -4.16121 -4.17138 -4.18219 -4.1936 -4.20559 -4.21812 -4.23117 -4.24469 -4.25865 -4.27299 -4.28768 -4.30265 -4.31784 -4.33319 -4.34863 -4.36408 -4.37946 -4.39467 -4.40964 -4.42425 -4.4384 -4.452 -4.46491 -4.47704 -4.48828 -4.49851 -4.50762 -4.51552 -4.52213 -4.52736 -4.53115 -4.53345 -4.53424 -4.5335 -4.53125 -4.5275 -4.5223 -4.51572 -4.50783 -4.49872 -4.4885 -4.47725 -4.4651 -4.45217 -4.43855 -4.42437 -4.40973 -4.39474 -4.3795 -4.3641 -4.34864 -4.33319 -4.31784 -4.30265 -4.28769 -4.27302 -4.25869 -4.24476 -4.23128 -4.21827 -4.20578 -4.19385 -4.1825 -4.17176 -4.16165 -4.15219 -4.14341 -4.13532 -4.12793 -4.12127 -4.11534 -4.11017 -4.10577 -4.10218 -4.09944 -4.09768 -4.09734 -4.10109 nan nan nan nan nan 
nan nan nan nan nan nan -4.09531 -4.09522 -4.09693 -4.09948 -4.10275 -4.10676 -4.11151 -4.11698 -4.12317 -4.13006 -4.13764 -4.1459 -4.1548 -4.16434 -4.17447 -4.18519 -4.19646 -4.20825 -4.22052 -4.23323 -4.24636 -4.25984 -4.27364 -4.28769 -4.30194 -4.31632 -4.33078 -4.34522 -4.35959 -4.37378 -4.38772 -4.40131 -4.41445 -4.42705 -4.43901 -4.45022 -4.46059 -4.47002 -4.47841 -4.48567 -4.49174 -4.49654 -4.50002 -4.50213 -4.50285 -4.50217 -4.5001 -4.49666 -4.49189 -4.48585 -4.47859 -4.47021 -4.46078 -4.4504 -4.43918 -4.4272 -4.41458 -4.40141 -4.38779 -4.37383 -4.35962 -4.34524 -4.33078 -4.31632 -4.30193 -4.28768 -4.27364 -4.25986 -4.24639 -4.2333 -4.22062 -4.20839 -4.19665 -4.18544 -4.17478 -4.16471 -4.15524 -4.1464 -4.1382 -4.13066 -4.12381 -4.11764 -4.11217 -4.10743 -4.10342 -4.10016 -4.09768 -4.09589 -4.09389 nan nan nan nan nan nan 
nan nan nan nan nan nan -4.09012 -4.09447 -4.09625 -4.09827 -4.10098 -4.10444 -4.10865 -4.11359 -4.11923 -4.12557 -4.13258 -4.14024 -4.14854 -4.15744 -4.16691 -4.17694 -4.1875 -4.19855 -4.21005 -4.22198 -4.23429 -4.24693 -4.25986 -4.27302 -4.28636 -4.29981 -4.31332 -4.3268 -4.3402 -4.35342 -4.36638 -4.37901 -4.3912 -4.40288 -4.41395 -4.42431 -4.43388 -4.44256 -4.45029 -4.45697 -4.46255 -4.46695 -4.47014 -4.47207 -4.47273 -4.47211 -4.47021 -4.46705 -4.46267 -4.45712 -4.45045 -4.44273 -4.43404 -4.42446 -4.41409 -4.403 -4.39131 -4.37909 -4.36644 -4.35345 -4.34021 -4.3268 -4.3133 -4.29979 -4.28633 -4.27299 -4.25984 -4.24693 -4.23431 -4.22203 -4.21014 -4.19868 -4.18768 -4.17719 -4.16722 -4.15781 -4.14898 -4.14075 -4.13314 -4.12616 -4.11983 -4.11416 -4.10916 -4.10483 -4.1012 -4.09826 -4.09612 -4.09523 -4.09831 nan nan nan nan nan nan 
nan nan nan nan nan nan nan -4.09716 -4.09623 -4.09728 -4.09935 -4.10226 -4.10594 -4.11035 -4.11545 -4.12124 -4.12769 -4.13477 -4.14245 -4.15072 -4.15955 -4.1689 -4.17876 -4.18908 -4.19983 -4.21098 -4.22249 -4.23431 -4.24639 -4.25869 -4.27115 -4.28371 -4.29631 -4.30888 -4.32135 -4.33364 -4.34569 -4.3574 -4.36871 -4.37952 -4.38975 -4.39932 -4.40815 -4.41616 -4.42327 -4.42942 -4.43454 -4.43858 -4.44151 -4.44328 -4.44389 -4.44331 -4.44157 -4.43867 -4.43464 -4.42954 -4.4234 -4.41629 -4.40828 -4.39945 -4.38986 -4.37961 -4.36878 -4.35746 -4.34572 -4.33365 -4.32134 -4.30885 -4.29627 -4.28367 -4.2711 -4.25865 -4.24636 -4.23429 -4.22249 -4.21101 -4.1999 -4.18919 -4.17892 -4.16913 -4.15985 -4.1511 -4.1429 -4.13528 -4.12826 -4.12184 -4.11604 -4.11087 -4.10633 -4.10243 -4.09916 -4.09647 -4.09421 -4.09149 nan nan nan nan nan nan nan 
nan nan nan nan nan nan nan -4.09202 -4.09516 -4.09616 -4.09778 -4.10021 -4.10339 -4.10728 -4.11186 -4.1171 -4.12299 -4.1295 -4.13659 -4.14423 -4.15242 -4.1611 -4.17027 -4.17987 -4.18989 -4.20028 -4.21101 -4.22203 -4.2333 -4.24476 -4.25637 -4.26807 -4.2798 -4.29149 -4.30308 -4.3145 -4.32567 -4.33653 -4.347 -4.357 -4.36646 -4.37529 -4.38343 -4.39081 -4.39735 -4.40301 -4.40771 -4.41143 -4.41412 -4.41574 -4.4163 -4.41577 -4.41416 -4.4115 -4.4078 -4.4031 -4.39746 -4.39091 -4.38353 -4.37538 -4.36653 -4.35706 -4.34704 -4.33656 -4.32567 -4.31448 -4.30304 -4.29144 -4.27973 -4.268 -4.2563 -4.24469 -4.23323 -4.22198 -4.21098 -4.20028 -4.18993 -4.17996 -4.17041 -4.16132 -4.15271 -4.14461 -4.13705 -4.13004 -4.1236 -4.11775 -4.11248 -4.10781 -4.10375 -4.1003 -4.09745 -4.09516 -4.09367 -4.09571 nan nan nan nan nan nan nan 
nan nan nan nan nan nan nan nan -4.09714 -4.09535 -4.09631 -4.0983 -4.10101 -4.10439 -4.10846 -4.11318 -4.11852 -4.12446 -4.13097 -4.13801 -4.14556 -4.15359 -4.16207 -4.17098 -4.18028 -4.18993 -4.1999 -4.21014 -4.22062 -4.23128 -4.24207 -4.25294 -4.26383 -4.27468 -4.28543 -4.29602 -4.30637 -4.31643 -4.32611 -4.33535 -4.34408 -4.35223 -4.35973 -4.36652 -4.37254 -4.37774 -4.38207 -4.38548 -4.38794 -4.38944 -4.38994 -4.38946 -4.38798 -4.38553 -4.38213 -4.37782 -4.37262 -4.3666 -4.3598 -4.35229 -4.34412 -4.33538 -4.32612 -4.31642 -4.30634 -4.29597 -4.28536 -4.2746 -4.26373 -4.25283 -4.24196 -4.23117 -4.22052 -4.21005 -4.19983 -4.18989 -4.18028 -4.17103 -4.16219 -4.15378 -4.14584 -4.13839 -4.13146 -4.12506 -4.11921 -4.11392 -4.10919 -4.10503 -4.10144 -4.09846 -4.09607 -4.09397 -4.09049 nan nan nan nan nan nan nan nan 
nan nan nan nan nan nan nan nan -4.09141 -4.09272 -4.09473 -4.09659 -4.09884 -4.10172 -4.10528 -4.10949 -4.11431 -4.1197 -4.12564 -4.13208 -4.13901 -4.1464 -4.15422 -4.16244 -4.17103 -4.17996 -4.18919 -4.19868 -4.20839 -4.21827 -4.22827 -4.23835 -4.24844 -4.2585 -4.26845 -4.27825 -4.28782 -4.29711 -4.30606 -4.31458 -4.32263 -4.33014 -4.33705 -4.3433 -4.34884 -4.35362 -4.35759 -4.36072 -4.36298 -4.36435 -4.36482 -4.36437 -4.36301 -4.36076 -4.35764 -4.35367 -4.34889 -4.34335 -4.33709 -4.33017 -4.32265 -4.31458 -4.30603 -4.29707 -4.28776 -4.27816 -4.26834 -4.25837 -4.24831 -4.2382 -4.22812 -4.21812 -4.20825 -4.19855 -4.18908 -4.17987 -4.17098 -4.16244 -4.15428 -4.14655 -4.13926 -4.13246 -4.12615 -4.12037 -4.11511 -4.11039 -4.10621 -4.10255 -4.09944 -4.09694 -4.09532 -4.09509 -4.09528 nan nan nan nan nan nan nan nan 
nan nan nan nan nan nan nan nan nan -4.09034 -4.09422 -4.0954 -4.09695 -4.09927 -4.10234 -4.10606 -4.11038 -4.11525 -4.12063 -4.12649 -4.13281 -4.13957 -4.14673 -4.15428 -4.16219 -4.17041 -4.17892 -4.18768 -4.19665 -4.20578 -4.21503 -4.22434 -4.23367 -4.24297 -4.25216 -4.26121 -4.27005 -4.27862 -4.28686 -4.29472 -4.30214 -4.30905 -4.3154 -4.32115 -4.32624 -4.33062 -4.33427 -4.33714 -4.33922 -4.34047 -4.3409 -4.34048 -4.33924 -4.33717 -4.3343 -4.33066 -4.32627 -4.32117 -4.31542 -4.30905 -4.30212 -4.29468 -4.2868 -4.27853 -4.26994 -4.26108 -4.25201 -4.2428 -4.23349 -4.22415 -4.21483 -4.20559 -4.19646 -4.1875 -4.17876 -4.17027 -4.16207 -4.15422 -4.14673 -4.13966 -4.13302 -4.12684 -4.12116 -4.11599 -4.11134 -4.1072 -4.10358 -4.10043 -4.09771 -4.09544 -4.09409 -4.09673 nan nan nan nan nan nan nan nan nan 
nan nan nan nan nan nan nan nan nan nan -4.09729 -4.09476 -4.09519 -4.09698 -4.09962 -4.10292 -4.10678 -4.11114 -4.11598 -4.12128 -4.127 -4.13313 -4.13966 -4.14655 -4.15378 -4.16132 -4.16913 -4.17719 -4.18544 -4.19385 -4.20237 -4.21095 -4.21955 -4.22812 -4.2366 -4.24493 -4.25307 -4.26097 -4.26855 -4.27578 -4.2826 -4.28895 -4.29479 -4.30006 -4.30473 -4.30876 -4.3121 -4.31474 -4.31664 -4.31779 -4.31818 -4.3178 -4.31665 -4.31476 -4.31212 -4.30878 -4.30475 -4.30006 -4.29477 -4.28892 -4.28254 -4.2757 -4.26845 -4.26084 -4.25292 -4.24475 -4.2364 -4.2279 -4.21932 -4.21071 -4.20212 -4.1936 -4.18519 -4.17694 -4.1689 -4.1611 -4.15359 -4.1464 -4.13957 -4.13313 -4.12712 -4.12157 -4.11651 -4.11195 -4.10791 -4.10439 -4.10137 -4.09877 -4.09645 -4.09394 -4.08976 nan nan nan nan nan nan nan nan nan nan 
nan nan nan nan nan nan nan nan nan nan -4.09217 -4.09209 -4.093 -4.09475 -4.09715 -4.1001 -4.10354 -4.10742 -4.11174 -4.11647 -4.1216 -4.12712 -4.13302 -4.13926 -4.14584 -4.15271 -4.15985 -4.16722 -4.17478 -4.1825 -4.19032 -4.19821 -4.20611 -4.21398 -4.22177 -4.22943 -4.23692 -4.24417 -4.25113 -4.25777 -4.26403 -4.26986 -4.27521 -4.28005 -4.28433 -4.28802 -4.29108 -4.29349 -4.29523 -4.29629 -4.29664 -4.29629 -4.29524 -4.2935 -4.29109 -4.28802 -4.28432 -4.28003 -4.27517 -4.26979 -4.26394 -4.25765 -4.25099 -4.24399 -4.23671 -4.2292 -4.22152 -4.21371 -4.20582 -4.19791 -4.19001 -4.18219 -4.17447 -4.16691 -4.15955 -4.15242 -4.14556 -4.13901 -4.13281 -4.127 -4.1216 -4.11666 -4.1122 -4.10826 -4.10485 -4.10197 -4.09963 -4.09777 -4.0963 -4.09506 -4.09389 nan nan nan nan nan nan nan nan nan nan 
nan nan nan nan nan nan nan nan nan nan nan -4.08938 -4.09091 -4.09277 -4.09503 -4.09769 -4.10073 -4.10415 -4.10795 -4.11212 -4.11666 -4.12157 -4.12684 -4.13246 -4.13839 -4.14461 -4.1511 -4.15781 -4.16471 -4.17176 -4.17891 -4.18613 -4.19337 -4.20058 -4.20772 -4.21474 -4.22159 -4.22824 -4.23462 -4.2407 -4.24643 -4.25177 -4.25667 -4.26109 -4.26501 -4.26839 -4.27119 -4.2734 -4.27499 -4.27595 -4.27627 -4.27595 -4.27499 -4.2734 -4.27119 -4.26838 -4.26499 -4.26105 -4.2566 -4.25167 -4.24631 -4.24054 -4.23443 -4.22801 -4.22133 -4.21445 -4.2074 -4.20024 -4.19301 -4.18577 -4.17854 -4.17138 -4.16434 -4.15744 -4.15072 -4.14423 -4.13801 -4.13208 -4.12649 -4.12128 -4.11647 -4.11212 -4.10825 -4.10491 -4.10213 -4.09992 -4.09831 -4.09728 -4.09685 -4.09706 nan nan nan nan nan nan nan nan nan nan nan 
nan nan nan nan nan nan nan nan nan nan nan nan -4.0894 -4.09132 -4.09343 -4.09579 -4.09843 -4.10138 -4.10465 -4.10825 -4.1122 -4.11651 -4.12116 -4.12615 -4.13146 -4.13705 -4.1429 -4.14898 -4.15524 -4.16165 -4.16816 -4.17474 -4.18134 -4.18793 -4.19445 -4.20086 -4.20712 -4.21319 -4.21902 -4.22457 -4.22981 -4.23468 -4.23916 -4.2432 -4.24678 -4.24986 -4.25242 -4.25444 -4.25589 -4.25677 -4.25707 -4.25677 -4.2559 -4.25444 -4.25242 -4.24985 -4.24675 -4.24315 -4.23907 -4.23456 -4.22965 -4.22438 -4.21878 -4.21291 -4.2068 -4.20051 -4.19406 -4.18752 -4.18092 -4.17431 -4.16773 -4.16121 -4.1548 -4.14854 -4.14245 -4.13659 -4.13097 -4.12564 -4.12063 -4.11598 -4.11174 -4.10795 -4.10465 -4.10189 -4.09973 -4.09819 -4.09731 -4.09713 -4.0977 nan nan nan nan nan nan nan nan nan nan nan nan 
nan nan nan nan nan nan nan nan nan nan nan nan nan -4.09059 -4.09248 -4.09451 -4.09672 -4.09917 -4.10189 -4.10491 -4.10826 -4.11195 -4.11599 -4.12037 -4.12506 -4.13004 -4.13528 -4.14075 -4.1464 -4.15219 -4.1581 -4.16407 -4.17006 -4.17604 -4.18197 -4.18781 -4.19351 -4.19903 -4.20434 -4.2094 -4.21417 -4.21861 -4.22268 -4.22637 -4.22963 -4.23244 -4.23477 -4.23661 -4.23793 -4.23874 -4.239 -4.23874 -4.23794 -4.23661 -4.23476 -4.23242 -4.22959 -4.2263 -4.22258 -4.21846 -4.21398 -4.20916 -4.20406 -4.1987 -4.19313 -4.18739 -4.18152 -4.17556 -4.16957 -4.16356 -4.15759 -4.15169 -4.1459 -4.14024 -4.13477 -4.1295 -4.12446 -4.1197 -4.11525 -4.11114 -4.10742 -4.10415 -4.10138 -4.09917 -4.09759 -4.09669 -4.09652 -4.09713 nan nan nan nan nan nan nan nan nan nan nan nan nan 
nan nan nan nan nan nan nan nan nan nan nan nan nan nan -4.0923 -4.09393 -4.09568 -4.09759 -4.09973 -4.10213 -4.10485 -4.10791 -4.11134 -4.11511 -4.11921 -4.1236 -4.12826 -4.13314 -4.1382 -4.14341 -4.14873 -4.15412 -4.15954 -4.16495 -4.17032 -4.1756 -4.18076 -4.18577 -4.19059 -4.19518 -4.1995 -4.20353 -4.20724 -4.21059 -4.21355 -4.2161 -4.21822 -4.2199 -4.2211 -4.22183 -4.22208 -4.22184 -4.22111 -4.2199 -4.21822 -4.21608 -4.21351 -4.21051 -4.20712 -4.20337 -4.19929 -4.1949 -4.19026 -4.18538 -4.18032 -4.1751 -4.16978 -4.16438 -4.15896 -4.15353 -4.14815 -4.14284 -4.13764 -4.13258 -4.12769 -4.12299 -4.11852 -4.11431 -4.11038 -4.10678 -4.10354 -4.10073 -4.09843 -4.09672 -4.09568 -4.09537 -4.09585 nan nan nan nan nan nan nan nan nan nan nan nan nan nan 
nan nan nan nan nan nan nan nan nan nan nan nan nan nan nan -4.09415 -4.09537 -4.09669 -4.09819 -4.09992 -4.10197 -4.10439 -4.1072 -4.11039 -4.11392 -4.11775 -4.12184 -4.12616 -4.13066 -4.13532 -4.14008 -4.14492 -4.14979 -4.15465 -4.15949 -4.16424 -4.1689 -4.17342 -4.17776 -4.18191 -4.18582 -4.18946 -4.19282 -4.19585 -4.19853 -4.20085 -4.20277 -4.20429 -4.20538 -4.20605 -4.20627 -4.20606 -4.2054 -4.2043 -4.20278 -4.20084 -4.1985 -4.19578 -4.1927 -4.18929 -4.18558 -4.1816 -4.17738 -4.17296 -4.16837 -4.16366 -4.15885 -4.15399 -4.14911 -4.14424 -4.13942 -4.13469 -4.13006 -4.12557 -4.12124 -4.1171 -4.11318 -4.10949 -4.10606 -4.10292 -4.1001 -4.09769 -4.09579 -4.09451 -4.09393 -4.09415 nan nan nan nan nan nan nan nan nan nan nan nan nan nan nan 
nan nan nan nan nan nan nan nan nan nan nan nan nan nan nan nan -4.09585 -4.09652 -4.09731 -4.09831 -4.09963 -4.10137 -4.10358 -4.10621 -4.10919 -4.11248 -4.11604 -4.11983 -4.12381 -4.12793 -4.13217 -4.13648 -4.14082 -4.14517 -4.14949 -4.15375 -4.15792 -4.16197 -4.16587 -4.16959 -4.17311 -4.17639 -4.17941 -4.18214 -4.18457 -4.18666 -4.1884 -4.18977 -4.19077 -4.19137 -4.19158 -4.19139 -4.1908 -4.18981 -4.18843 -4.18667 -4.18455 -4.18209 -4.1793 -4.17621 -4.17286 -4.16925 -4.16544 -4.16145 -4.15731 -4.15306 -4.14874 -4.14438 -4.14002 -4.13569 -4.13142 -4.12724 -4.12317 -4.11923 -4.11545 -4.11186 -4.10846 -4.10528 -4.10234 -4.09962 -4.09715 -4.09503 -4.09343 -4.09248 -4.0923 nan nan nan nan nan nan nan nan nan nan nan nan nan nan nan nan 
nan nan nan nan nan nan nan nan nan nan nan nan nan nan nan nan nan -4.09713 -4.09713 -4.09728 -4.09777 -4.09877 -4.10043 -4.10255 -4.10503 -4.10781 -4.11087 -4.11416 -4.11764 -4.12127 -4.12501 -4.12882 -4.13266 -4.13652 -4.14035 -4.14413 -4.14783 -4.15144 -4.15491 -4.15823 -4.16138 -4.16431 -4.16702 -4.16947 -4.17165 -4.17353 -4.1751 -4.17634 -4.17725 -4.1778 -4.17799 -4.17782 -4.1773 -4.17641 -4.17516 -4.17358 -4.17167 -4.16944 -4.16693 -4.16414 -4.16111 -4.15787 -4.15443 -4.15084 -4.14712 -4.14332 -4.13946 -4.13558 -4.13172 -4.1279 -4.12415 -4.12051 -4.11698 -4.11359 -4.11035 -4.10728 -4.10439 -4.10172 -4.09927 -4.09698 -4.09475 -4.09277 -4.09132 -4.09059 nan nan nan nan nan nan nan nan nan nan nan nan nan nan nan nan nan 
nan nan nan nan nan nan nan nan nan nan nan nan nan nan nan nan nan nan -4.0977 -4.09685 -4.0963 -4.09645 -4.09771 -4.09944 -4.10144 -4.10375 -4.10633 -4.10916 -4.11217 -4.11534 -4.11861 -4.12195 -4.12532 -4.12869 -4.13205 -4.13538 -4.13864 -4.14181 -4.14488 -4.14782 -4.15061 -4.15322 -4.15563 -4.15782 -4.15977 -4.16146 -4.16287 -4.16399 -4.1648 -4.16531 -4.16549 -4.16535 -4.16488 -4.16409 -4.16298 -4.16156 -4.15984 -4.15784 -4.15558 -4.15307 -4.15035 -4.14743 -4.14435 -4.14114 -4.13782 -4.13443 -4.131 -4.12758 -4.12418 -4.12086 -4.11762 -4.1145 -4.11151 -4.10865 -4.10594 -4.10339 -4.10101 -4.09884 -4.09695 -4.09519 -4.093 -4.09091 -4.0894 nan nan nan nan nan nan nan nan nan nan nan nan nan nan nan nan nan nan 
nan nan nan nan nan nan nan nan nan nan nan nan nan nan nan nan nan nan nan -4.09706 -4.09506 -4.09394 -4.09544 -4.09694 -4.09846 -4.1003 -4.10243 -4.10483 -4.10743 -4.11017 -4.113 -4.11589 -4.1188 -4.12172 -4.12463 -4.1275 -4.13033 -4.1331 -4.13578 -4.13836 -4.14081 -4.14311 -4.14524 -4.14718 -4.14891 -4.15042 -4.15168 -4.15269 -4.15343 -4.15389 -4.15407 -4.15396 -4.15355 -4.15285 -4.15186 -4.15059 -4.14906 -4.14727 -4.14524 -4.143 -4.14057 -4.13796 -4.13521 -4.13234 -4.12939 -4.12638 -4.12337 -4.12037 -4.11742 -4.11457 -4.11183 -4.10922 -4.10676 -4.10444 -4.10226 -4.10021 -4.0983 -4.09659 -4.0954 -4.09476 -4.09209 -4.08938 nan nan nan nan nan nan nan nan nan nan nan nan nan nan nan nan nan nan nan 
nan nan nan nan nan nan nan nan nan nan nan nan nan nan nan nan nan nan nan nan -4.09389 -4.08976 -4.09409 -4.09532 -4.09607 -4.09745 -4.09916 -4.1012 -4.10342 -4.10577 -4.10819 -4.11066 -4.11314 -4.11561 -4.11807 -4.12051 -4.12292 -4.12529 -4.1276 -4.12983 -4.13196 -4.13397 -4.13584 -4.13755 -4.13907 -4.1404 -4.14153 -4.14243 -4.14311 -4.14354 -4.14372 -4.14364 -4.14329 -4.14268 -4.14181 -4.14069 -4.13932 -4.13772 -4.13592 -4.13393 -4.13176 -4.12945 -4.127 -4.12446 -4.12184 -4.11919 -4.11655 -4.11395 -4.11143 -4.10903 -4.10677 -4.10468 -4.10275 -4.10098 -4.09935 -4.09778 -4.09631 -4.09473 -4.09422 -4.09729 -4.09217 nan nan nan nan nan nan nan nan nan nan nan nan nan nan nan nan nan nan nan nan 
nan nan nan nan nan nan nan nan nan nan nan nan nan nan nan nan nan nan nan nan nan nan -4.09673 -4.09509 -4.09397 -4.09516 -4.09647 -4.09826 -4.10016 -4.10218 -4.10423 -4.10629 -4.10834 -4.11037 -4.11239 -4.1144 -4.1164 -4.11838 -4.12033 -4.12222 -4.12406 -4.12579 -4.12742 -4.1289 -4.13024 -4.13141 -4.1324 -4.13321 -4.13383 -4.13423 -4.13442 -4.13438 -4.1341 -4.13358 -4.13282 -4.13183 -4.13062 -4.12921 -4.12761 -4.12585 -4.12394 -4.12189 -4.11973 -4.11748 -4.11517 -4.11285 -4.11054 -4.1083 -4.10618 -4.10421 -4.10243 -4.10084 -4.09948 -4.09827 -4.09728 -4.09616 -4.09535 -4.09272 -4.09034 nan nan nan nan nan nan nan nan nan nan nan nan nan nan nan nan nan nan nan nan nan nan 
nan nan nan nan nan nan nan nan nan nan nan nan nan nan nan nan nan nan nan nan nan nan nan -4.09528 -4.09049 -4.09367 -4.09421 -4.09612 -4.09768 -4.09944 -4.10113 -4.10281 -4.10443 -4.10603 -4.1076 -4.10917 -4.11076 -4.11236 -4.11395 -4.11554 -4.11709 -4.11857 -4.11996 -4.12124 -4.12239 -4.1234 -4.12428 -4.12501 -4.12558 -4.12597 -4.12617 -4.12618 -4.12597 -4.12553 -4.12488 -4.12402 -4.12295 -4.1217 -4.1203 -4.11876 -4.11709 -4.1153 -4.1134 -4.11142 -4.10939 -4.10735 -4.10534 -4.10342 -4.10165 -4.10008 -4.09877 -4.09768 -4.09693 -4.09625 -4.09623 -4.09516 -4.09714 -4.09141 nan nan nan nan nan nan nan nan nan nan nan nan nan nan nan nan nan nan nan nan nan nan nan 
nan nan nan nan nan nan nan nan nan nan nan nan nan nan nan nan nan nan nan nan nan nan nan nan nan -4.09571 -4.09149 -4.09523 -4.09589 -4.09768 -4.09894 -4.10027 -4.10145 -4.10258 -4.10368 -4.10481 -4.10599 -4.10721 -4.10846 -4.10974 -4.11104 -4.1123 -4.11347 -4.11455 -4.11552 -4.11638 -4.11715 -4.1178 -4.11834 -4.11873 -4.11897 -4.11903 -4.11889 -4.11855 -4.118 -4.11725 -4.11631 -4.11521 -4.11398 -4.11265 -4.11122 -4.10968 -4.10802 -4.10627 -4.10448 -4.10269 -4.10093 -4.09927 -4.09781 -4.0966 -4.09576 -4.09509 -4.09522 -4.09447 -4.09716 -4.09202 nan nan nan nan nan nan nan nan nan nan nan nan nan nan nan nan nan nan nan nan nan nan nan nan nan 
nan nan nan nan nan nan nan nan nan nan nan nan nan nan nan nan nan nan nan nan nan nan nan nan nan nan nan -4.09831 -4.09389 -4.09734 -4.09757 -4.09879 -4.09941 -4.10008 -4.10064 -4.10128 -4.10208 -4.10292 -4.10382 -4.10481 -4.10589 -4.10697 -4.10796 -4.10883 -4.10961 -4.11032 -4.11098 -4.11157 -4.11209 -4.1125 -4.11279 -4.11292 -4.11288 -4.11264 -4.11219 -4.11153 -4.11069 -4.10971 -4.10864 -4.10751 -4.10634 -4.10505 -4.10361 -4.10206 -4.10047 -4.09891 -4.09732 -4.09581 -4.09462 -4.09362 -4.09349 -4.0926 -4.09531 -4.09012 nan nan nan nan nan nan nan nan nan nan nan nan nan nan nan nan nan nan nan nan nan nan nan nan nan nan nan 
nan nan nan nan nan nan nan nan nan nan nan nan nan nan nan nan nan nan nan nan nan nan nan nan nan nan nan nan nan -4.10109 -4.09614 -4.0988 -4.09825 -4.09858 -4.09841 -4.09852 -4.09902 -4.09946 -4.09997 -4.10069 -4.10163 -4.10261 -4.10343 -4.10408 -4.10465 -4.10519 -4.10574 -4.10629 -4.10681 -4.10726 -4.10763 -4.10786 -4.10793 -4.1078 -4.10745 -4.10688 -4.1061 -4.10518 -4.10422 -4.10331 -4.10246 -4.10147 -4.10022 -4.09877 -4.09733 -4.09606 -4.09452 -4.09294 -4.09213 -4.09069 -4.0929 -4.08738 nan nan nan nan nan nan nan nan nan nan nan nan nan nan nan nan nan nan nan nan nan nan nan nan nan nan nan nan nan 
nan nan nan nan nan nan nan nan nan nan nan nan nan nan nan nan nan nan nan nan nan nan nan nan nan nan nan nan nan nan nan -4.10291 -4.09715 -4.09849 -4.09684 -4.09626 -4.09695 -4.09684 -4.0968 -4.09726 -4.09821 -4.09932 -4.09996 -4.1003 -4.10059 -4.10094 -4.10139 -4.10191 -4.10246 -4.103 -4.10347 -4.10385 -4.10406 -4.10407 -4.10382 -4.10331 -4.10255 -4.1016 -4.10064 -4.09993 -4.09963 -4.09906 -4.09795 -4.09639 -4.09492 -4.0944 -4.0927 -4.09021 -4.0912 -4.08499 nan nan nan nan nan nan nan nan nan nan nan nan nan nan nan nan nan nan nan nan nan nan nan nan nan nan nan nan nan nan nan 
nan nan nan nan nan nan nan nan nan nan nan nan nan nan nan nan nan nan nan nan nan nan nan nan nan nan nan nan nan nan nan nan nan -4.10231 -4.09515 -4.09367 -4.09657 -4.09509 -4.09406 -4.09424 -4.09553 -4.09738 -4.09769 -4.09748 -4.09736 -4.09749 -4.09786 -4.0984 -4.09903 -4.09968 -4.1003 -4.10088 -4.1013 -4.10148 -4.10136 -4.1009 -4.10008 -4.09894 -4.09772 -4.09706 -4.09797 -4.0981 -4.09704 -4.09485 -4.09247 -4.09487 -4.09261 -4.08489 nan nan nan nan nan nan nan nan nan nan nan nan nan nan nan nan nan nan nan nan nan nan nan nan nan nan nan nan nan nan nan nan nan 
nan nan nan nan nan nan nan nan nan nan nan nan nan nan nan nan nan nan nan nan nan nan nan nan nan nan nan nan nan nan nan nan nan nan nan nan -4.10147 -4.09382 -4.09105 -4.09103 -4.09317 -4.0979 -4.09683 -4.0955 -4.0948 -4.09471 -4.09506 -4.09569 -4.09646 -4.09728 -4.09808 -4.09896 -4.09967 -4.1001 -4.10016 -4.09977 -4.09884 -4.09727 -4.09515 -4.09351 -4.09798 -4.09927 -4.0982 -4.09445 -4.08614 nan nan nan nan nan nan nan nan nan nan nan nan nan nan nan nan nan nan nan nan nan nan nan nan nan nan nan nan nan nan nan nan nan nan nan nan 
nan nan nan nan nan nan nan nan nan nan nan nan nan nan nan nan nan nan nan nan nan nan nan nan nan nan nan nan nan nan nan nan nan nan nan nan nan nan nan nan nan -4.10508 -4.09719 -4.09383 -4.09256 -4.0924 -4.09289 -4.09373 -4.09476 -4.0958 -4.09667 -4.09812 -4.09923 -4.09998 -4.10032 -4.10012 -4.09918 -4.09711 -4.09305 -4.08471 nan nan nan nan nan nan nan nan nan nan nan nan nan nan nan nan nan nan nan nan nan nan nan nan nan nan nan nan nan nan nan nan nan nan nan nan nan nan nan nan nan 
nan nan nan nan nan nan nan nan nan nan nan nan nan nan nan nan nan nan nan nan nan nan nan nan nan nan nan nan nan nan nan nan nan nan nan nan nan nan nan nan nan nan nan nan nan nan nan nan nan nan -4.09558 nan nan nan nan nan nan nan nan nan nan nan nan nan nan nan nan nan nan nan nan nan nan nan nan nan nan nan nan nan nan nan nan nan nan nan nan nan nan nan nan nan nan nan nan nan nan nan nan nan nan 
