full_tri_n_25b1_0.4b2_0_
-0.0130382655
1.1549349
2000
full_tri_n_25b1_0b2_0.1_
-0.008387476
2.3629773
2100
full_tri_n_50b1_0.4b2_0_
-0.009644836
5.5182195
5400
full_tri_n_50b1_0b2_0.1_
-0.00456007
4.9575267
5900
full_tri_n_25b1_0b2_0_
2.12749e-08
-2.569492
2100
full_tri_n_25b1_0b2_0_
1.2987293e-06
-2.5783904
1000
full_tri_n_25b1_0b2_0_
1.2987293e-06
-2.5783904
1000
full_tri_n_25b1_0b2_0_
1.2987293e-06
-2.5783904
1000
full_tri_n_25b1_0b2_0_
1.2987293e-06
-2.5783904
1000
full_tri_n_25b1_0b2_0_
1.2987293e-06
-2.5783904
1000
full_tri_n_25b1_0b2_0_
1.2987293e-06
-2.5783904
1000
full_tri_n_25b1_0b2_0_
1.2987293e-06
-2.5783904
1000
full_tri_n_25b1_0b2_0_
1.2987293e-06
-2.5783904
1000
full_tri_n_25b1_0b2_0_
1.2987293e-06
-2.5783904
1000
full_tri_n_25b1_0b2_0_
1.2987293e-06
-2.5783904
1000
full_tri_n_25b1_0b2_0_
1.2987293e-06
-2.5783904
1000
full_tri_n_25b1_0b2_0_
1.2987293e-06
-2.5783904
1000
full_tri_n_25b1_0b2_0_
1.2987293e-06
-2.5783904
1000
full_tri_n_25b1_0b2_0_
1.2987293e-06
-2.5783904
1000
full_tri_n_25b1_0b2_0_
-7.114839e-06
-2.5879273
100
full_tri_n_25b1_0b2_0_
-7.114839e-06
-2.5879273
100
full_tri_n_25b1_0b2_0_
-7.114839e-06
-2.5879273
100
full_tri_n_25b1_0b2_0_
-7.114839e-06
-2.5879273
100
full_tri_n_25b1_0b2_0_
-7.114839e-06
-2.5879273
100
full_tri_n_25b1_0b2_0_
-7.114839e-06
-2.5879273
100
full_tri_n_25b1_0b2_0_
-7.114839e-06
-2.5879273
100
full_tri_n_25b1_0b2_0_
-7.114839e-06
-2.5879273
100
full_tri_n_25b1_0b2_0_
-7.114839e-06
-2.5879273
100
full_tri_n_25b1_0b2_0_
-7.114839e-06
-2.5879273
100
full_tri_n_25b1_0b2_0_
-7.114839e-06
-2.5879273
100
full_tri_n_25b1_0b2_0_
-7.114839e-06
-2.5879273
100
full_tri_n_25b1_0b2_0_
-7.114839e-06
-2.5879273
100
full_tri_n_25b1_0b2_0_
-7.114839e-06
-2.5879273
100
full_tri_n_25b1_0b2_0_
-7.114839e-06
-2.5879273
100
full_tri_n_25b1_0b2_0_
-7.1752e-06
-2.587927
100
